   v'->v''           0           1           2           3           4           5           6           7           8           9          10          11          12          13          14          15          16          17          18          19          20
           0 1.4884e-002 7.9819e-002 1.8865e-001 2.6009e-001 2.3273e-001 1.4192e-001 6.0134e-002 1.7679e-002 3.5308e-003 4.5721e-004 3.4933e-005 1.2228e-006 4.2991e-010 2.5734e-008 2.3153e-008 9.1343e-010 6.0708e-009 1.3753e-011 2.1516e-009 1.4650e-009 3.7335e-010
           1 4.3121e-002 1.3955e-001 1.4593e-001 3.3577e-002 1.5470e-002 1.4196e-001 2.1933e-001 1.6483e-001 7.2889e-002 1.9863e-002 3.2726e-003 2.9954e-004 1.2237e-005 7.8371e-008 2.4014e-008 3.3728e-008 8.8004e-009 4.4375e-009 1.3844e-009 3.2561e-009 1.2672e-009
           2 7.1668e-002 1.3185e-001 3.6467e-002 1.7849e-002 1.1107e-001 5.7231e-002 4.2683e-003 1.2544e-001 2.1563e-001 1.5499e-001 5.9457e-002 1.2634e-002 1.3851e-003 6.2049e-005 4.6041e-007 1.8230e-008 2.4936e-008 1.5347e-008 2.4146e-009 1.6244e-009 2.1707e-009
           3 9.0165e-002 8.6076e-002 1.0956e-008 7.2793e-002 4.6661e-002 8.7346e-003 9.8539e-002 4.5793e-002 1.2605e-002 1.5687e-001 2.1746e-001 1.2439e-001 3.5006e-002 4.6585e-003 2.2915e-004 1.6614e-006 1.4746e-008 2.6216e-008 2.4039e-008 6.3961e-009 7.6340e-012
           4 9.5486e-002 4.0736e-002 1.7345e-002 6.5824e-002 3.0721e-004 6.2236e-002 3.3815e-002 1.7669e-002 9.7444e-002 1.9578e-002 4.7818e-002 2.1011e-001 1.9976e-001 7.8064e-002 1.3042e-002 7.4105e-004 6.3617e-006 3.4957e-009 4.7486e-008 1.9682e-008 1.1987e-008
           5 8.9368e-002 1.2886e-002 3.8540e-002 2.9572e-002 1.5728e-002 5.0672e-002 6.7401e-004 6.3500e-002 1.3982e-002 4.1147e-002 8.4236e-002 2.1637e-004 1.2453e-001 2.5055e-001 1.4845e-001 3.3394e-002 2.4395e-003 3.0581e-005 1.1841e-008 1.5482e-008 6.7810e-009
           6 7.4814e-002 1.8091e-003 4.2952e-002 6.0652e-003 3.3341e-002 1.5691e-002 2.2475e-002 3.3623e-002 7.7557e-003 5.8187e-002 7.2390e-004 6.9805e-002 4.8847e-002 2.2192e-002 2.2506e-001 2.4284e-001 8.4224e-002 9.3800e-003 2.4825e-004 1.4749e-006 1.7113e-007
           7 5.2804e-002 1.1790e-005 3.2265e-002 8.6260e-005 2.9470e-002 1.1425e-003 2.8647e-002 5.2707e-003 2.5884e-002 1.6446e-002 1.7570e-002 4.0308e-002 3.5847e-003 7.9168e-002 1.3363e-002 8.8385e-002 2.9773e-001 2.1086e-001 5.2246e-002 4.7171e-003 3.6678e-005
           8 1.4967e-002 1.7974e-004 8.9980e-003 1.4124e-004 8.3716e-003 2.0873e-005 8.7851e-003 9.1362e-005 9.4825e-003 1.0640e-003 9.6622e-003 4.5762e-003 8.0030e-003 1.4188e-002 2.9251e-003 3.7935e-002 5.7235e-003 5.2542e-002 2.2706e-001 3.1171e-001 2.4456e-001
           9 8.1290e-003 1.3610e-004 4.8483e-003 1.2854e-004 4.5015e-003 4.6833e-005 4.7611e-003 6.0120e-006 5.2603e-003 3.2717e-004 5.6377e-003 1.8005e-003 5.2433e-003 6.2816e-003 2.9904e-003 1.8846e-002 3.8567e-004 3.8276e-002 8.0640e-002 1.1714e-002 1.9267e-001
          10 5.5316e-003 1.1912e-004 3.2717e-003 1.2564e-004 3.0271e-003 6.6356e-005 3.2167e-003 1.6791e-006 3.6157e-003 1.1165e-004 4.0247e-003 8.6578e-004 4.0657e-003 3.4287e-003 2.9982e-003 1.1344e-002 7.1409e-005 2.9127e-002 3.0945e-002 3.7393e-003 1.2070e-001
          11 3.7354e-003 9.4604e-005 2.1946e-003 1.0602e-004 2.0234e-003 6.6498e-005 2.1547e-003 9.0493e-006 2.4475e-003 3.7353e-005 2.7902e-003 4.3366e-004 2.9644e-003 1.9225e-003 2.5114e-003 6.8325e-003 4.1913e-004 2.0011e-002 1.1826e-002 1.2148e-002 5.2351e-002
          12 2.5640e-003 7.2002e-005 1.4989e-003 8.3558e-005 1.3781e-003 5.7397e-005 1.4687e-003 1.2851e-005 1.6790e-003 1.3035e-005 1.9426e-003 2.3517e-004 2.1285e-003 1.1442e-003 1.9516e-003 4.2794e-003 5.8333e-004 1.3542e-002 4.9010e-003 1.3320e-002 2.2886e-002
