   v'->v''           0           1           2           3           4           5           6           7           8           9          10          11          12          13          14          15          16          17          18          19          20          21          22          23          24
           0 9.9993e-001 6.6911e-005 7.3249e-007 4.8945e-008 4.9921e-010 9.0500e-011 2.5641e-009 2.8485e-009 1.1342e-009 5.9355e-010 2.5048e-010 1.1787e-010 8.4600e-011 7.3563e-011 2.9907e-010 1.2200e-010 1.3105e-012 9.9508e-011 1.5081e-010 9.4400e-011 2.8620e-011 2.0308e-012 1.2566e-012 5.0721e-012 5.2211e-012
           1 6.7015e-005 9.9979e-001 1.4435e-004 1.2739e-006 1.4099e-007 3.4033e-008 5.4837e-009 3.6205e-008 2.9198e-009 5.5724e-009 1.4109e-009 8.5370e-010 7.9239e-010 9.2163e-010 6.2980e-011 1.1050e-009 7.4149e-010 2.2196e-011 2.2649e-010 5.4770e-010 4.7315e-010 2.3284e-010 6.9300e-011 1.0366e-011 2.2847e-013
           2 5.9654e-007 1.4480e-004 9.9960e-001 2.4754e-004 4.4911e-006 2.1958e-008 1.8533e-007 1.0651e-007 6.7463e-008 7.0006e-010 2.1754e-009 6.8335e-010 6.9754e-012 2.5787e-009 1.0353e-009 2.3890e-010 1.3329e-009 5.5399e-010 1.9569e-012 3.5943e-010 5.6765e-010 3.9557e-010 1.6612e-010 4.4673e-011 7.5146e-012
           3 2.7238e-008 9.2522e-007 2.4860e-004 9.9949e-001 2.3245e-004 2.6591e-005 8.4923e-007 1.7865e-015 5.2381e-007 5.1918e-009 2.9603e-008 1.9818e-008 7.4014e-012 7.7151e-009 4.4526e-009 2.7400e-011 5.6127e-010 2.0346e-010 3.6250e-011 2.9973e-010 2.8383e-010 1.0635e-010 1.1409e-011 1.4000e-012 8.4585e-012
           4 2.5260e-009 8.7380e-008 3.6407e-006 2.3414e-004 9.9962e-001 5.7039e-005 7.9628e-005 1.0787e-007 2.3696e-006 2.9986e-007 5.5539e-007 3.2901e-008 1.0911e-007 8.6692e-008 2.8633e-010 3.1597e-008 1.6642e-008 4.6974e-010 1.5388e-009 1.9702e-009 5.9815e-010 1.8405e-011 5.2776e-011 1.1935e-010 9.6845e-011
           5 1.6584e-008 7.5185e-008 9.0987e-008 2.5563e-005 5.7948e-005 9.9983e-001 3.5435e-007 6.2223e-005 2.0878e-005 2.6807e-006 1.8277e-006 3.9312e-007 1.3534e-006 6.8547e-008 1.9103e-007 1.9936e-007 2.6719e-008 4.9330e-009 2.9257e-008 3.0243e-008 1.6901e-008 5.7353e-009 9.4498e-010 4.9980e-012 1.0017e-010
           6 9.3280e-009 1.0590e-008 3.2449e-007 1.1803e-006 7.9798e-005 2.5234e-007 9.9983e-001 3.3047e-005 1.2546e-006 3.8043e-005 3.6658e-006 3.4157e-006 2.2379e-006 3.4146e-007 1.4574e-006 4.2544e-007 1.6082e-009 1.9033e-007 2.5796e-007 1.3751e-007 2.7711e-008 3.8141e-011 1.1800e-008 2.0863e-008 1.7332e-008
           7 3.2523e-011 2.3011e-012 5.8744e-009 4.9988e-009 2.2364e-008 6.3818e-005 3.3127e-005 9.9951e-001 3.6745e-004 2.5498e-007 4.9840e-006 1.3357e-005 6.5060e-007 2.0941e-006 1.3813e-006 2.0774e-009 5.6892e-007 7.7409e-007 2.9131e-007 1.0451e-008 4.2376e-008 1.1653e-007 1.2442e-007 9.0211e-008 4.9517e-008
           8 7.3281e-010 1.9574e-009 5.7841e-011 3.0862e-007 2.1634e-006 1.8955e-005 1.2329e-006 3.6973e-004 9.9933e-001 2.3716e-004 2.7440e-005 1.5143e-006 5.2736e-006 3.1241e-006 1.5728e-008 7.4609e-007 5.9797e-007 5.2323e-008 1.0492e-007 3.2921e-007 2.8719e-007 1.3788e-007 4.2191e-008 7.9114e-009 6.8874e-010
           9 1.1842e-009 3.1873e-010 3.2081e-008 7.5620e-008 1.3050e-007 2.7065e-006 3.7414e-005 7.7434e-008 2.3929e-004 9.9955e-001 1.1954e-004 4.0250e-005 1.2944e-006 2.9178e-006 4.7598e-006 8.6474e-007 5.0092e-008 8.1716e-007 7.5235e-007 1.6384e-007 2.3166e-009 9.3969e-008 1.5079e-007 1.3282e-007 8.1978e-008
          10 6.2500e-010 2.8933e-009 9.7616e-010 1.0323e-007 9.3719e-007 2.2098e-006 3.7294e-006 4.5588e-006 2.6510e-005 1.2269e-004 9.9972e-001 3.7323e-005 7.4451e-005 4.8011e-006 7.0638e-007 2.1599e-006 1.3129e-006 6.2461e-007 1.7279e-009 3.0498e-007 4.5759e-007 2.6996e-007 9.9136e-008 2.6172e-008 5.2067e-009
          11 5.4369e-010 1.0003e-011 1.2661e-008 3.0499e-008 2.3678e-010 6.3578e-007 4.5295e-006 1.3326e-005 1.3017e-006 3.9932e-005 3.8642e-005 9.9981e-001 2.4126e-006 7.5112e-005 6.6644e-006 1.2023e-006 1.4277e-006 1.3551e-006 1.2229e-006 3.4908e-007 1.2467e-009 7.8539e-008 1.4830e-007 1.3856e-007 8.8811e-008
          12 1.2966e-009 1.1093e-009 2.3607e-009 1.0766e-008 1.2159e-007 1.0033e-006 1.5444e-006 4.0080e-007 5.5187e-006 1.0479e-006 7.5173e-005 2.5660e-006 9.9976e-001 2.9783e-005 1.0431e-004 1.1836e-005 2.1767e-006 8.8794e-007 5.9954e-007 7.3594e-007 5.6565e-007 2.8548e-007 1.0365e-007 2.5757e-008 3.8591e-009
          13 1.2697e-010 3.3531e-010 1.7155e-009 9.1077e-009 3.0550e-008 7.5623e-008 1.4878e-007 1.7966e-006 2.2225e-006 3.0830e-006 4.5755e-006 7.5647e-005 3.0454e-005 9.9953e-001 1.9599e-004 1.3831e-004 1.4325e-005 1.8513e-006 1.1556e-006 5.1384e-007 5.6927e-007 5.1455e-007 3.4670e-007 2.0919e-007 1.1079e-007
          14 2.1627e-010 7.7121e-011 1.5247e-009 2.2827e-011 5.9831e-012 1.0146e-007 1.3574e-006 1.7359e-006 8.1195e-009 3.7277e-006 8.9992e-007 6.9178e-006 1.0173e-004 2.0457e-004 9.9868e-001 8.0467e-004 1.5802e-004 2.7260e-005 2.5279e-006 1.2046e-006 5.5999e-007 6.3907e-007 5.5997e-007 3.2741e-007 1.5138e-007
          15 4.4703e-010 2.6408e-010 8.7029e-011 6.0745e-010 6.3618e-009 2.1459e-007 6.6830e-007 4.9943e-009 1.0982e-006 1.4145e-006 1.1664e-006 1.4121e-006 1.3748e-005 1.2605e-004 8.3708e-004 9.9695e-001 1.8637e-003 1.4446e-004 5.0229e-005 7.0299e-006 1.7700e-006 2.0307e-007 1.5443e-007 2.2756e-007 1.8287e-007
          16 1.3129e-010 3.7181e-011 1.2931e-009 1.2361e-010 9.5755e-009 6.6151e-008 1.8275e-010 6.5544e-007 7.2354e-007 1.2112e-007 2.1273e-006 7.7678e-007 2.6351e-006 1.8506e-005 1.2133e-004 1.9352e-003 9.9432e-001 3.4035e-003 1.1097e-004 6.1931e-005 1.3549e-005 3.5360e-006 6.1630e-007 1.9097e-007 1.0376e-007
          17 4.1879e-012 4.1993e-011 7.1165e-010 1.2151e-009 5.8129e-009 6.9163e-010 2.5655e-007 7.6228e-007 1.7792e-008 9.4769e-007 4.4527e-007 1.8896e-006 5.0049e-007 2.8747e-006 3.5598e-005 7.7476e-005 3.5119e-003 9.9008e-001 6.1228e-003 5.1237e-005 7.2341e-005 2.3239e-005 8.7619e-006 2.2894e-006 6.0150e-007
          18 1.1646e-010 1.4579e-010 5.8404e-012 7.7520e-010 1.0860e-009 3.7811e-008 3.2481e-007 2.6933e-007 1.1382e-007 6.2996e-007 3.5082e-009 1.0182e-006 8.3485e-007 5.2136e-007 5.3160e-006 5.9771e-005 2.3493e-005 6.2158e-003 9.8367e-001 9.8833e-003 3.7386e-006 6.6772e-005 3.0188e-005 1.5527e-005 5.8812e-006
          19 1.6469e-010 1.0494e-010 2.7333e-010 3.9861e-011 7.0075e-011 4.7879e-008 1.4172e-007 1.7517e-008 2.3684e-007 1.6644e-007 1.6015e-007 2.6740e-007 5.9027e-007 8.6780e-007 6.2499e-007 1.5164e-005 6.3581e-005 4.4009e-006 9.7905e-003 9.7488e-001 1.5067e-002 4.1465e-005 3.5697e-005 2.9759e-005 1.7358e-005
          20 1.0541e-010 2.3177e-011 5.4554e-010 1.3976e-010 1.0570e-009 2.6001e-008 2.1590e-008 1.7783e-008 2.1294e-007 5.1563e-009 2.7610e-007 2.8437e-008 3.9072e-007 5.4109e-007 8.9554e-007 1.6383e-006 2.5952e-005 5.0548e-005 1.4019e-004 1.4371e-002 9.6331e-001 2.1638e-002 3.4087e-004 8.9319e-007 8.3206e-006
          21 3.6066e-011 3.6664e-013 4.3717e-010 4.0169e-010 1.4815e-009 7.4770e-009 2.3744e-010 7.0972e-008 1.3482e-007 2.5979e-008 2.6768e-007 9.4686e-009 2.9749e-007 2.8176e-007 7.2022e-007 6.0032e-007 5.3883e-006 3.7363e-005 1.6138e-005 6.3837e-004 1.9526e-002 9.4909e-001 2.9272e-002 1.2392e-003 7.4268e-005
          22 4.5246e-012 1.7568e-011 2.1298e-010 4.0581e-010 1.1041e-009 8.1930e-010 9.4959e-009 9.0389e-008 6.6305e-008 8.0790e-008 1.7715e-007 7.3425e-008 1.7917e-007 2.2936e-007 3.6602e-007 3.5050e-007 1.7097e-006 1.3331e-005 3.1180e-005 6.8110e-006 1.7252e-003 2.4342e-002 9.3282e-001 3.6818e-002 3.0702e-003
          23 1.6018e-013 3.1369e-011 7.1087e-011 2.6382e-010 5.8251e-010 1.6257e-011 1.4387e-008 7.4967e-008 2.6185e-008 9.6500e-008 8.6996e-008 1.0957e-007 7.5289e-008 1.9945e-007 1.9075e-007 1.7176e-007 6.9341e-007 5.1366e-006 1.8906e-005 7.9227e-006 1.7993e-004 3.5236e-003 2.7156e-002 9.1665e-001 4.0947e-002
          24 1.9198e-012 2.6043e-011 1.7100e-011 1.2514e-010 2.3601e-010 2.3200e-010 1.0758e-008 4.4004e-008 8.3771e-009 6.8122e-008 3.2998e-008 8.3894e-008 2.2822e-008 1.2742e-007 9.8471e-008 7.6924e-008 2.5597e-007 1.9903e-006 8.6747e-006 9.0055e-006 1.4215e-005 7.0442e-004 5.2369e-003 2.5080e-002 9.0178e-001
