   v'->v''           0           1           2           3           4           5           6           7           8           9          10          11          12          13          14          15          16          17          18          19          20
           0 3.6529e-002 1.5389e-001 2.7584e-001 2.7639e-001 1.7058e-001 6.7128e-002 1.6809e-002 2.5757e-003 2.1817e-004 7.8892e-006 3.9268e-008 1.2371e-008 1.9912e-008 9.7713e-009 2.0580e-012 3.7526e-009 2.3435e-011 1.3923e-009 1.0579e-009 1.6668e-010 7.0806e-013
           1 8.9908e-002 1.8761e-001 8.4770e-002 3.0094e-003 1.4034e-001 2.4462e-001 1.7240e-001 6.3461e-002 1.2652e-002 1.2605e-003 4.7274e-005 1.6176e-007 2.0286e-008 2.8561e-009 1.4962e-009 1.5897e-009 2.9538e-010 4.1873e-010 3.7849e-010 3.3526e-011 2.1213e-012
           2 1.2900e-001 1.1116e-001 3.4746e-004 1.0945e-001 7.8770e-002 4.7216e-003 1.5864e-001 2.3720e-001 1.3235e-001 3.4279e-002 3.9255e-003 1.3759e-004 1.2458e-008 1.4355e-007 6.0265e-009 7.6868e-009 2.7636e-009 3.6479e-009 3.6353e-011 1.0957e-009 7.0725e-010
           3 1.4198e-001 3.3526e-002 4.7711e-002 7.8171e-002 3.8269e-003 1.1184e-001 3.6113e-002 4.3092e-002 2.2495e-001 2.0189e-001 6.7946e-002 8.6686e-003 2.4805e-004 1.3253e-006 3.5973e-007 7.7177e-009 5.0451e-009 2.3648e-009 2.9204e-009 1.5711e-010 4.4863e-011
           4 1.3379e-001 1.4298e-003 8.1649e-002 9.0667e-003 6.5919e-002 3.5787e-002 3.6753e-002 1.0066e-001 7.6772e-007 1.5743e-001 2.5200e-001 1.1024e-001 1.4985e-002 2.6582e-004 1.5149e-005 2.7269e-007 1.0343e-007 3.7145e-008 7.5485e-011 3.1376e-009 1.8193e-009
           5 1.1424e-001 6.0360e-003 6.7092e-002 6.4226e-003 6.5997e-002 3.0302e-003 7.8822e-002 1.7472e-004 9.7122e-002 2.8032e-002 8.0469e-002 2.7559e-001 1.5581e-001 2.1023e-002 1.0259e-004 6.0474e-005 5.2454e-007 2.4660e-007 1.3553e-007 2.8076e-008 4.5596e-009
           6 9.1400e-002 2.4882e-002 3.3897e-002 3.5741e-002 2.1534e-002 4.2692e-002 2.0741e-002 4.7268e-002 3.1877e-002 4.6401e-002 7.4193e-002 2.6703e-002 2.7916e-001 1.9965e-001 2.3695e-002 3.4079e-005 1.1202e-004 1.3834e-005 3.6720e-007 5.7981e-008 8.4279e-008
           7 7.0023e-002 4.2454e-002 9.0710e-003 5.1878e-002 1.5538e-004 5.3740e-002 1.5947e-003 5.6295e-002 5.0908e-003 6.6403e-002 6.6830e-003 9.8137e-002 3.3762e-003 2.7690e-001 2.3741e-001 1.9672e-002 1.0423e-003 4.6863e-005 4.8814e-005 1.2877e-005 2.4402e-006
           8 5.2119e-002 5.2713e-002 1.5414e-004 4.6051e-002 9.2506e-003 2.9319e-002 2.6941e-002 1.5042e-002 4.4313e-002 6.2568e-003 6.2694e-002 2.0924e-003 9.2829e-002 3.2911e-004 2.8475e-001 2.6260e-001 8.4444e-003 3.9202e-003 1.2026e-004 9.4305e-006 1.6426e-005
           9 3.8074e-002 5.5477e-002 3.0537e-003 2.9368e-002 2.6320e-002 5.8422e-003 4.1626e-002 3.6123e-004 4.2208e-002 1.1039e-002 3.3206e-002 3.3670e-002 2.0004e-002 7.1319e-002 3.3100e-003 3.1839e-001 2.5948e-001 1.7290e-005 5.1011e-003 1.6092e-003 2.9069e-004
          10 2.7504e-002 5.2862e-002 1.1120e-002 1.3400e-002 3.5310e-002 2.4919e-004 3.1980e-002 1.5217e-002 1.3305e-002 3.7077e-002 4.5728e-004 4.8321e-002 8.3547e-003 3.9002e-002 4.7968e-002 2.8539e-003 3.9261e-001 1.9750e-001 1.9394e-002 1.4146e-004 1.0163e-003
          11 1.9760e-002 4.7242e-002 1.9430e-002 3.5393e-003 3.3590e-002 7.5513e-003 1.4128e-002 2.9528e-002 3.8038e-005 3.3427e-002 1.2399e-002 1.5077e-002 4.0193e-002 8.7589e-006 4.7918e-002 2.9554e-002 4.1295e-005 5.0086e-001 6.9040e-002 5.5893e-002 1.1509e-002
          12 1.4177e-002 4.0438e-002 2.5528e-002 8.4282e-005 2.5462e-002 1.7351e-002 2.4442e-003 2.9671e-002 6.6748e-003 1.3518e-002 2.9355e-002 3.4922e-005 3.1134e-002 2.1467e-002 4.1699e-003 4.6966e-002 1.5971e-002 1.8650e-002 5.5256e-001 5.1684e-003 1.2317e-002
          13 1.0189e-002 3.3608e-002 2.8773e-002 1.0380e-003 1.5946e-002 2.3285e-002 1.8169e-004 2.0063e-002 1.7873e-002 1.1355e-003 2.7426e-002 1.0559e-002 7.2191e-003 3.3182e-002 6.7017e-003 1.1229e-002 4.1295e-002 4.5430e-003 1.1804e-001 3.2612e-001 1.2452e-001
          14 7.3511e-003 2.7372e-002 2.9489e-002 4.1009e-003 8.1477e-003 2.4024e-002 3.8848e-003 9.3247e-003 2.2957e-002 1.4838e-003 1.4478e-002 2.1998e-002 1.7437e-004 1.9507e-002 2.3758e-002 6.2024e-004 1.4902e-002 3.8220e-002 2.5657e-003 2.8818e-001 2.3514e-003
          15 5.3314e-003 2.1983e-002 2.8347e-002 7.5467e-003 3.1277e-003 2.1002e-002 9.0828e-003 2.4236e-003 2.0753e-002 7.9115e-003 3.7179e-003 2.2349e-002 7.2657e-003 4.2150e-003 2.4012e-002 1.2249e-002 2.4110e-004 1.3184e-002 5.0446e-002 6.7077e-002 1.3555e-001
          16 3.8882e-003 1.7474e-002 2.6021e-002 1.0376e-002 6.6267e-004 1.6279e-002 1.2957e-002 4.9716e-005 1.4759e-002 1.3533e-002 2.4457e-005 1.5056e-002 1.4991e-002 6.0081e-005 1.2787e-002 1.9728e-002 4.5926e-003 1.3743e-003 5.8302e-003 1.2264e-001 1.2380e-001
          17 2.8513e-003 1.3784e-002 2.3067e-002 1.2171e-002 7.5747e-007 1.1462e-002 1.4587e-002 6.9986e-004 8.5398e-003 1.5549e-002 1.5193e-003 7.0382e-003 1.6896e-002 3.7487e-003 3.2703e-003 1.6468e-002 1.2272e-002 1.2504e-003 2.2783e-003 2.4089e-003 2.7324e-001
          18 2.1001e-003 1.0797e-002 1.9878e-002 1.2883e-002 3.3858e-004 7.4272e-003 1.4233e-002 2.5416e-003 3.9590e-003 1.4351e-002 4.6706e-003 1.9794e-003 1.3930e-002 8.4275e-003 3.4895e-005 9.0199e-003 1.4000e-002 6.1692e-003 3.3880e-004 7.4127e-003 1.1814e-001
          19 1.5438e-003 8.3569e-003 1.6632e-002 1.2593e-002 1.0356e-003 4.4422e-003 1.2544e-002 4.2640e-003 1.3437e-003 1.1423e-002 7.0780e-003 1.2092e-004 9.2472e-003 1.0563e-002 1.0348e-003 3.2094e-003 1.0854e-002 9.0433e-003 2.7176e-003 1.0325e-003 8.6654e-002
          20 1.1224e-003 6.3389e-003 1.3432e-002 1.1448e-002 1.6537e-003 2.4557e-003 1.0187e-002 5.1989e-003 2.4561e-004 8.1340e-003 7.8773e-003 1.8368e-004 5.1497e-003 9.9679e-003 3.0268e-003 5.3913e-004 6.5262e-003 8.6385e-003 4.7167e-003 7.8311e-004 3.7458e-002
          21 8.0737e-004 4.7170e-003 1.0503e-002 9.7901e-003 1.9834e-003 1.2721e-003 7.7907e-003 5.2777e-003 4.9491e-007 5.3661e-003 7.3465e-003 8.3377e-004 2.4837e-003 7.9744e-003 4.2178e-003 1.0377e-006 3.2483e-003 6.5605e-003 5.1007e-003 2.2563e-003 5.7033e-003
          22 5.4455e-004 3.2648e-003 7.5448e-003 7.5086e-003 1.8849e-003 6.0193e-004 5.4065e-003 4.4768e-003 6.8540e-005 3.2130e-003 5.7859e-003 1.2419e-003 1.0218e-003 5.4751e-003 4.0865e-003 2.2962e-004 1.3392e-003 4.1587e-003 4.1093e-003 2.2242e-003 4.8664e-003
          23 3.2757e-004 1.9992e-003 4.7392e-003 4.9276e-003 1.4108e-003 2.6090e-004 3.2831e-003 3.1085e-003 1.3311e-004 1.7208e-003 3.7942e-003 1.1335e-003 3.6816e-004 3.2196e-003 2.9932e-003 3.9065e-004 4.7497e-004 2.2573e-003 2.6412e-003 1.6589e-003 2.1846e-004
          24 1.3392e-004 8.2539e-004 1.9840e-003 2.1123e-003 6.4705e-004 8.5345e-005 1.3441e-003 1.3687e-003 8.5723e-005 6.5056e-004 1.6150e-003 5.6530e-004 1.0242e-004 1.2826e-003 1.3420e-003 2.4029e-004 1.2957e-004 8.5114e-004 1.0995e-003 7.4726e-004 2.7286e-004
          25 6.4698e-006 3.9954e-005 9.6312e-005 1.0303e-004 3.1985e-005 3.9215e-006 6.4926e-005 6.7099e-005 4.4974e-006 3.0889e-005 7.8616e-005 2.8373e-005 4.5156e-006 6.1559e-005 6.5977e-005 1.2501e-005 5.6811e-006 4.0352e-005 5.3226e-005 3.6739e-005 1.4706e-005
