   v'->v''           0           1           2           3           4           5           6           7           8           9          10          11          12          13          14          15          16          17          18          19          20          21          22          23          24          25          26
           0 8.9040e-001 1.0698e-001 2.5999e-003 1.1915e-005 9.1433e-010 2.5046e-008 1.3019e-009 1.7511e-008 9.3271e-009 3.7860e-009 2.3137e-009 3.3496e-010 1.2311e-009 5.2591e-010 2.6363e-010 9.8945e-010 3.2964e-010 7.4762e-012 2.4850e-010 3.4340e-010 2.3553e-010 1.1411e-010 4.6748e-011 2.4727e-011 1.8612e-011 1.2797e-011 8.0474e-012
           1 9.7816e-002 6.9052e-001 2.0340e-001 8.2160e-003 5.0399e-005 3.6633e-008 2.9194e-009 7.6409e-009 6.1155e-009 3.4121e-010 5.5984e-010 1.3168e-009 7.9131e-010 2.9003e-011 2.4844e-011 1.9468e-011 1.4293e-011 3.0705e-011 4.8829e-011 4.4245e-011 2.6058e-011 1.1636e-011 4.5566e-012 2.3543e-012 1.7412e-012 1.1806e-012 7.3500e-013
           2 1.0343e-002 1.6912e-001 5.1631e-001 2.8690e-001 1.7161e-002 1.5723e-004 6.5455e-007 1.8663e-008 1.3569e-008 5.5790e-008 6.8652e-009 4.7866e-012 2.3950e-010 5.0661e-009 3.1774e-009 1.8697e-010 1.5824e-009 3.4088e-010 9.3906e-011 5.0786e-010 4.7340e-010 2.5171e-010 1.0571e-010 5.6279e-011 4.2463e-011 2.9214e-011 1.8366e-011
           3 1.2375e-003 2.7877e-002 2.1461e-001 3.6698e-001 3.5828e-001 3.0592e-002 4.3148e-004 3.1058e-006 4.1848e-012 1.0848e-007 1.2268e-008 3.1232e-011 1.3958e-008 7.2192e-011 1.5862e-008 8.5924e-009 2.8226e-011 9.2740e-010 4.5591e-010 1.9399e-011 1.8234e-011 3.2459e-011 1.9676e-011 1.2137e-011 1.0082e-011 7.4361e-012 4.8962e-012
           4 1.6684e-004 4.5206e-003 4.9733e-002 2.3883e-001 2.4060e-001 4.1565e-001 4.9493e-002 9.9224e-004 5.2348e-006 3.0598e-007 8.7870e-008 8.3279e-009 2.9191e-008 2.3153e-008 1.5826e-008 1.9429e-009 5.3939e-009 9.8176e-010 1.4564e-010 3.0254e-010 5.4332e-010 4.6462e-010 2.5150e-010 1.5165e-010 1.2514e-010 9.2263e-011 6.0863e-011
           5 2.7897e-005 7.8396e-004 1.0469e-002 7.3349e-002 2.4488e-001 1.3980e-001 4.5554e-001 7.3308e-002 1.8520e-003 5.5834e-006 7.1951e-007 9.3765e-009 7.0897e-009 7.4654e-008 3.6487e-009 8.4483e-009 2.1345e-010 4.1168e-010 1.8612e-010 4.3288e-010 8.2978e-011 3.3623e-013 1.1863e-011 1.3986e-011 1.6520e-011 1.5356e-011 1.1693e-011
           6 4.6490e-006 1.5314e-004 2.2105e-003 1.9089e-002 9.5975e-002 2.3294e-001 6.7589e-002 4.7712e-001 1.0176e-001 3.1464e-003 5.5920e-006 1.4879e-006 1.3249e-008 2.4314e-009 1.2317e-007 1.3807e-009 1.0437e-009 7.4135e-010 1.4311e-010 8.7539e-010 1.9639e-009 1.3849e-009 6.4538e-010 3.5831e-010 2.7772e-010 1.9473e-010 1.2395e-010
           7 7.1552e-007 3.1747e-005 5.0453e-004 4.8561e-003 3.0073e-002 1.1547e-001 2.0513e-001 2.2718e-002 4.8150e-001 1.3479e-001 4.9103e-003 3.7072e-006 2.1077e-006 1.5642e-007 1.7527e-012 6.0441e-008 1.2979e-008 7.2163e-009 5.1287e-009 8.3609e-010 1.4338e-011 2.0156e-010 1.6515e-010 1.1358e-010 1.0106e-010 7.8276e-011 5.3229e-011
           8 1.6120e-007 7.1089e-006 1.2128e-004 1.2703e-003 8.9772e-003 4.2765e-002 1.2906e-001 1.6735e-001 2.2766e-003 4.6927e-001 1.7168e-001 7.2335e-003 1.0781e-006 2.9638e-006 3.5996e-007 7.0483e-008 5.7656e-008 1.4074e-008 5.8344e-009 1.2779e-008 1.1832e-008 5.9762e-009 2.3763e-009 1.2222e-009 8.9677e-010 6.0269e-010 3.7242e-010
           9 5.5747e-008 1.8219e-006 3.1648e-005 3.4983e-004 2.7183e-003 1.4670e-002 5.6383e-002 1.3439e-001 1.2426e-001 2.2059e-003 4.4280e-001 2.1204e-001 1.0124e-002 2.6677e-007 3.6043e-006 7.0029e-007 1.7868e-007 7.6114e-009 2.0986e-009 1.3295e-009 6.0399e-009 7.1670e-009 4.2835e-009 2.6716e-009 2.2471e-009 1.6768e-009 1.1140e-009
          10 1.3556e-008 4.7521e-007 9.4075e-006 1.0416e-004 8.4204e-004 5.0645e-003 2.2013e-002 6.9145e-002 1.3013e-001 8.1550e-002 1.7442e-002 4.0417e-001 2.5588e-001 1.3641e-002 9.4956e-006 3.0572e-006 1.6847e-006 3.3347e-007 3.5786e-010 1.2088e-009 7.5110e-009 3.8120e-009 1.1484e-009 4.6386e-010 2.6823e-010 1.4246e-010 7.2117e-011
          11 1.1030e-009 1.1065e-007 2.9516e-006 3.3620e-005 2.7571e-004 1.7809e-003 8.4883e-003 3.0662e-002 7.9203e-002 1.1617e-001 4.4169e-002 4.2547e-002 3.5541e-001 3.0327e-001 1.7959e-002 3.2285e-005 1.5494e-010 4.6498e-006 1.2320e-006 1.9905e-008 2.1676e-013 4.5573e-010 6.4519e-010 5.1669e-010 4.9697e-010 4.0272e-010 2.8071e-010
          12 2.9083e-011 2.7318e-008 8.8561e-007 1.1507e-005 9.7628e-005 6.4841e-004 3.3216e-003 1.3145e-002 3.9773e-002 8.3789e-002 9.3054e-002 1.6254e-002 7.1933e-002 2.9687e-001 3.5608e-001 2.4961e-002 9.9757e-006 2.9423e-005 5.6744e-006 3.5434e-006 5.7614e-007 1.3842e-007 4.7986e-008 2.4632e-008 1.8461e-008 1.2756e-008 8.0768e-009
          13 2.0437e-010 1.1139e-008 2.6673e-007 4.1249e-006 3.6717e-005 2.4712e-004 1.3309e-003 5.5959e-003 1.8648e-002 4.7088e-002 7.9191e-002 6.2117e-002 1.3878e-003 1.0020e-001 2.1943e-001 4.1902e-001 4.4771e-002 4.4272e-004 4.5826e-004 1.4870e-005 2.5195e-006 6.8961e-007 3.2688e-007 1.9520e-007 1.6101e-007 1.1867e-007 7.8192e-008
          14 1.4995e-010 1.5271e-009 2.1512e-008 3.5404e-007 3.2656e-006 2.2176e-005 1.2352e-004 5.3895e-004 1.8972e-003 5.2741e-003 1.0696e-002 1.3181e-002 5.3758e-003 1.2632e-003 2.8667e-002 1.8136e-002 1.2636e-001 7.1552e-002 6.6119e-002 1.6211e-001 3.1886e-001 1.6441e-001 2.8362e-003 7.1448e-005 1.3877e-005 6.0619e-005 6.4871e-005
          15 4.6393e-010 4.3689e-009 5.9212e-008 9.7345e-007 8.9999e-006 6.1144e-005 3.4136e-004 1.4933e-003 5.2736e-003 1.4747e-002 3.0230e-002 3.8126e-002 1.6801e-002 2.5111e-003 7.7017e-002 6.3390e-002 3.1131e-001 8.2394e-002 4.8341e-003 1.0041e-002 1.5487e-001 1.8229e-001 1.3237e-004 3.2112e-004 5.1547e-004 4.4199e-004 2.9754e-004
          16 8.1146e-011 6.1839e-010 7.4889e-009 1.2207e-007 1.1364e-006 7.7292e-006 4.3452e-005 1.9156e-004 6.8283e-004 1.9420e-003 4.1061e-003 5.5262e-003 2.9840e-003 6.0550e-005 8.7195e-003 1.3221e-002 2.2839e-002 2.8085e-003 5.1424e-002 1.2436e-001 3.7620e-002 3.5908e-001 2.7975e-001 5.1364e-002 1.7782e-002 6.5781e-003 2.6013e-003
          17 5.3920e-011 3.6039e-010 4.0458e-009 6.5211e-008 6.1003e-007 4.1515e-006 2.3453e-005 1.0398e-004 3.7297e-004 1.0730e-003 2.3166e-003 3.2529e-003 1.9866e-003 1.3542e-008 4.1991e-003 8.9267e-003 6.4405e-003 1.0854e-002 4.7118e-002 5.1629e-002 2.6296e-006 2.0961e-002 5.8370e-001 1.5201e-001 3.8005e-002 2.1238e-002 1.0864e-002
          18 1.8625e-011 1.1846e-010 1.2908e-009 2.0684e-008 1.9388e-007 1.3197e-006 7.4699e-006 3.3197e-005 1.1937e-004 3.4501e-004 7.5103e-004 1.0722e-003 6.8587e-004 1.6230e-006 1.2661e-003 3.0497e-003 1.4234e-003 5.0611e-003 1.5628e-002 1.1686e-002 8.2271e-004 3.3778e-003 6.7040e-003 5.0727e-001 3.7044e-001 2.9756e-002 2.1009e-002
