   v'->v''           0           1           2           3           4
           0 9.9647e-001 3.5249e-003 8.6891e-006 8.5262e-010 8.4789e-008
           1 3.5259e-003 9.8765e-001 8.7871e-003 4.1444e-005 3.5385e-008
           2 7.0472e-006 8.7948e-003 9.7409e-001 1.6945e-002 1.6022e-004
           3 2.3810e-008 3.5418e-005 1.7014e-002 9.5437e-001 2.8075e-002
           4 1.9156e-008 5.2684e-011 9.5332e-005 2.8434e-002 9.2615e-001
           5 8.8384e-009 5.3011e-009 1.4600e-007 2.0670e-004 4.5019e-002
           6 1.1162e-008 7.2142e-009 2.6006e-008 8.6454e-009 5.8166e-004
           7 1.4390e-009 1.1163e-010 1.6706e-008 3.2071e-007 9.9537e-006
           8 2.1988e-009 6.4635e-011 1.8750e-008 2.0873e-007 3.2573e-006
           9 1.8929e-009 1.3029e-008 2.5510e-008 1.0159e-007 4.6273e-008
          10 4.3169e-011 9.8016e-009 3.1919e-009 8.8054e-009 2.3289e-007
          11 9.5863e-010 6.3560e-010 3.0273e-008 1.5140e-009 8.3781e-009
          12 2.2142e-010 1.7056e-011 4.2866e-009 1.5613e-013 2.1425e-008
          13 4.8140e-011 1.9147e-012 2.6570e-010 3.8361e-010 1.2518e-010
          14 3.7498e-011 1.4306e-013 4.6602e-011 7.2979e-010 1.9255e-009
          15 1.1039e-010 7.1323e-013 1.1121e-010 2.3501e-009 5.9953e-009
          16 1.6262e-011 3.9713e-013 6.9037e-012 4.5635e-010 9.9767e-010
          17 9.3711e-012 5.0149e-013 1.3614e-012 3.2230e-010 6.0487e-010
          18 3.0377e-012 2.1840e-013 2.1262e-013 1.1380e-010 1.9864e-010
