   v'->v''           0           1           2           3           4           5           6           7           8           9          10          11          12          13          14          15          16          17          18          19          20          21          22          23          24
           0 9.9995e-001 4.3793e-005 1.6678e-006 2.0427e-008 1.0209e-008 1.4798e-008 1.5063e-008 1.6297e-009 2.6242e-009 1.4599e-009 1.0839e-009 4.5889e-010 1.3025e-009 9.4920e-011 3.0638e-010 5.6412e-010 1.7666e-010 7.9107e-013 1.0543e-010 1.7251e-010 1.3385e-010 6.8623e-011 2.6119e-011 7.8003e-012 1.8290e-012
           1 4.4136e-005 9.9970e-001 2.3261e-004 1.7911e-005 1.1322e-006 7.8480e-008 8.5121e-008 2.2417e-008 2.2324e-010 8.5561e-010 1.9058e-010 1.7088e-010 6.9227e-010 8.5298e-012 8.7332e-010 6.9698e-010 2.0466e-011 2.3785e-010 5.5650e-010 4.5930e-010 2.1176e-010 5.6935e-011 6.7134e-012 7.8780e-015 2.2674e-013
           2 1.4785e-006 2.3768e-004 9.9843e-001 1.1985e-003 1.2952e-004 6.6153e-006 8.5241e-008 5.9084e-007 1.6233e-008 7.3749e-009 2.2227e-008 1.9205e-009 7.1901e-009 7.8972e-009 3.2696e-010 1.0206e-009 1.2878e-009 3.0450e-010 5.6756e-013 4.0333e-011 4.0784e-011 1.4680e-011 2.0852e-012 1.7402e-014 3.8489e-014
           3 1.9770e-008 1.4319e-005 1.2575e-003 9.9314e-001 5.0869e-003 4.9506e-004 4.7001e-006 4.7392e-006 2.7195e-007 5.6653e-007 8.1913e-008 4.9393e-008 6.2632e-008 2.1479e-009 4.5448e-009 4.8956e-009 2.0069e-009 8.3439e-010 3.7058e-010 8.4956e-011 1.1082e-012 7.6709e-011 1.5133e-010 1.3423e-010 5.7525e-011
           4 3.8969e-008 4.8469e-007 8.1587e-005 5.4521e-003 9.8020e-001 1.3356e-002 8.9446e-004 2.2701e-006 1.0973e-005 7.2364e-007 4.3563e-007 7.6845e-007 4.1828e-008 4.0089e-008 4.7934e-008 1.9421e-008 4.4011e-009 9.0095e-013 3.0138e-009 6.7595e-009 6.9276e-009 4.7383e-009 2.5065e-009 1.0656e-009 3.2231e-010
           5 2.7785e-009 3.0973e-008 4.3133e-007 1.8494e-004 1.4410e-002 9.6084e-001 2.3451e-002 1.0666e-003 3.3026e-005 7.2049e-006 4.0266e-006 7.5397e-008 7.6404e-007 4.2140e-007 4.4947e-008 1.7987e-010 2.0119e-008 4.2970e-008 3.7099e-008 1.5542e-008 2.5137e-009 7.3599e-012 8.1322e-010 1.0555e-009 4.9679e-010
           6 4.3505e-009 1.4124e-008 5.8702e-007 6.6073e-006 1.0317e-004 2.5161e-002 9.3846e-001 3.5035e-002 1.1307e-003 8.9190e-005 1.2986e-006 6.3112e-006 1.4551e-006 9.6062e-008 4.2651e-007 3.0040e-007 1.2292e-007 1.2409e-008 6.5619e-009 2.9384e-008 3.1862e-008 2.1504e-008 1.1463e-008 5.0567e-009 1.5826e-009
           7 1.3167e-011 2.0299e-008 1.0449e-007 3.6125e-006 6.4033e-005 2.6433e-007 3.6804e-002 9.1373e-001 4.8138e-002 1.0873e-003 1.5890e-004 1.0901e-006 4.8228e-006 4.1094e-006 2.3992e-007 6.0304e-008 2.7185e-007 3.4823e-007 2.1205e-007 6.0161e-008 4.5276e-009 1.0527e-009 4.7287e-009 4.3936e-009 1.8487e-009
           8 2.4362e-009 4.1508e-009 2.4977e-007 5.1806e-007 4.1011e-007 1.2694e-004 2.0935e-004 4.9046e-002 8.8683e-001 6.2546e-002 9.9541e-004 2.2183e-004 1.1516e-005 1.6065e-006 4.5261e-006 1.5532e-006 2.2726e-007 1.1768e-008 2.0325e-007 2.7560e-007 1.9836e-007 1.0766e-007 5.1090e-008 2.1340e-008 6.5452e-009
           9 7.5843e-011 7.9956e-009 2.1370e-010 5.0453e-007 4.0677e-006 7.3264e-006 1.2993e-004 9.5559e-004 6.1357e-002 8.5772e-001 7.8649e-002 8.6271e-004 2.7361e-004 3.4121e-005 1.3704e-008 3.1655e-006 2.5872e-006 1.1866e-006 2.4745e-007 9.4325e-010 4.7031e-008 8.7919e-008 8.1234e-008 5.0714e-008 1.8836e-008
          10 1.5665e-009 1.9242e-009 3.3820e-008 2.5478e-007 7.0292e-008 3.0140e-006 3.6561e-005 7.1770e-005 2.3681e-003 7.3812e-002 8.2611e-001 9.6491e-002 7.3961e-004 2.9000e-004 6.6017e-005 3.9866e-006 9.4378e-007 2.0415e-006 1.9114e-006 1.1332e-006 4.0078e-007 8.5618e-008 9.5081e-009 1.5978e-010 5.9940e-011
          11 1.1647e-010 6.7272e-009 2.6437e-009 1.9771e-009 2.8957e-007 1.9163e-006 1.2425e-008 7.3991e-005 6.5699e-006 4.5677e-003 8.6057e-002 7.9065e-001 1.1757e-001 6.8792e-004 2.6449e-004 1.0356e-004 1.4773e-005 2.5134e-007 5.6558e-007 1.6134e-006 1.5625e-006 9.5526e-007 4.7353e-007 2.0180e-007 6.2545e-008
          12 4.5336e-010 1.9699e-010 1.4494e-009 1.0865e-008 3.0478e-007 1.2836e-007 2.3755e-006 7.4182e-006 8.5742e-005 3.6224e-005 7.6003e-003 9.9077e-002 7.4836e-001 1.4364e-001 8.0994e-004 1.7857e-004 1.5142e-004 2.8992e-005 3.8930e-006 3.9844e-007 1.5183e-007 7.6712e-007 8.0861e-007 4.9029e-007 1.7546e-007
          13 5.2562e-010 2.0245e-009 1.2194e-009 1.3892e-008 9.8937e-008 1.2787e-007 1.5843e-006 2.0413e-007 2.9084e-005 6.0981e-005 3.0745e-004 1.1541e-002 1.1347e-001 6.9234e-001 1.8018e-001 1.7176e-003 1.1852e-005 2.8819e-004 3.3222e-005 1.0875e-005 4.7037e-006 6.9350e-007 8.2323e-009 2.0357e-008 1.7154e-008
          14 2.4513e-011 2.1238e-009 2.8147e-010 9.6438e-009 1.0442e-009 3.6304e-007 1.7620e-007 2.0403e-006 2.6269e-006 4.9219e-005 1.1883e-005 1.0070e-003 1.6383e-002 1.3026e-001 5.8999e-001 2.4857e-001 1.0288e-002 1.6094e-003 1.6623e-003 2.5697e-005 1.0124e-004 4.7936e-007 1.9873e-006 1.9546e-006 6.5428e-007
