   v'->v''           0           1           2           3           4           5
           0 9.9939e-001 6.8602e-005 4.3948e-004 8.6093e-005 9.7013e-006 1.1385e-007
           1 6.5257e-005 9.9834e-001 5.7245e-004 7.9996e-004 1.9095e-004 2.9310e-005
           2 4.6268e-004 5.1235e-004 9.9446e-001 3.1912e-003 9.4671e-004 3.3997e-004
           3 6.7659e-005 9.3842e-004 2.8417e-003 9.8424e-001 1.0355e-002 8.0805e-004
           4 8.2127e-006 1.1898e-004 1.4852e-003 9.0652e-003 9.6220e-001 2.5634e-002
           5 4.1510e-007 1.9574e-005 1.5624e-004 2.3597e-003 2.2112e-002 9.1913e-001
           6 3.1452e-007 1.8981e-006 3.5997e-005 1.8325e-004 3.8897e-003 4.7052e-002
           7 2.7789e-007 6.9515e-008 6.0630e-006 5.5802e-005 1.8669e-004 6.6768e-003
           8 1.0793e-007 1.9025e-007 2.4751e-007 1.4263e-005 6.9976e-005 1.9244e-004
           9 5.5466e-008 1.5797e-007 3.3323e-010 1.9736e-006 2.7368e-005 5.9510e-005
          10 2.7798e-008 1.4539e-007 5.8619e-008 4.3267e-007 7.4931e-006 4.3109e-005
          11 6.0750e-009 1.0269e-007 1.5099e-007 5.4667e-008 2.5053e-006 2.1066e-005
          12 3.5727e-010 3.8226e-008 1.6243e-007 1.6050e-008 8.1423e-007 8.5667e-006
          13 8.3387e-009 3.8069e-009 9.8381e-008 1.0673e-007 1.1910e-007 2.8795e-006
          14 1.5774e-008 1.2510e-009 3.8757e-008 1.2391e-007 5.8325e-010 7.5692e-007
          15 1.6094e-008 7.0330e-009 1.0943e-008 8.2249e-008 3.1875e-008 1.7387e-007
          16 1.2031e-008 9.2365e-009 2.4060e-009 4.4819e-008 4.1781e-008 4.0172e-008
          17 7.5073e-009 8.0190e-009 3.9027e-010 2.4524e-008 3.5261e-008 7.3274e-009
          18 4.2524e-009 5.8391e-009 2.3219e-011 1.4472e-008 2.7405e-008 1.9145e-010
          19 2.2834e-009 3.8553e-009 7.3897e-012 8.7971e-009 2.0325e-008 8.0995e-010
          20 1.2373e-009 2.4527e-009 3.5906e-011 5.3976e-009 1.4384e-008 2.1863e-009
          21 7.2339e-010 1.6135e-009 5.0384e-011 3.4709e-009 1.0226e-008 2.6679e-009
          22 4.4807e-010 1.0900e-009 5.1593e-011 2.3026e-009 7.2910e-009 2.5365e-009
          23 2.6273e-010 6.7911e-010 4.1157e-011 1.4143e-009 4.7070e-009 1.9312e-009
          24 1.1571e-010 3.0981e-010 2.1401e-011 6.3936e-010 2.1900e-009 9.7822e-010
