   v'->v''           0           1           2
           0 9.9511e-001 4.7279e-003 1.4998e-004
           1 4.8546e-003 9.8538e-001 9.3058e-003
           2 3.2985e-005 9.8007e-003 9.7511e-001
           3 1.4410e-006 8.4099e-005 1.5271e-002
           4 5.8369e-008 6.0632e-006 1.5438e-004
           5 2.3194e-009 7.4324e-007 1.0481e-005
           6 8.4865e-009 1.0000e-011 1.5500e-006
           7 8.5995e-010 1.4074e-008 2.3026e-007
           8 2.6452e-010 6.8283e-009 2.8535e-008
           9 1.1386e-010 1.3231e-010 2.0459e-008
          10 1.5763e-009 1.3333e-008 1.5533e-009
          11 1.0272e-009 4.6567e-010 1.8561e-009
          12 2.4996e-011 6.3411e-009 1.5076e-010
          13 1.2722e-010 5.0130e-009 6.8325e-015
          14 1.2306e-010 1.2206e-010 2.3496e-010
          15 2.1954e-011 5.2425e-010 1.3987e-010
          16 3.7032e-013 3.1642e-010 1.8104e-010
          17 1.7462e-013 2.8394e-012 1.2694e-009
          18 3.8101e-012 1.8990e-010 1.5963e-009
          19 9.6509e-012 1.7465e-010 8.6951e-010
          20 9.9700e-012 2.5917e-011 2.0069e-010
          21 5.7033e-012 1.5719e-011 2.0319e-012
          22 1.8874e-012 1.0326e-010 3.8023e-011
          23 2.6944e-013 1.5336e-010 8.0549e-011
          24 1.1250e-015 1.2700e-010 7.1483e-011
          25 5.1188e-015 3.2336e-011 1.8454e-011
          26 2.5046e-015 1.2177e-011 6.9571e-012
