   v'->v''           0           1           2           3           4           5           6           7           8           9          10
           0 9.5537e-001 4.1232e-002 3.0176e-003 3.3192e-004 4.4082e-005 8.6059e-006 1.4630e-006 2.7165e-007 1.1523e-007 5.5993e-008 1.5694e-008
           1 4.4607e-002 8.6973e-001 7.6072e-002 8.1576e-003 1.1760e-003 2.0320e-004 4.4628e-005 9.7067e-006 2.4268e-006 8.2971e-007 3.0175e-007
           2 2.4855e-005 8.8928e-002 7.8622e-001 1.0646e-001 1.4953e-002 2.6612e-003 5.5239e-004 1.3858e-004 3.6327e-005 1.0799e-005 3.8947e-006
           3 5.3663e-008 1.1510e-004 1.3433e-001 7.0246e-001 1.3348e-001 2.3038e-002 4.8706e-003 1.1890e-003 3.3934e-004 1.0367e-004 3.5033e-005
           4 6.6708e-009 6.7002e-007 3.5001e-004 1.8163e-001 6.1541e-001 1.5866e-001 3.2571e-002 7.9428e-003 2.2434e-003 7.1312e-004 2.4859e-004
           5 2.9499e-008 1.8050e-008 3.7336e-006 9.4211e-004 2.3254e-001 5.2148e-001 1.8256e-001 4.3857e-002 1.2120e-002 3.8381e-003 1.3735e-003
           6 1.6187e-008 3.6236e-008 1.3386e-007 1.5944e-005 2.3334e-003 2.8819e-001 4.1709e-001 2.0462e-001 5.7783e-002 1.7761e-002 6.2216e-003
           7 8.3015e-009 6.9533e-009 5.0133e-008 4.2497e-007 5.8619e-005 5.5419e-003 3.4887e-001 2.9973e-001 2.2113e-001 7.5243e-002 2.5567e-002
           8 6.6449e-013 3.4837e-008 4.4733e-010 5.4230e-008 1.3582e-006 1.9839e-004 1.2770e-002 4.1146e-001 1.7211e-001 2.2060e-001 9.5200e-002
           9 4.7961e-009 1.3261e-010 3.9360e-008 4.6168e-009 8.3655e-008 4.9869e-006 6.5566e-004 2.8740e-002 4.6301e-001 5.3110e-002 1.7766e-001
          10 3.1296e-010 4.6670e-009 8.1942e-010 4.1801e-008 6.7612e-009 4.3153e-008 2.1201e-005 2.1836e-003 6.3090e-002 4.6648e-001 3.9639e-004
          11 4.6649e-009 1.9153e-009 2.2069e-010 5.2239e-011 8.6918e-008 1.9903e-008 2.9647e-008 1.0577e-004 7.5133e-003 1.3144e-001 3.4510e-001
          12 6.9382e-010 3.0545e-009 6.2336e-009 2.2748e-009 7.1160e-010 1.1572e-007 6.7014e-008 2.1948e-006 6.0036e-004 2.6583e-002 2.3094e-001
          13 6.4624e-010 1.6168e-010 1.1469e-009 7.0240e-009 3.8736e-009 1.0795e-009 1.4440e-007 3.6844e-007 3.2152e-005 3.6932e-003 8.8487e-002
          14 1.0642e-009 1.5910e-009 1.1429e-009 6.3528e-011 1.6017e-008 1.2316e-008 1.9765e-009 1.2047e-007 2.5069e-006 3.7335e-004 2.3122e-002
          15 6.9997e-011 8.9024e-011 7.9726e-010 9.2217e-010 3.7825e-010 2.2979e-008 3.1937e-008 9.3272e-010 5.2761e-008 3.3893e-005 4.6721e-003
          16 2.1462e-010 8.0491e-010 2.0479e-010 7.4138e-012 1.6671e-009 2.5891e-010 2.8573e-008 6.0424e-008 3.4631e-009 1.3143e-006 8.2953e-004
          17 4.2114e-010 1.5432e-009 1.3764e-009 7.6070e-010 2.9594e-011 1.1149e-009 5.0154e-012 1.8786e-008 7.4613e-008 3.1224e-007 1.1544e-004
          18 1.5036e-010 6.2487e-010 8.1194e-010 7.7023e-010 1.5588e-009 2.1151e-010 5.8279e-010 6.2278e-013 4.6040e-010 1.2665e-007 1.4216e-005
          19 1.6096e-013 7.1332e-012 4.1864e-011 8.8932e-011 2.0215e-009 3.1068e-009 1.5718e-009 7.7931e-010 3.1594e-011 5.8264e-009 3.2954e-007
          20 1.0498e-010 2.0800e-010 1.3040e-010 5.6491e-011 5.1650e-010 2.7052e-009 5.5877e-009 6.0680e-009 1.3648e-008 2.1387e-009 1.7289e-009
          21 2.2107e-010 4.9126e-010 3.6627e-010 2.1918e-010 2.2721e-012 6.1980e-010 3.7228e-009 5.6964e-009 1.9792e-008 1.0567e-008 2.6038e-007
          22 2.3104e-010 5.0972e-010 3.5905e-010 2.0385e-010 2.3391e-010 7.8585e-014 9.1082e-010 1.9948e-009 8.7569e-009 2.8624e-009 2.7025e-008
          23 1.6543e-010 3.5325e-010 2.1991e-010 1.0577e-010 3.4113e-010 1.5166e-010 3.7750e-011 2.8896e-010 1.7828e-009 1.8431e-010 4.2355e-009
          24 9.1358e-011 1.8878e-010 1.0258e-010 3.9662e-011 2.4307e-010 2.0857e-010 2.1300e-011 9.1156e-012 1.8927e-010 9.4517e-012 7.2334e-009
          25 1.9301e-011 3.9133e-011 1.9474e-011 6.3906e-012 5.5843e-011 5.9290e-011 1.6717e-011 3.3236e-013 7.4057e-012 2.2871e-012 1.4439e-009
          26 7.1093e-012 1.4379e-011 7.0719e-012 2.2668e-012 2.0746e-011 2.2538e-011 6.8766e-012 2.3717e-013 1.9624e-012 9.4828e-013 5.1795e-010
