   v'->v''           0           1           2           3           4           5           6           7           8           9          10          11          12
           0 9.3893e-001 5.7811e-002 3.0695e-003 1.7761e-004 1.0761e-005 1.0380e-006 1.2362e-007 9.0955e-009 3.3078e-010 1.0143e-010 3.9368e-011 1.7078e-011 8.4797e-012
           1 5.9699e-002 8.0649e-001 1.2131e-001 1.1350e-002 1.0442e-003 1.0130e-004 1.1814e-005 1.6898e-006 1.8399e-007 8.1198e-008 4.5977e-008 2.7201e-008 1.7057e-008
           2 1.3550e-003 1.3012e-001 6.5051e-001 1.8628e-001 2.7289e-002 3.7507e-003 5.5627e-004 9.6134e-005 1.1926e-005 5.4170e-006 3.1451e-006 1.8937e-006 1.2015e-006
           3 1.2774e-005 5.4651e-003 2.0875e-001 4.6927e-001 2.4739e-001 5.5067e-002 1.0653e-002 2.2064e-003 3.0786e-004 1.4384e-004 8.5731e-005 5.2641e-005 3.3862e-005
           4 1.1616e-007 1.1140e-004 1.5624e-002 2.9072e-001 2.6913e-001 2.8225e-001 9.8707e-002 2.6503e-002 4.0456e-003 1.9191e-003 1.1582e-003 7.1732e-004 4.6405e-004
           5 5.7577e-009 4.5606e-006 6.8836e-004 3.9021e-002 3.5963e-001 8.9934e-002 2.4173e-001 1.3161e-001 2.6597e-002 1.3275e-002 8.3578e-003 5.3285e-003 3.5138e-003
           6 1.2726e-008 2.8427e-007 4.1123e-005 3.0326e-003 8.5360e-002 3.7890e-001 1.4040e-003 1.0573e-001 4.3067e-002 2.4081e-002 1.6641e-002 1.1302e-002 7.7699e-003
           7 3.8742e-008 5.5039e-008 4.8432e-007 1.5774e-004 9.5843e-003 1.5784e-001 2.8622e-001 5.5167e-002 3.4714e-006 2.8921e-004 7.1930e-004 8.5683e-004 7.9566e-004
           8 2.2739e-009 9.3129e-008 5.1037e-007 2.8765e-009 5.3228e-004 2.7870e-002 2.4204e-001 6.8172e-002 4.9219e-002 2.7163e-002 1.8072e-002 1.1770e-002 7.8082e-003
           9 5.4323e-009 4.0365e-009 1.9085e-008 2.2432e-007 1.5829e-005 3.6122e-003 8.8181e-002 2.2799e-001 1.9944e-002 5.6431e-003 1.6054e-003 3.9593e-004 8.3811e-005
          10 2.5915e-009 4.5084e-010 1.4812e-008 8.3741e-007 1.1324e-005 5.5496e-004 2.3684e-002 1.9570e-001 2.6146e-003 5.8043e-003 7.5047e-003 6.8855e-003 5.5471e-003
          11 1.9957e-009 4.1359e-009 2.5435e-008 8.1224e-011 2.6962e-006 1.0553e-004 5.5342e-003 1.0905e-001 4.3210e-002 3.1019e-002 2.3151e-002 1.5567e-002 1.0331e-002
          12 8.4464e-010 2.1622e-010 4.9769e-010 4.2734e-007 1.6913e-006 1.7939e-006 1.0921e-003 4.9438e-002 9.0237e-002 4.4224e-002 2.3255e-002 1.1733e-002 6.2027e-003
          13 2.1496e-009 3.3450e-009 1.6948e-008 3.0051e-008 6.4863e-008 2.4881e-007 1.3861e-004 1.9028e-002 1.1815e-001 3.7894e-002 1.1482e-002 2.9828e-003 6.9752e-004
          14 6.4230e-011 1.2400e-010 1.2374e-009 4.4641e-008 3.4609e-007 1.6039e-006 2.4575e-005 6.3161e-003 1.2481e-001 2.0491e-002 1.1005e-003 3.1872e-004 1.3912e-003
          15 7.9139e-010 1.2965e-009 4.2771e-009 2.8176e-008 2.4827e-007 1.6771e-007 6.5828e-006 2.1217e-003 1.1801e-001 4.4789e-003 2.9901e-003 8.5748e-003 9.2728e-003
          16 1.0626e-009 1.1572e-009 3.5852e-009 1.1907e-009 2.3674e-008 2.8095e-007 1.5637e-009 6.3277e-004 1.0503e-001 6.8420e-004 2.0170e-002 2.3342e-002 1.8087e-002
          17 1.9960e-010 1.1169e-011 4.2810e-015 5.3851e-010 4.8531e-008 3.8801e-007 1.2313e-007 1.3736e-004 8.7850e-002 1.7370e-002 4.5794e-002 3.2961e-002 1.8851e-002
          18 5.5112e-011 4.8470e-010 1.7200e-009 1.1509e-009 1.3024e-007 1.7845e-007 2.1876e-008 3.9417e-005 6.8311e-002 5.8808e-002 6.2403e-002 2.5660e-002 8.5181e-003
          19 3.9814e-010 8.0839e-010 1.9436e-009 1.3583e-009 7.4120e-008 4.0041e-008 1.2257e-007 4.7191e-006 4.8716e-002 1.1845e-001 4.9837e-002 5.5594e-003 3.9090e-006
          20 4.8338e-010 4.2935e-010 6.0253e-010 1.3919e-009 1.1691e-008 3.1617e-011 8.6481e-008 1.5328e-007 2.9716e-002 1.7547e-001 1.2279e-002 4.7633e-003 1.4322e-002
          21 3.0756e-010 7.5138e-011 9.4928e-012 9.8615e-010 3.8462e-010 2.3655e-008 5.2712e-008 3.4539e-011 1.4352e-002 1.9400e-001 9.3624e-003 4.9194e-002 3.7063e-002
          22 1.2418e-010 1.2029e-012 1.1124e-010 4.2586e-010 6.8304e-009 4.8379e-008 2.8297e-008 2.3008e-007 4.6550e-003 1.4861e-001 1.2964e-001 6.9223e-002 1.2776e-002
          23 3.2411e-011 3.9944e-011 2.3976e-010 9.8064e-011 9.2765e-009 4.7467e-008 1.1360e-008 1.3661e-007 6.7168e-004 6.2938e-002 3.0940e-001 2.8504e-004 2.5839e-002
          24 5.1423e-012 5.3498e-011 2.0362e-010 7.9006e-012 6.6800e-009 3.0452e-008 3.4094e-009 3.7779e-008 5.9212e-006 7.0347e-003 2.3186e-001 2.8898e-001 6.5990e-002
