   v'->v''           0           1           2           3           4           5           6           7           8           9          10          11          12          13          14          15          16          17          18          19          20          21          22          23
           0 3.9739e-002 1.6171e-001 2.8039e-001 2.7249e-001 1.6386e-001 6.3320e-002 1.5765e-002 2.4553e-003 2.2208e-004 9.7956e-006 9.8764e-008 1.1960e-008 2.3815e-008 1.7334e-008 6.9198e-010 4.9536e-009 7.3440e-010 2.6807e-009 5.8119e-011 7.7178e-010 1.0195e-009 4.3513e-010 9.7273e-011 6.1552e-012
           1 9.6929e-002 1.9048e-001 7.7067e-002 5.7023e-003 1.4924e-001 2.4219e-001 1.6482e-001 6.0002e-002 1.2226e-002 1.3269e-003 6.4041e-005 7.0944e-007 6.8184e-009 5.0691e-009 5.0549e-009 3.3370e-009 2.3520e-012 1.4970e-009 2.7943e-011 4.7974e-010 4.0266e-010 7.1188e-011 8.4623e-013 1.2444e-013
           2 1.3707e-001 1.0554e-001 1.7938e-003 1.1639e-001 7.0632e-002 8.2223e-003 1.6500e-001 2.3074e-001 1.2643e-001 3.3684e-002 4.3184e-003 2.1657e-004 1.5764e-006 5.5242e-008 3.3648e-009 1.5388e-009 2.5448e-009 1.3669e-010 8.2559e-010 4.7265e-012 3.2297e-010 2.0590e-010 4.7934e-011 2.9186e-012
           3 1.4845e-001 2.7017e-002 5.6859e-002 7.1714e-002 7.9298e-003 1.1511e-001 2.9098e-002 4.9628e-002 2.2180e-001 1.9388e-001 6.7860e-002 1.0111e-002 4.9900e-004 1.2621e-006 3.5283e-007 4.1270e-009 4.6136e-009 7.1132e-009 1.1128e-010 2.3979e-009 6.5689e-010 2.8529e-011 2.0759e-010 3.2393e-011
           4 1.3732e-001 1.7429e-004 8.5992e-002 4.5940e-003 7.3822e-002 2.7809e-002 4.5811e-002 9.5862e-002 2.8651e-004 1.5557e-001 2.4104e-001 1.1182e-001 1.8981e-002 8.5018e-004 4.0657e-008 1.1825e-006 2.7457e-009 9.0396e-009 1.0987e-008 3.1052e-009 1.1963e-009 2.1839e-009 7.1813e-010 5.1287e-011
           5 1.1482e-001 1.0728e-002 6.3365e-002 1.2140e-002 6.2012e-002 7.4992e-003 7.7537e-002 2.0160e-004 1.0086e-001 2.4521e-002 7.6755e-002 2.5795e-001 1.6039e-001 3.0156e-002 1.0697e-003 1.1383e-005 1.9600e-006 1.5498e-007 3.1990e-008 7.2157e-009 9.3035e-009 4.5868e-010 1.6118e-010 4.6865e-011
           6 8.9781e-002 3.2883e-002 2.7029e-002 4.4413e-002 1.4416e-002 5.1155e-002 1.3672e-002 5.5722e-002 2.5241e-002 5.2701e-002 7.2476e-002 2.1243e-002 2.4800e-001 2.0872e-001 4.1655e-002 8.9261e-004 7.3685e-005 5.7671e-007 8.4234e-007 1.7900e-007 3.2248e-009 1.9119e-009 1.3448e-009 1.2152e-010
           7 6.7118e-002 5.0713e-002 4.5725e-003 5.5470e-002 4.8700e-004 5.2666e-002 5.5163e-003 5.2856e-002 1.0001e-002 6.3591e-002 9.0590e-003 9.9464e-002 5.0682e-004 2.2299e-001 2.5413e-001 5.0326e-002 2.9757e-004 2.1640e-004 3.7353e-006 7.2079e-007 6.5309e-007 1.9172e-007 4.3250e-008 3.2128e-009
           8 4.8699e-002 5.9244e-002 3.4076e-004 4.3193e-002 1.6318e-002 2.2195e-002 3.5340e-002 8.7886e-003 5.0537e-002 2.9549e-003 6.6024e-002 1.6753e-003 9.3294e-002 6.1160e-003 1.9643e-001 2.9630e-001 5.2100e-002 6.3312e-005 3.2790e-004 5.1192e-005 1.8948e-006 7.1417e-008 2.0032e-007 2.5789e-008
           9 3.4664e-002 5.9533e-002 7.3321e-003 2.3307e-002 3.3744e-002 1.8165e-003 4.3481e-002 2.9452e-003 3.8442e-002 1.7234e-002 2.8982e-002 3.7472e-002 2.2074e-002 6.6468e-002 2.2317e-002 1.7947e-001 3.3545e-001 4.2824e-002 2.1203e-003 1.3216e-004 1.4311e-004 3.9996e-005 8.1511e-006 5.6476e-007
          10 2.4392e-002 5.4529e-002 1.7624e-002 7.9147e-003 3.8557e-002 2.6849e-003 2.6943e-002 2.2748e-002 7.6873e-003 4.1596e-002 8.6209e-006 4.8750e-002 8.9468e-003 4.5871e-002 3.6969e-002 3.5995e-002 1.8098e-001 3.6807e-001 2.1437e-002 7.8099e-003 2.1523e-004 3.1628e-005 4.7592e-005 5.6536e-006
          11 1.7068e-002 4.7012e-002 2.6296e-002 8.1369e-004 3.2048e-002 1.3887e-002 8.2144e-003 3.3724e-002 7.7675e-004 3.0406e-002 1.7878e-002 1.2127e-002 4.2757e-002 7.3070e-005 5.6761e-002 1.5746e-002 3.9983e-002 2.1169e-001 3.7695e-001 1.0303e-003 1.0710e-002 3.0829e-003 5.4252e-004 3.3660e-005
          12 1.1926e-002 3.8903e-002 3.1463e-002 5.1199e-004 2.0979e-002 2.3502e-002 2.2572e-004 2.7944e-002 1.2323e-002 8.6055e-003 3.2845e-002 6.6135e-004 3.1162e-002 2.1563e-002 8.6589e-003 5.2860e-002 4.6198e-003 3.1665e-002 2.8715e-001 3.2277e-001 1.6866e-002 1.6338e-003 2.7316e-003 3.2106e-004
          13 8.3478e-003 3.1297e-002 3.3122e-002 3.8853e-003 1.0845e-002 2.6672e-002 2.2549e-003 1.5127e-002 2.2968e-002 1.6035e-005 2.5771e-002 1.4446e-002 5.9154e-003 3.5150e-002 4.3710e-003 2.1993e-002 4.0929e-002 5.8180e-004 1.3454e-002 4.1414e-001 1.6899e-001 7.5756e-002 1.1414e-002 5.9309e-004
          14 5.8641e-003 2.4683e-002 3.2081e-002 8.2249e-003 4.0806e-003 2.4143e-002 8.3180e-003 4.8588e-003 2.4330e-002 4.3768e-003 1.0783e-002 2.4698e-002 6.3143e-004 2.0558e-002 2.3261e-002 1.4575e-004 2.9999e-002 2.7870e-002 5.7158e-005 4.9638e-007 5.4769e-001 6.2297e-003 4.1186e-002 5.2329e-003
          15 4.1377e-003 1.9186e-002 2.9303e-002 1.1865e-002 7.9370e-004 1.8697e-002 1.3546e-002 3.8629e-004 1.8699e-002 1.1900e-002 1.5401e-003 2.2052e-002 9.1311e-003 4.3118e-003 2.6148e-002 8.2635e-003 5.3113e-003 3.0216e-002 1.8000e-002 1.8757e-003 3.8222e-002 4.6586e-001 8.9388e-002 4.0850e-003
          16 2.9302e-003 1.4731e-002 2.5590e-002 1.4072e-002 9.0482e-007 1.2811e-002 1.5928e-002 4.2835e-004 1.1228e-002 1.6060e-002 2.5724e-004 1.3081e-002 1.6340e-002 6.4533e-005 1.5238e-002 1.8731e-002 5.6810e-004 1.1993e-002 2.4778e-002 1.3222e-002 1.4409e-002 1.8683e-001 6.6479e-002 1.4975e-002
          17 2.0761e-003 1.1162e-002 2.1496e-002 1.4709e-002 5.1900e-004 7.8985e-003 1.5545e-002 2.4098e-003 5.3035e-003 1.5777e-002 3.0017e-003 5.2454e-003 1.6878e-002 3.5970e-003 4.8103e-003 1.8627e-002 7.2775e-003 1.0536e-003 1.4914e-002 1.7638e-002 1.5382e-002 8.4681e-002 2.0123e-001 1.4252e-002
          18 1.4604e-003 8.2946e-003 1.7340e-002 1.3931e-002 1.3915e-003 4.4141e-003 1.3340e-002 4.3164e-003 1.8638e-003 1.2750e-002 5.8232e-003 1.1716e-003 1.2977e-002 7.5895e-003 4.1322e-004 1.2248e-002 1.1971e-002 7.1619e-004 4.7310e-003 1.3503e-002 9.8240e-003 4.6176e-002 2.4809e-001 1.2919e-003
          19 1.0013e-003 5.9393e-003 1.3231e-002 1.1957e-002 1.9964e-003 2.2386e-003 1.0270e-002 5.1325e-003 4.0461e-004 8.9203e-003 6.8762e-003 3.2295e-005 8.1568e-003 8.7699e-003 1.9639e-004 6.0072e-003 1.1414e-002 3.5011e-003 4.7771e-004 6.7594e-003 9.5228e-003 1.1810e-003 2.2502e-001 1.2211e-002
          20 6.3488e-004 3.8888e-003 9.0738e-003 8.9038e-003 1.9922e-003 1.0164e-003 6.9150e-003 4.5637e-003 2.4548e-005 5.4035e-003 5.9293e-003 1.2094e-004 4.3173e-003 7.2051e-003 9.6871e-004 2.2938e-003 7.9322e-003 4.5238e-003 5.2690e-005 2.3848e-003 5.6117e-003 5.8113e-003 3.5193e-002 1.2802e-001
