   v'->v''           0           1           2           3           4           5           6           7           8           9          10          11          12          13          14          15          16          17          18          19          20          21
           0 9.9857e-001 1.4275e-003 3.5426e-006 1.0874e-007 2.2723e-009 4.1821e-008 6.7777e-009 4.1700e-010 6.0305e-009 7.1802e-010 1.9974e-009 3.3304e-009 5.3566e-010 2.6936e-010 1.1008e-009 6.6390e-010 5.0329e-011 1.0049e-010 3.8027e-010 4.5316e-010 3.2816e-010 1.5723e-010
           1 1.4303e-003 9.9507e-001 3.4836e-003 1.3531e-005 4.7814e-007 6.3745e-009 2.7549e-008 3.9480e-009 4.5636e-010 3.9154e-009 1.3055e-011 2.8648e-009 1.7853e-009 1.3605e-011 4.1946e-010 3.5360e-010 8.5417e-012 1.5121e-010 3.8559e-010 3.7589e-010 2.2633e-010 9.2700e-011
           2 9.5212e-008 3.4993e-003 9.8993e-001 6.5418e-003 3.1920e-005 1.4814e-006 3.9150e-008 4.0025e-008 6.6271e-009 7.0275e-012 6.2237e-009 3.7386e-010 2.6699e-009 2.9254e-009 1.6602e-010 4.1799e-010 6.3603e-010 1.1736e-010 3.8390e-011 2.6747e-010 3.3522e-010 2.0613e-010
           3 1.8450e-008 1.0992e-006 6.5777e-003 9.8205e-001 1.1304e-002 6.4749e-005 3.3262e-006 1.6651e-007 8.6329e-008 4.8680e-009 1.6424e-009 5.9657e-009 2.6923e-009 9.2820e-010 3.0993e-009 4.9753e-010 3.1177e-010 1.0780e-009 6.3290e-010 9.3412e-011 4.5592e-012 3.8447e-011
           4 8.9471e-009 1.8470e-007 8.1331e-006 1.1351e-002 9.6946e-001 1.9040e-002 1.3476e-004 6.2660e-006 6.9044e-007 1.2005e-007 4.3415e-009 6.1753e-010 1.1275e-009 2.7254e-011 2.6318e-010 3.9032e-011 1.9370e-010 5.0663e-010 3.0881e-010 5.8858e-011 2.3118e-015 8.0024e-012
           5 3.8857e-009 6.6950e-009 8.4971e-007 4.1738e-005 1.9026e-002 9.4831e-001 3.2289e-002 3.1697e-004 1.2533e-005 1.8579e-006 3.9842e-007 3.4689e-008 7.1825e-009 1.0580e-008 3.0192e-009 3.6328e-010 2.0032e-009 5.3152e-010 7.3402e-011 6.9330e-010 7.9796e-010 4.4133e-010
           6 1.6753e-008 2.4550e-009 4.9318e-009 3.1160e-006 1.6804e-004 3.1924e-002 9.1031e-001 5.6641e-002 9.2494e-004 2.5367e-005 5.3046e-006 1.5857e-006 1.4143e-007 5.2364e-009 1.8874e-008 2.9300e-008 8.6836e-009 5.3267e-012 1.5705e-009 1.5724e-009 6.2567e-010 1.5119e-010
           7 2.9581e-009 1.9906e-008 8.5446e-009 7.9381e-010 1.0975e-005 6.1307e-004 5.4885e-002 8.3862e-001 1.0234e-001 3.4425e-003 7.4140e-005 8.7945e-006 5.3056e-006 1.3156e-006 8.6206e-008 3.0393e-009 5.3199e-009 8.3881e-009 5.9345e-009 3.2229e-009 1.7453e-009 8.2215e-010
           8 1.4540e-009 7.4077e-009 2.8134e-008 1.1701e-010 7.3665e-008 4.3983e-005 2.1850e-003 9.6244e-002 7.0891e-001 1.7838e-001 1.3749e-002 4.6528e-004 1.3656e-005 6.1150e-006 4.1276e-006 1.3955e-006 3.1519e-007 5.2082e-008 3.1042e-009 5.6037e-010 2.0027e-009 1.3179e-009
           9 1.9456e-009 1.4558e-010 1.5011e-008 3.0742e-009 8.4676e-009 9.7375e-007 1.8751e-004 7.3903e-003 1.6254e-001 5.0532e-001 2.7786e-001 4.3554e-002 3.0299e-003 9.4544e-005 5.8722e-006 4.4399e-006 3.0812e-006 1.4237e-006 5.5479e-007 1.9862e-007 6.5268e-008 1.8924e-008
          10 7.5516e-011 2.1255e-009 5.6420e-011 6.1096e-009 1.1771e-009 4.4575e-008 5.8206e-006 7.5365e-004 2.2263e-002 2.4548e-001 2.6840e-001 3.4667e-001 1.0184e-001 1.3647e-002 8.9383e-004 2.9286e-005 2.6030e-006 2.9334e-006 3.0612e-006 2.0903e-006 1.0776e-006 4.2570e-007
          11 1.8257e-009 8.0363e-010 3.9055e-009 2.8331e-009 7.6068e-009 1.4695e-008 1.2687e-008 2.8750e-005 2.8496e-003 5.7393e-002 3.0331e-001 8.7398e-002 3.2910e-001 1.7185e-001 4.1766e-002 5.8077e-003 4.6805e-004 1.9253e-005 5.8384e-007 4.4976e-007 8.3034e-007 6.6937e-007
          12 8.0322e-010 2.9792e-009 2.4260e-009 1.1684e-010 3.6278e-009 5.4740e-009 1.1200e-007 1.2510e-007 1.4994e-004 9.3936e-003 1.1294e-001 3.0221e-001 7.0817e-003 2.3735e-001 2.1701e-001 8.7376e-002 2.1947e-002 3.9418e-003 5.3400e-004 5.5365e-005 4.5546e-006 3.5929e-007
          13 1.7494e-010 2.4063e-011 4.4306e-009 2.6614e-009 1.2243e-010 2.0341e-013 9.2738e-009 4.7881e-008 8.8546e-007 5.5362e-004 2.2349e-002 1.7552e-001 2.5462e-001 8.3744e-003 1.2321e-001 2.0744e-001 1.3121e-001 5.3214e-002 1.6860e-002 4.6854e-003 1.2440e-003 3.2000e-004
          14 8.1967e-010 1.0392e-009 6.8938e-011 1.6482e-010 6.7256e-010 2.5250e-010 1.4649e-008 1.3257e-008 4.7315e-007 3.6627e-007 1.3159e-003 4.1807e-002 2.3453e-001 1.8392e-001 4.8214e-002 3.6724e-002 1.4655e-001 1.4317e-001 8.5848e-002 4.0604e-002 1.6885e-002 6.0039e-003
          15 1.7340e-010 4.5741e-010 2.1841e-009 6.2006e-010 3.5023e-011 4.0386e-010 8.1948e-009 7.3423e-008 4.7200e-008 1.5081e-006 9.5335e-008 2.3673e-003 6.6262e-002 2.8461e-001 1.1182e-001 8.8751e-002 1.1524e-003 6.7536e-002 1.0737e-001 8.9158e-002 5.3972e-002 2.4161e-002
          16 7.8903e-011 5.6005e-011 4.4102e-010 1.2613e-010 1.5168e-010 1.7681e-009 1.6090e-008 2.6644e-010 4.2525e-010 9.1883e-008 2.6031e-006 6.5958e-006 3.4432e-003 9.5572e-002 3.2118e-001 5.1773e-002 1.0781e-001 1.0346e-002 1.2001e-002 4.5053e-002 4.9396e-002 2.9578e-002
          17 3.5590e-010 4.6514e-010 3.0540e-010 2.0311e-010 9.5626e-011 2.4355e-011 2.8255e-009 1.4722e-008 7.4204e-009 6.1941e-010 3.6148e-007 2.4312e-006 3.1122e-005 4.5452e-003 1.2973e-001 3.4183e-001 1.2019e-002 9.6779e-002 3.9053e-002 1.5546e-003 3.3745e-003 6.3154e-003
          18 2.0663e-010 2.1381e-010 8.5906e-010 3.0739e-010 3.6902e-010 9.4863e-010 1.3314e-008 1.0660e-009 3.9940e-009 7.3228e-008 8.5873e-008 1.3563e-006 3.9192e-007 6.5025e-005 6.0210e-003 1.7202e-001 3.4257e-001 2.2929e-004 5.9945e-002 5.3752e-002 2.0035e-002 4.4794e-003
          19 8.0608e-012 2.9125e-012 2.1953e-010 6.8392e-012 6.2086e-011 8.9418e-010 1.4129e-009 1.8134e-010 2.0603e-008 4.7127e-009 1.0728e-007 4.5521e-007 2.6309e-006 2.1035e-006 8.9158e-005 8.1205e-003 2.2422e-001 3.1341e-001 2.0166e-002 1.6876e-002 3.3835e-002 1.9847e-002
          20 6.3288e-011 2.3184e-010 5.3992e-011 1.6395e-010 5.5953e-011 8.8089e-011 1.6868e-009 1.0850e-009 3.5142e-010 5.1610e-009 3.2698e-008 2.4905e-008 1.4097e-006 1.3209e-006 1.2412e-005 9.8490e-005 1.1954e-002 2.9106e-001 2.4518e-001 6.5312e-002 5.5541e-004 2.7641e-003
          21 1.9799e-010 4.3292e-010 5.1008e-010 3.6016e-010 2.0659e-010 4.6557e-011 3.4917e-009 2.6516e-010 1.0648e-008 1.3644e-009 1.3246e-009 2.7515e-008 1.9761e-008 3.0449e-006 2.0432e-009 3.3107e-005 5.5999e-005 2.0124e-002 3.7285e-001 1.3285e-001 9.8010e-002 2.3822e-002
          22 2.3353e-010 3.7583e-010 7.2618e-010 2.7321e-010 1.5193e-010 1.3074e-010 1.4598e-009 6.0729e-010 1.4273e-008 5.5269e-011 1.0658e-009 2.1757e-009 6.3712e-009 6.5850e-007 1.5677e-006 2.6200e-006 5.5661e-005 1.5747e-006 3.9901e-002 4.5625e-001 1.8142e-002 4.8535e-002
          23 1.7648e-010 2.0666e-010 5.5097e-010 1.0630e-010 4.1586e-011 7.3483e-011 1.6489e-010 2.8322e-009 5.3879e-009 8.8718e-011 3.2221e-010 5.1459e-009 3.0704e-009 1.0660e-007 1.2873e-006 1.9850e-007 1.2876e-005 7.0990e-005 1.7775e-004 9.1371e-002 4.5946e-001 2.7700e-002
          24 9.9938e-011 7.7490e-011 2.8298e-010 1.8680e-011 1.1104e-012 1.5062e-011 4.1330e-012 3.3091e-009 6.0570e-010 6.4648e-012 5.1732e-010 1.1938e-008 6.6003e-009 1.7084e-008 8.3630e-007 6.6625e-007 1.1891e-006 2.9655e-005 6.7811e-005 2.2938e-003 2.2506e-001 2.0810e-001
          25 4.5545e-011 1.8987e-011 1.0722e-010 1.0352e-013 4.6150e-012 1.3325e-013 4.6825e-011 2.1307e-009 1.5645e-011 6.6696e-011 6.8754e-012 9.8022e-009 1.1843e-008 3.0460e-012 4.4167e-007 7.3629e-007 6.6057e-008 6.2020e-006 3.8200e-005 5.9847e-005 1.9640e-002 4.4100e-001
          26 1.7388e-011 2.5234e-012 3.1400e-011 2.2832e-012 1.0111e-011 1.6747e-012 4.0905e-011 9.4881e-010 1.9293e-010 4.9384e-011 1.5651e-010 4.3330e-009 1.0561e-008 4.2268e-009 1.8062e-007 5.4299e-007 1.1809e-008 2.0053e-006 1.1987e-005 3.3985e-005 1.8328e-004 1.5286e-001
          27 4.4687e-012 1.1048e-013 6.1841e-012 2.1604e-012 5.5903e-012 1.6326e-012 1.4691e-011 2.5663e-010 1.2584e-010 1.3575e-011 1.6256e-010 1.0686e-009 4.2621e-009 3.6984e-009 4.7533e-008 2.0719e-007 2.8985e-008 5.3630e-007 3.4984e-006 7.8945e-006 2.9002e-005 3.5766e-003
