   v'->v''           0           1           2           3           4           5           6           7           8           9          10          11          12          13          14
           0 9.1851e-001 7.5958e-002 5.1404e-003 3.6768e-004 2.6932e-005 2.8244e-006 3.4159e-007 2.1377e-008 3.4383e-010 3.6626e-012 2.2205e-012 1.6563e-012 1.5102e-012 1.3923e-012 1.1000e-012
           1 7.8997e-002 7.5020e-001 1.5104e-001 1.7624e-002 1.9010e-003 2.1204e-004 2.8316e-005 4.3913e-006 7.2272e-007 6.8044e-008 5.2213e-008 3.1293e-008 1.8972e-008 1.2139e-008 7.2681e-009
           2 2.4561e-003 1.6429e-001 5.6855e-001 2.1779e-001 3.9567e-002 6.1443e-003 9.7099e-004 1.7498e-004 3.5888e-005 3.8850e-006 3.0925e-006 1.9153e-006 1.1893e-006 7.7359e-007 4.6847e-007
           3 3.5590e-005 9.3202e-003 2.5061e-001 3.8188e-001 2.6555e-001 7.2089e-002 1.5732e-002 3.4185e-003 7.9438e-004 9.1939e-005 7.4534e-005 4.6956e-005 2.9541e-005 1.9395e-005 1.1823e-005
           4 3.6131e-007 2.3229e-004 2.3663e-002 3.2861e-001 2.0496e-001 2.7862e-001 1.1237e-001 3.3951e-002 9.4403e-003 1.1744e-003 9.6903e-004 6.2022e-004 3.9481e-004 2.6137e-004 1.6027e-004
           5 7.6879e-014 4.1743e-006 9.7072e-004 5.0221e-002 3.8159e-001 6.4223e-002 2.3649e-001 1.4457e-001 5.6330e-002 7.9554e-003 6.7607e-003 4.4406e-003 2.8804e-003 1.9319e-003 1.1953e-003
           6 1.2164e-008 4.7045e-008 2.9104e-005 3.3386e-003 9.5281e-002 3.8178e-001 4.4303e-004 1.2830e-001 1.1960e-001 2.2209e-002 2.0058e-002 1.3886e-002 9.3544e-003 6.4389e-003 4.0559e-003
           7 1.7921e-008 8.8268e-009 7.5762e-007 1.6044e-004 1.0285e-002 1.6355e-001 2.9405e-001 4.7641e-002 1.1271e-002 8.6917e-003 9.8321e-003 8.1449e-003 6.1963e-003 4.6218e-003 3.0730e-003
           8 7.3753e-009 3.1670e-008 1.7607e-009 6.6759e-006 7.8720e-004 2.9344e-002 2.4396e-001 1.1615e-001 1.2276e-001 1.3340e-002 9.6788e-003 5.2613e-003 2.8579e-003 1.6523e-003 9.0822e-004
           9 4.9148e-010 2.5130e-008 1.6522e-008 1.9612e-007 5.0211e-005 3.6454e-003 7.6714e-002 2.6921e-001 2.2402e-004 7.2343e-003 9.9372e-003 9.2122e-003 7.4156e-003 5.6921e-003 3.8430e-003
          10 4.4870e-009 9.4553e-010 2.7053e-008 1.5566e-009 2.5048e-006 3.6806e-004 1.6098e-002 1.6733e-001 1.0779e-001 2.8928e-002 2.4680e-002 1.5436e-002 9.3182e-003 5.8227e-003 3.3904e-003
          11 2.4093e-011 6.6317e-009 1.0548e-008 3.4083e-009 7.8343e-008 3.0651e-005 2.6821e-003 6.4269e-002 2.0030e-001 1.0519e-002 4.2299e-003 7.9610e-004 4.7780e-005 1.4550e-005 6.9553e-005
          12 2.1750e-009 2.1715e-009 4.6216e-010 7.0399e-009 3.0671e-009 2.1878e-006 3.7152e-004 1.9041e-002 1.7250e-001 4.1628e-004 4.1086e-003 6.9210e-003 7.0813e-003 6.0744e-003 4.3431e-003
          13 2.8192e-010 3.0997e-009 6.7759e-009 2.7513e-009 2.0662e-008 1.1098e-007 4.3913e-005 4.7116e-003 1.0615e-001 1.8748e-002 2.7798e-002 2.4121e-002 1.7430e-002 1.2071e-002 7.4824e-003
          14 7.0415e-010 5.4087e-010 1.5772e-011 2.5100e-010 1.3628e-008 1.5348e-009 4.1267e-006 1.0138e-003 5.3824e-002 5.1200e-002 5.0225e-002 3.0894e-002 1.6941e-002 9.4188e-003 4.9044e-003
          15 9.1767e-010 2.6577e-009 3.3220e-009 1.3948e-009 3.6567e-012 2.1825e-009 1.9716e-007 1.9091e-004 2.4016e-002 8.2826e-002 5.6086e-002 2.2278e-002 7.5472e-003 2.4781e-003 7.2011e-004
          16 2.3565e-011 2.1948e-010 5.2794e-010 1.2353e-011 4.7721e-009 3.8995e-009 1.4646e-008 3.0937e-005 9.7042e-003 1.0719e-001 4.4221e-002 7.2492e-003 2.2907e-004 3.0174e-004 8.5309e-004
          17 3.4188e-010 7.2475e-010 8.2302e-010 7.7911e-010 1.5154e-010 4.9341e-010 6.5274e-008 3.8145e-006 3.5782e-003 1.2260e-001 2.2191e-002 3.3278e-005 4.8218e-003 7.5917e-003 6.7316e-003
          18 5.8848e-010 1.3710e-009 1.4545e-009 2.4489e-010 2.6181e-009 7.8436e-010 1.2577e-008 1.8366e-007 1.1904e-003 1.2896e-001 3.0269e-003 1.2106e-002 2.1538e-002 1.9107e-002 1.2740e-002
          19 2.4737e-010 4.3043e-010 2.0809e-010 8.7308e-011 2.4375e-010 1.8459e-010 9.7495e-009 3.4793e-008 3.4609e-004 1.2474e-001 4.5018e-003 4.2286e-002 3.5915e-002 2.1236e-002 1.0453e-002
          20 7.6553e-012 2.9657e-012 1.3884e-010 3.8026e-010 5.8468e-010 3.6156e-010 4.1499e-009 7.0366e-008 8.1668e-005 1.0880e-001 4.3309e-002 6.7003e-002 2.7270e-002 7.6109e-003 1.4339e-003
          21 5.5098e-011 2.8519e-010 5.8551e-010 2.0405e-010 1.0731e-009 9.4569e-014 6.6340e-009 8.4016e-012 1.2719e-005 8.1592e-002 1.1968e-001 5.0411e-002 2.5152e-003 1.3639e-003 4.3788e-003
          22 1.5647e-010 4.8356e-010 5.4721e-010 1.7487e-011 3.9163e-010 1.5989e-010 2.0170e-010 1.6967e-008 4.1508e-007 4.8487e-002 1.9609e-001 3.9156e-003 1.8515e-002 2.9382e-002 2.1443e-002
          23 1.7759e-010 4.0678e-010 2.6730e-010 1.1902e-011 1.3807e-011 1.8492e-010 1.2332e-009 4.2008e-009 2.6845e-007 1.9727e-002 2.0407e-001 4.9527e-002 7.8274e-002 3.3361e-002 8.9543e-003
          24 1.3605e-010 2.3947e-010 7.9116e-011 4.6334e-011 3.9954e-011 8.0362e-011 2.1299e-009 1.3019e-010 3.6332e-008 4.0195e-003 1.1663e-001 2.6527e-001 2.4055e-002 3.2222e-003 1.3912e-002
          25 7.9445e-011 1.1062e-010 1.3829e-011 4.7082e-011 8.8848e-011 1.9202e-011 1.3575e-009 1.4758e-009 5.9467e-008 1.4176e-004 2.1549e-002 3.1637e-001 1.4769e-001 9.0372e-002 2.4938e-002
          26 3.2579e-011 3.8540e-011 1.4105e-012 2.4258e-011 5.7611e-011 3.0434e-012 5.1513e-010 1.0410e-009 1.7524e-008 6.2405e-006 1.1452e-006 3.8623e-002 5.4038e-001 1.3646e-001 4.4882e-002
          27 1.1607e-011 1.2767e-011 1.7213e-013 9.3497e-012 2.3863e-011 5.9826e-013 1.7347e-010 4.2600e-010 4.6861e-009 4.7057e-007 4.4692e-006 3.0113e-003 1.3013e-003 5.0627e-001 3.9289e-001
