   v'->v''           0           1           2           3           4           5
           0 9.9624e-001 3.7498e-003 1.2968e-005 9.6120e-008 7.0402e-010 7.0939e-009
           1 3.7569e-003 9.8696e-001 9.2283e-003 5.5348e-005 7.5979e-007 4.7084e-011
           2 5.2404e-006 9.2626e-003 9.7316e-001 1.7411e-002 1.5715e-004 2.4125e-006
           3 1.0903e-008 2.8133e-005 1.7486e-002 9.5258e-001 2.9484e-002 4.1176e-004
           4 2.0619e-009 2.7198e-007 1.0819e-004 2.9621e-002 9.2147e-001 4.7763e-002
           5 9.4868e-009 1.7479e-009 1.2340e-006 3.2734e-004 4.7912e-002 8.7304e-001
           6 2.2534e-008 1.2433e-008 1.8756e-009 5.9626e-006 9.4697e-004 7.5949e-002
           7 6.0814e-009 7.4339e-009 2.2381e-009 8.7220e-008 2.7178e-005 2.7059e-003
           8 2.4221e-009 3.8751e-009 8.9086e-009 4.4342e-009 8.3410e-007 1.2545e-004
           9 2.6469e-009 2.6579e-009 1.2983e-008 3.0386e-010 3.3918e-008 6.3487e-006
          10 1.4152e-010 3.0658e-009 4.1513e-009 3.6258e-009 6.7633e-010 3.8124e-007
          11 1.3608e-009 1.3039e-009 2.9034e-009 1.6820e-009 3.9477e-009 7.2550e-009
          12 9.8579e-011 1.5016e-009 2.0710e-009 1.8403e-011 4.0086e-009 8.3504e-010
          13 1.2404e-009 1.3738e-010 4.9982e-010 2.5938e-011 9.8623e-010 7.5436e-009
          14 1.5533e-009 6.4900e-010 9.0379e-010 8.2929e-010 2.9251e-010 5.2428e-009
          15 6.9858e-011 2.2788e-012 4.0403e-010 2.7387e-010 1.7057e-009 1.1075e-010
          16 5.2011e-010 3.3236e-010 3.3088e-010 1.9312e-010 5.2876e-010 2.1396e-009
          17 1.0807e-009 2.2384e-010 9.7721e-010 4.1400e-010 2.7347e-010 1.1403e-011
          18 5.5343e-010 1.3968e-012 1.9077e-010 5.0351e-011 4.2220e-010 6.2974e-010
          19 4.8429e-011 2.0327e-010 1.0902e-010 2.0386e-011 4.9049e-012 3.3619e-011
          20 4.2385e-011 2.9887e-010 5.3527e-010 3.4095e-011 9.2716e-011 3.2516e-010
          21 1.7039e-010 1.5344e-010 4.8284e-010 8.8202e-013 5.6768e-011 4.2195e-010
          22 1.8508e-010 2.0096e-011 1.7278e-010 1.7207e-011 1.3048e-012 6.4270e-011
          23 1.1271e-010 5.2966e-012 1.2120e-011 4.0468e-011 6.7068e-011 2.6473e-011
          24 4.8889e-011 3.9827e-011 9.8045e-012 3.8035e-011 1.2197e-010 1.4732e-010
          25 1.5125e-011 5.5372e-011 3.6242e-011 2.2095e-011 1.0608e-010 1.6918e-010
          26 3.5698e-012 4.0055e-011 3.3709e-011 9.2723e-012 5.8917e-011 1.0516e-010
          27 2.0886e-013 4.0784e-012 3.6781e-012 7.5083e-013 5.4017e-012 1.0005e-011
