   v'->v''           0           1           2           3           4           5           6           7           8           9          10          11          12          13          14          15          16          17          18          19          20          21          22          23          24          25          26          27
           0 1.0000e+000 5.9262e-008 3.2337e-007 1.1364e-007 5.2226e-008 9.3079e-010 1.3503e-009 1.3932e-008 6.9764e-009 4.9355e-010 5.0356e-010 1.9782e-010 8.5134e-011 3.2564e-010 7.1912e-010 1.2845e-010 8.7250e-011 3.6676e-010 2.4803e-010 3.0708e-011 1.8613e-011 1.0325e-010 1.3782e-010 1.0457e-010 5.9603e-011 2.6331e-011 9.4583e-012 7.2053e-013
           1 5.7695e-008 1.0000e+000 6.5914e-008 8.8976e-007 1.8241e-007 1.4227e-008 8.2006e-009 2.4441e-008 1.9286e-008 1.6020e-008 2.4243e-010 2.5459e-011 3.0459e-009 3.7620e-010 1.9453e-009 3.6511e-009 8.4759e-010 9.7153e-011 8.0118e-010 5.8475e-010 8.8170e-011 2.1244e-011 1.6313e-010 2.1349e-010 1.6800e-010 9.4523e-011 4.0839e-011 3.3923e-012
           2 3.0909e-007 7.0413e-008 1.0000e+000 9.4951e-009 1.6143e-007 9.4046e-007 1.8994e-009 4.4047e-008 2.6025e-008 1.6789e-008 1.0051e-008 3.7598e-011 2.1067e-009 5.5520e-009 1.5590e-010 2.0470e-009 1.8196e-009 6.0010e-011 2.4852e-010 1.8891e-010 8.3918e-012 3.6549e-010 7.5027e-010 7.2226e-010 4.8638e-010 2.4520e-010 9.7625e-011 7.8095e-012
           3 1.3910e-007 8.4081e-007 1.1502e-008 9.9999e-001 8.6729e-006 2.4009e-006 2.4872e-006 7.2759e-008 1.5924e-007 2.5579e-009 5.8033e-009 5.4302e-011 2.1804e-011 1.4814e-008 1.4342e-008 8.5739e-011 4.0665e-009 2.8691e-009 1.0211e-010 2.7417e-010 2.5044e-010 1.6233e-012 1.6863e-010 3.9985e-010 4.3186e-010 3.0504e-010 1.5522e-010 1.3861e-011
           4 2.0959e-008 2.4744e-007 1.3335e-007 8.8458e-006 9.9986e-001 1.0865e-004 1.9818e-005 2.3788e-006 8.0814e-007 5.3637e-008 7.3681e-008 4.8275e-008 3.7017e-009 6.6980e-009 3.2854e-009 9.6861e-009 3.3840e-009 7.7270e-010 4.1096e-010 1.1896e-010 7.2762e-011 8.3221e-010 1.6712e-009 1.7331e-009 1.3030e-009 7.4957e-010 3.3866e-010 2.8886e-011
           5 1.3332e-008 7.5665e-010 1.0870e-006 2.4573e-006 1.1099e-004 9.9940e-001 4.3924e-004 4.2475e-005 5.0711e-007 1.2456e-006 4.7929e-008 5.5210e-008 1.0208e-007 9.9679e-009 4.7349e-012 7.3227e-011 1.0290e-010 9.5337e-011 1.7255e-009 3.1183e-009 2.0259e-009 4.9762e-010 1.8022e-012 1.2780e-010 2.6968e-010 2.6179e-010 1.6157e-010 1.5611e-011
           6 1.4239e-008 2.4974e-008 7.5624e-009 2.4571e-006 1.8410e-005 4.4990e-004 9.9844e-001 1.0215e-003 6.9635e-005 1.4681e-011 1.4400e-006 2.1102e-007 1.0799e-013 1.6658e-007 3.7917e-008 2.1300e-009 1.6241e-009 8.6214e-012 2.3987e-009 1.1822e-009 2.3941e-010 2.7400e-009 3.5744e-009 2.1605e-009 8.5320e-010 2.3111e-010 4.7402e-011 2.5487e-012
           7 1.7771e-009 1.3380e-008 2.0255e-009 5.7510e-008 1.7848e-006 3.4416e-005 1.0530e-003 9.9672e-001 2.0867e-003 1.0078e-004 8.6758e-007 1.0202e-006 4.3460e-007 1.1490e-007 1.1440e-007 5.8109e-008 1.3072e-008 1.9307e-008 6.4977e-009 1.0840e-009 6.7370e-009 3.1474e-009 5.0125e-011 6.4316e-010 1.2700e-009 1.0100e-009 5.1280e-010 4.5119e-011
           8 9.5058e-010 6.5103e-012 2.1975e-008 3.8562e-008 8.2206e-007 4.0196e-008 4.6724e-005 2.1576e-003 9.9393e-001 3.7248e-003 1.3970e-004 2.6611e-006 3.6945e-007 7.7033e-007 2.0228e-007 3.5855e-009 3.7850e-008 5.8409e-008 3.9759e-008 8.9904e-009 2.5517e-010 1.9114e-010 3.3092e-010 2.8205e-010 2.5128e-010 2.0008e-010 1.1891e-010 1.1422e-011
           9 2.8828e-009 1.5485e-009 3.4955e-009 5.1485e-008 1.5044e-009 1.2773e-006 6.8925e-007 4.9772e-005 3.8622e-003 9.8957e-001 6.3202e-003 1.9337e-004 4.7205e-006 1.6066e-008 5.2840e-007 5.8039e-007 3.7499e-009 1.7050e-009 1.4899e-008 6.3032e-008 5.1813e-008 1.2083e-008 3.4953e-010 1.5882e-010 1.3174e-010 1.4480e-011 2.0673e-013 2.6233e-013
          10 1.2392e-010 1.4178e-008 8.9115e-010 1.0787e-008 2.6701e-007 1.8289e-007 1.0886e-006 4.4419e-006 4.2536e-005 6.5629e-003 9.8271e-001 1.0376e-002 2.9095e-004 5.5487e-006 2.3258e-007 3.3779e-007 7.1449e-007 6.4963e-008 2.4395e-008 2.8689e-012 4.2000e-008 6.1547e-008 2.9607e-008 8.3856e-009 2.5267e-009 1.1003e-009 5.5215e-010 5.2004e-011
          11 1.2021e-009 2.8938e-009 2.3186e-008 1.8745e-010 7.2243e-009 7.0462e-008 5.8334e-007 3.3465e-007 1.0196e-005 2.5067e-005 1.0790e-002 9.7183e-001 1.6845e-002 4.8701e-004 3.1908e-006 1.7125e-006 2.0719e-007 5.0846e-007 1.9971e-007 1.1287e-007 1.1020e-008 5.7659e-009 1.6864e-008 1.4990e-008 1.1874e-008 8.6092e-009 4.9232e-009 4.6873e-010
          12 1.0003e-009 1.0395e-009 5.0421e-009 1.5100e-008 1.2163e-009 5.7996e-008 2.0285e-009 9.4618e-007 1.2170e-008 1.6895e-005 6.2374e-006 1.7555e-002 9.5371e-001 2.7734e-002 9.7292e-004 1.6327e-007 6.3920e-006 3.1331e-008 5.2265e-007 1.2413e-007 2.3455e-007 1.1642e-007 4.3800e-009 3.8274e-009 5.0197e-009 2.3724e-009 9.1608e-010 7.6009e-011
          13 1.1109e-011 1.5969e-009 9.4077e-010 8.3188e-009 8.2631e-010 3.3942e-008 3.7015e-008 7.9839e-008 9.7464e-007 9.5327e-007 2.2406e-005 3.0909e-006 2.9037e-002 9.2074e-001 4.7630e-002 2.4846e-003 4.7685e-005 2.7781e-005 2.8061e-007 5.6208e-008 1.6152e-007 3.2880e-007 1.3229e-007 3.9637e-008 1.8243e-008 8.9206e-009 3.4715e-009 2.6985e-010
          14 1.8404e-010 4.0390e-011 1.0375e-009 1.2200e-009 4.4388e-011 7.1928e-009 6.6761e-008 8.0820e-010 2.4358e-007 3.6431e-007 3.8884e-006 2.3040e-005 8.1910e-005 5.0425e-002 8.5159e-001 8.8356e-002 8.5565e-003 7.3997e-004 2.1044e-004 1.2773e-005 9.1842e-007 1.5856e-007 3.9461e-007 5.0026e-008 3.2762e-008 4.9584e-008 3.7385e-008 3.7369e-009
          15 1.2976e-010 1.3591e-010 7.1986e-011 4.9286e-010 7.7089e-011 3.8371e-010 4.2256e-008 2.8757e-008 8.1164e-008 3.1652e-007 1.2559e-011 8.4786e-006 1.3610e-005 5.7040e-004 9.3873e-002 6.5682e-001 1.8101e-001 4.5235e-002 1.3257e-002 5.6781e-003 2.0593e-003 9.1257e-004 3.9862e-004 1.2993e-004 2.0421e-005 1.2265e-007 8.2957e-009 1.2409e-010
          16 1.0262e-012 1.8471e-012 3.7083e-012 6.2505e-012 1.3945e-013 1.5995e-011 3.6763e-010 5.4795e-010 6.6745e-010 3.6311e-009 3.6992e-010 5.8408e-008 2.1151e-007 1.4616e-006 4.8424e-004 6.7679e-003 4.1910e-006 2.2252e-003 8.0350e-003 2.2874e-002 6.1014e-002 1.3787e-001 2.4815e-001 3.1028e-001 1.7963e-001 2.1570e-002 4.4872e-004 8.6466e-006
          17 2.7272e-012 7.4842e-012 3.0236e-011 2.9594e-011 9.1274e-013 1.1405e-010 1.1338e-009 3.1608e-009 1.8468e-009 1.5813e-008 3.7571e-009 1.5065e-007 9.7067e-007 1.1961e-006 9.8649e-004 2.2962e-002 5.8816e-003 2.3632e-002 4.2032e-002 6.8426e-002 9.9877e-002 9.8317e-002 3.3533e-002 1.6582e-002 2.5414e-001 3.1009e-001 1.9317e-002 6.2839e-004
          18 4.0994e-012 1.5235e-011 9.3356e-011 7.3021e-011 1.3746e-011 3.2268e-010 2.0071e-009 8.5092e-009 2.8259e-009 3.7276e-008 1.2156e-008 2.4324e-007 2.2216e-006 5.1452e-007 1.3643e-003 4.3454e-002 3.0576e-002 5.9273e-002 6.4675e-002 6.0654e-002 4.1019e-002 6.5139e-003 1.1754e-002 6.1885e-002 5.9566e-003 2.1170e-001 3.9780e-001 4.7776e-005
          19 2.3632e-012 1.0795e-011 8.4825e-011 5.9952e-011 2.1573e-011 2.7811e-010 1.3301e-009 7.2789e-009 1.6331e-009 2.9928e-008 1.1330e-008 1.5509e-007 1.7243e-006 6.3637e-008 7.9343e-004 3.0214e-002 3.2774e-002 4.3779e-002 3.3114e-002 1.7776e-002 3.0593e-003 3.4134e-003 2.2721e-002 1.2049e-002 1.4297e-002 3.3333e-002 2.3152e-001 2.4677e-001
          20 6.6228e-013 3.3410e-012 2.9304e-011 1.9935e-011 9.0603e-012 9.3879e-011 4.0154e-010 2.4592e-009 4.5683e-010 9.8674e-009 3.9629e-009 4.6260e-008 5.5866e-007 3.7230e-009 2.2744e-004 9.3411e-003 1.1931e-002 1.3589e-002 8.4943e-003 3.1110e-003 2.8593e-005 3.0601e-003 7.4208e-003 1.0259e-003 8.0977e-003 2.2342e-003 3.9435e-002 7.0872e-001
