   v'->v''           0           1           2
           0 9.9303e-001 6.7783e-003 1.8584e-004
           1 6.9559e-003 9.7919e-001 1.3286e-002
           2 1.7335e-005 1.3987e-002 9.6453e-001
           3 3.5303e-007 4.2384e-005 2.1903e-002
           4 1.0568e-008 2.4825e-006 8.9267e-005
           5 1.6953e-008 3.9939e-007 2.1770e-006
           6 6.8061e-008 2.4464e-008 1.6695e-006
           7 1.3762e-009 1.5614e-008 1.3980e-007
           8 8.7491e-010 3.8376e-010 1.8815e-009
           9 2.2735e-009 1.2664e-008 2.8753e-008
          10 2.5475e-010 2.0111e-008 8.6895e-009
          11 2.7734e-009 2.5889e-011 3.7978e-008
          12 2.3606e-009 9.4900e-009 3.9704e-009
          13 1.2298e-011 3.7545e-009 6.5453e-010
          14 1.3812e-009 1.7663e-011 4.3043e-010
          15 1.0494e-009 7.0208e-010 2.9312e-011
          16 9.2515e-012 8.1983e-012 3.2391e-013
          17 2.8578e-011 3.1484e-011 2.1829e-012
          18 5.0123e-011 6.4153e-011 7.8032e-012
          19 3.2803e-011 4.6230e-011 8.1434e-012
          20 9.8274e-012 1.4477e-011 3.0080e-012
