   v'->v''           0           1           2           3           4           5
           0 9.9689e-001 3.1035e-003 5.1377e-006 4.0052e-008 2.7485e-009 4.5333e-008
           1 3.1000e-003 9.8874e-001 8.1317e-003 2.8974e-005 2.1345e-007 5.2225e-009
           2 7.4773e-006 8.1199e-003 9.7563e-001 1.6150e-002 8.8084e-005 2.1621e-006
           3 2.9857e-008 3.7276e-005 1.6061e-002 9.5318e-001 3.0492e-002 2.2465e-004
           4 1.2028e-008 3.8532e-007 1.6228e-004 2.9867e-002 9.1083e-001 5.8316e-002
           5 2.1875e-009 2.2217e-008 6.3729e-006 7.2374e-004 5.5582e-002 8.3094e-001
           6 1.2253e-008 1.9903e-009 7.1306e-007 4.9772e-005 2.8006e-003 1.0133e-001
           7 9.8880e-009 3.8869e-008 1.1105e-010 2.4493e-006 1.9893e-004 8.6131e-003
           8 1.4041e-009 2.7594e-008 1.3867e-007 2.8720e-007 1.5826e-006 5.5944e-004
           9 3.6352e-009 8.2588e-010 2.5247e-008 1.8314e-007 1.4624e-006 6.0998e-006
          10 9.6241e-011 4.5314e-009 4.7727e-010 1.2714e-008 8.7377e-008 1.6223e-006
          11 1.8705e-009 7.8296e-010 8.6912e-010 2.2991e-010 2.8382e-007 6.5615e-006
          12 3.4263e-010 2.9044e-009 4.4740e-009 1.4744e-008 1.8128e-007 2.1741e-008
          13 6.1659e-010 1.3804e-010 1.3985e-009 8.9162e-009 6.4323e-008 1.0048e-006
          14 9.6197e-010 2.3432e-009 1.9134e-009 1.3070e-009 8.3630e-008 1.2994e-007
          15 3.6683e-011 4.8442e-010 2.2933e-009 3.6258e-009 6.5986e-011 3.1463e-008
          16 3.3118e-010 3.5387e-010 7.2992e-012 2.2573e-011 1.2074e-008 1.6791e-007
          17 5.5892e-010 1.0491e-009 1.2162e-009 1.9051e-009 1.5955e-009 7.8944e-008
          18 1.7117e-010 3.1630e-010 6.7361e-010 5.9197e-010 4.6952e-010 7.6272e-011
          19 4.3874e-012 2.7031e-011 3.1588e-012 1.9738e-010 6.9271e-010 3.5841e-008
          20 1.6840e-010 4.1314e-010 5.0226e-010 1.1961e-009 8.4916e-011 3.6843e-008
          21 2.7947e-010 5.3894e-010 7.1900e-010 9.5846e-010 1.0330e-012 1.0531e-008
          22 2.2004e-010 3.0858e-010 3.7674e-010 2.2670e-010 2.3890e-012 1.5873e-010
          23 1.0513e-010 8.0508e-011 6.7591e-011 5.0405e-013 6.8903e-013 1.6842e-009
          24 2.9534e-011 2.0657e-012 1.2495e-012 1.0997e-010 3.1160e-012 3.6218e-009
          25 3.0851e-012 1.1038e-011 4.2193e-011 1.9508e-010 9.2401e-013 3.4402e-009
          26 1.1627e-013 2.6677e-011 6.4965e-011 1.7128e-010 6.3923e-014 2.2813e-009
          27 8.8814e-013 1.9847e-011 4.2135e-011 8.7569e-011 6.1036e-013 1.0221e-009
