   v'->v''           0           1           2           3           4           5           6           7           8
           0 6.2617e-002 9.2749e-001 9.3487e-003 5.8202e-005 3.9058e-004 8.9956e-005 2.5687e-007 3.3494e-006 2.1597e-006
           1 6.0749e-002 1.8163e-005 4.4976e-001 4.4795e-001 3.9451e-002 3.4507e-004 8.8094e-004 5.7460e-004 1.4529e-004
           2 1.8354e-001 4.3222e-003 9.6415e-002 8.6290e-002 3.4520e-001 2.2641e-001 5.0116e-002 4.8130e-003 8.9844e-005
           3 3.5101e-001 2.4543e-002 1.2157e-003 6.0493e-002 4.7266e-003 1.5845e-001 1.9737e-001 1.1122e-001 4.0767e-002
           4 4.7824e-033 3.5260e-033 2.3902e-030 5.2978e-029 2.9450e-026 5.4892e-023 4.3755e-019 2.7410e-013 5.5312e-005
           5 4.0097e-030 1.0180e-030 2.5988e-028 4.8320e-027 2.1817e-024 3.3142e-021 2.0854e-017 7.6497e-012 9.8021e-005
           6 4.1116e-028 8.6703e-029 1.3639e-026 2.0751e-025 7.4847e-023 9.2580e-020 4.6057e-016 9.9239e-011 1.6175e-004
           7 3.3441e-026 5.9424e-027 5.0924e-025 5.9169e-024 1.6745e-021 1.6817e-018 6.6090e-015 8.3543e-010 2.7412e-004
           8 6.9554e-024 9.5047e-025 2.1940e-023 1.2762e-022 2.6809e-020 2.1929e-017 6.7976e-014 5.0319e-009 4.2149e-004
           9 1.4498e-012 1.6593e-013 6.3965e-013 1.8231e-014 3.0386e-013 5.5924e-015 1.0188e-015 1.2628e-008 6.4276e-004
          10 2.6866e-023 1.8133e-024 9.1472e-023 1.9320e-021 3.4203e-019 2.1922e-016 5.3635e-013 2.3347e-008 6.1372e-004
          11 3.2442e-024 1.6620e-024 2.7838e-021 2.7553e-020 3.4686e-018 1.7793e-015 3.4305e-012 8.7963e-008 8.7258e-004
          12 4.3506e-022 2.4998e-022 5.3228e-020 3.4696e-019 2.9638e-017 1.1991e-014 1.8221e-011 2.7719e-007 1.2096e-003
          13 4.3240e-020 1.3256e-020 1.1446e-018 4.5161e-018 2.2170e-016 6.9398e-014 8.3025e-011 7.5418e-007 1.6261e-003
          14 1.0170e-017 2.3245e-018 8.5940e-017 1.3734e-016 1.5396e-015 3.4805e-013 3.3000e-010 1.8104e-006 2.1390e-003
          15 2.2237e-005 4.6611e-006 1.2026e-004 9.7336e-005 3.0968e-006 2.1058e-005 3.9186e-006 9.7296e-008 3.2587e-003
          16 4.2804e-017 7.7485e-018 8.8388e-017 1.1278e-018 8.2696e-015 1.5975e-012 1.1613e-009 3.8973e-006 2.7566e-003
          17 7.8961e-017 1.1250e-017 4.7627e-018 6.0731e-016 4.8214e-014 6.4931e-012 3.6925e-009 7.7054e-006 3.5125e-003
          18 3.7672e-016 3.9993e-017 2.7832e-016 8.3239e-015 2.7155e-013 2.4167e-011 1.0632e-008 1.4061e-005 4.3753e-003
          19 3.0744e-015 2.1128e-016 1.2730e-014 1.2099e-013 1.7169e-012 8.4537e-011 2.8301e-008 2.4249e-005 5.3890e-003
          20 8.8803e-014 2.5569e-015 1.1173e-012 5.4831e-012 2.4426e-011 2.9162e-010 6.9420e-008 3.9681e-005 6.5302e-003
          21 1.4417e-003 1.6517e-005 2.9370e-002 1.1069e-001 2.0916e-001 1.0115e-002 2.4048e-002 7.8187e-003 7.3745e-003
          22 1.4315e-013 5.7589e-018 5.5341e-012 1.5202e-011 3.2312e-012 7.6537e-010 1.6349e-007 6.2324e-005 7.8084e-003
          23 2.0101e-014 8.0865e-015 4.8116e-012 7.0374e-012 1.4783e-011 2.4573e-009 3.5742e-007 9.5202e-005 9.2545e-003
          24 1.1973e-014 8.5869e-014 1.3194e-011 8.4830e-012 1.5684e-010 7.7069e-009 7.4657e-007 1.4127e-004 1.0796e-002
          25 1.2419e-012 1.0189e-012 6.4427e-011 9.9655e-012 1.3779e-009 2.7187e-008 1.5128e-006 2.0569e-004 1.2464e-002
          26 6.6801e-011 2.8698e-011 8.5846e-010 3.1041e-012 2.6056e-008 1.7088e-007 3.0889e-006 2.9386e-004 1.4262e-002
          27 8.4235e-004 2.8015e-004 5.1594e-003 9.2134e-004 1.8899e-001 4.1063e-001 2.5875e-002 3.5482e-002 1.3721e-002
          28 1.7569e-009 5.2730e-010 7.5683e-009 3.0589e-009 3.0446e-007 2.8286e-007 4.5922e-006 4.2887e-004 1.6040e-002
          29 6.9006e-010 1.6155e-010 1.0145e-009 2.3473e-009 5.7225e-008 1.2228e-008 9.9976e-006 5.9247e-004 1.7957e-002
          30 1.5126e-009 2.9129e-010 6.0134e-010 6.8847e-009 6.1600e-008 1.9138e-007 2.0164e-005 8.2522e-004 1.9899e-002
          31 6.0693e-009 9.8830e-010 2.2141e-010 3.2526e-008 1.2095e-007 1.0834e-006 4.4626e-005 1.1473e-003 2.1747e-002
          32 5.1476e-008 7.1784e-009 1.5231e-009 3.0806e-007 4.8045e-007 8.8589e-006 1.4163e-004 1.6230e-003 2.3368e-002
          33 3.2019e-004 3.8380e-005 7.7657e-005 2.0905e-003 1.2423e-003 4.5686e-002 1.8886e-001 1.0184e-002 1.0893e-003
          34 5.6419e-004 6.7368e-005 1.4117e-004 3.6911e-003 2.1350e-003 8.0045e-002 3.1615e-001 3.1953e-003 4.9241e-002
          35 3.3925e-007 3.4601e-008 2.1884e-007 2.4005e-006 3.6976e-007 3.7839e-005 3.0223e-006 2.8576e-003 2.8318e-002
          36 2.5302e-007 2.1579e-008 3.1452e-007 1.9380e-006 1.0256e-008 2.2260e-005 3.1268e-005 4.3224e-003 2.9700e-002
          37 4.0386e-007 2.7805e-008 8.4834e-007 3.3643e-006 1.7137e-007 2.9491e-005 1.5550e-004 7.0184e-003 3.1134e-002
          38 1.1597e-006 6.0525e-008 3.8756e-006 1.0603e-005 2.9390e-006 7.6100e-005 6.7567e-004 1.4192e-002 3.1985e-002
          39 1.0889e-005 3.8520e-007 5.6317e-005 1.1067e-004 7.8850e-005 7.0264e-004 7.4495e-003 6.7000e-002 2.6863e-002
          40 1.2968e-004 3.4489e-006 8.4242e-004 1.4037e-003 1.4698e-003 8.5849e-003 9.2299e-002 4.5993e-001 5.9172e-003
          41 1.0034e-005 1.6717e-007 8.5576e-005 1.1795e-004 1.8389e-004 7.0373e-004 7.3734e-003 1.3482e-002 4.4936e-002
          42 1.9183e-006 5.1116e-009 2.7156e-005 2.6901e-005 7.7372e-005 1.5929e-004 1.5133e-003 3.8623e-005 4.7163e-002
          43 9.2790e-007 5.2537e-009 2.4462e-005 1.6869e-005 8.7535e-005 1.0196e-004 8.8132e-004 2.4796e-003 5.2567e-002
          44 5.6723e-007 5.9843e-008 3.4733e-005 1.5873e-005 1.5023e-004 9.9072e-005 8.5593e-004 7.7737e-003 6.1770e-002
          45 2.7368e-007 3.0125e-007 6.6801e-005 1.8780e-005 3.3923e-004 1.2076e-004 1.2483e-003 1.9256e-002 7.5010e-002
          46 3.2777e-009 1.0897e-006 1.3183e-004 2.0748e-005 7.6481e-004 1.3541e-004 2.1149e-003 3.8928e-002 7.4570e-002
          47 3.6737e-007 1.8287e-006 1.4222e-004 1.0511e-005 9.2483e-004 6.7609e-005 2.1641e-003 3.8466e-002 2.9892e-002
          48 1.0685e-006 1.5587e-006 8.0215e-005 1.3376e-006 5.8813e-004 7.4225e-006 1.2522e-003 1.8034e-002 1.7316e-003
          49 1.5995e-006 1.2452e-006 4.2669e-005 7.2552e-008 3.5665e-004 1.2492e-006 7.4014e-004 7.1554e-003 1.2255e-003
          50 2.1875e-006 1.1566e-006 2.6791e-005 1.5289e-006 2.5727e-004 1.4473e-005 5.4818e-004 3.0439e-003 5.5654e-003
          51 3.0205e-006 1.2244e-006 1.9366e-005 4.2697e-006 2.1563e-004 3.7951e-005 4.8275e-004 1.3789e-003 9.4044e-003
          52 4.2252e-006 1.4063e-006 1.5200e-005 8.4397e-006 1.9891e-004 7.3193e-005 4.6749e-004 6.4588e-004 1.2071e-002
          53 5.8263e-006 1.6614e-006 1.2139e-005 1.4312e-005 1.9055e-004 1.2195e-004 4.6223e-004 3.1177e-004 1.3253e-002
          54 7.5845e-006 1.9048e-006 9.1677e-006 2.1385e-005 1.7808e-004 1.7908e-004 4.3382e-004 1.6346e-004 1.2538e-002
          55 8.9632e-006 2.0189e-006 6.0874e-006 2.7910e-005 1.5383e-004 2.2929e-004 3.6313e-004 1.0543e-004 1.0000e-002
          56 9.5135e-006 1.9445e-006 3.3466e-006 3.1961e-005 1.1995e-004 2.5693e-004 2.6180e-004 9.3120e-005 6.6451e-003
          57 9.2635e-006 1.7312e-006 1.4237e-006 3.3072e-005 8.5304e-005 2.5940e-004 1.6115e-004 1.0705e-004 3.7111e-003
          58 8.5754e-006 1.4732e-006 3.8905e-007 3.2187e-005 5.6851e-005 2.4566e-004 8.3975e-005 1.3768e-004 1.7688e-003
          59 7.8113e-006 1.2388e-006 2.0752e-008 3.0578e-005 3.6470e-005 2.2655e-004 3.5278e-005 1.7779e-004 7.2084e-004
          60 7.1989e-006 1.0574e-006 6.6375e-008 2.9215e-005 2.2897e-005 2.0970e-004 9.7328e-006 2.2237e-004 2.4079e-004
          61 6.7694e-006 9.2267e-007 3.6863e-007 2.8357e-005 1.3915e-005 1.9685e-004 3.9420e-007 2.6687e-004 5.4886e-005
          62 6.4241e-006 8.1343e-007 8.4546e-007 2.7688e-005 7.8558e-006 1.8562e-004 2.5965e-006 3.0329e-004 3.4737e-006
          63 6.1380e-006 7.2248e-007 1.4483e-006 2.7151e-005 3.8898e-006 1.7560e-004 1.3146e-005 3.2668e-004 2.4926e-006
          64 5.8843e-006 6.4359e-007 2.1501e-006 2.6668e-005 1.4647e-006 1.6624e-004 2.9661e-005 3.3409e-004 1.1202e-005
          65 5.5645e-006 5.6486e-007 2.8881e-006 2.5807e-005 2.4692e-007 1.5493e-004 4.9493e-005 3.2006e-004 1.4140e-005
          66 5.1910e-006 4.8817e-007 3.6167e-006 2.4617e-005 2.6520e-008 1.4223e-004 7.0164e-005 2.8778e-004 9.8718e-006
          67 4.7231e-006 4.1033e-007 4.2503e-006 2.2894e-005 5.8105e-007 1.2723e-004 8.8639e-005 2.4007e-004 3.2243e-006
          68 4.1603e-006 3.3293e-007 4.6937e-006 2.0605e-005 1.6361e-006 1.1011e-004 1.0185e-004 1.8417e-004 2.9445e-009
