   v'->v''           0           1           2           3           4           5           6           7           8
           0 9.8331e-001 1.6293e-002 3.8592e-004 1.4879e-005 6.6996e-007 7.2373e-008 4.8690e-009 4.0096e-009 2.2817e-009
           1 1.6648e-002 9.4124e-001 4.0192e-002 1.7839e-003 1.2084e-004 1.0827e-005 6.4818e-007 5.1976e-007 2.9208e-007
           2 4.5490e-005 4.2186e-002 8.7526e-001 7.5762e-002 5.8535e-003 6.2154e-004 3.8588e-005 3.1142e-005 1.7547e-005
           3 1.8612e-008 2.7855e-004 8.2844e-002 7.6441e-001 1.2841e-001 1.6245e-002 1.0475e-003 8.5462e-004 4.8480e-004
           4 1.3683e-038 1.5555e-035 2.5509e-033 2.3584e-031 1.5036e-025 3.6288e-012 2.0228e-003 1.2910e-001 5.3519e-001
           5 1.3254e-036 2.4246e-034 5.4967e-033 3.9513e-029 1.0321e-023 8.1399e-011 2.6376e-003 4.7184e-002 5.0593e-003
           6 8.3361e-035 4.7354e-033 1.2334e-031 2.2423e-027 3.2741e-022 8.4623e-010 4.4389e-003 8.8294e-002 1.0971e-001
           7 3.6633e-033 3.8572e-032 5.6527e-029 9.4744e-026 6.7601e-021 5.6793e-009 6.1942e-003 5.8663e-002 1.4248e-002
           8 1.0142e-031 6.9827e-030 2.4233e-026 7.2946e-024 1.0157e-019 2.7115e-008 8.1764e-003 7.2861e-002 2.1721e-002
           9 9.9129e-022 5.6959e-018 6.5258e-015 7.5974e-013 2.8007e-012 6.1668e-008 1.1859e-002 8.8860e-002 5.1988e-003
          10 4.9152e-030 4.4818e-028 1.9392e-025 4.4414e-025 1.1079e-018 9.9381e-008 1.0418e-002 5.4637e-002 2.3319e-002
          11 1.1320e-028 2.1710e-027 2.8458e-025 8.5264e-023 1.0309e-017 2.9443e-007 1.2600e-002 5.7048e-002 1.5390e-003
          12 2.7559e-027 1.4735e-026 3.4706e-025 2.0443e-021 7.9490e-017 7.2818e-007 1.4844e-002 4.4222e-002 2.7478e-002
          13 8.2419e-026 5.0913e-026 4.4587e-024 4.0130e-020 5.3740e-016 1.5525e-006 1.7078e-002 4.1255e-002 7.7328e-004
          14 9.0690e-024 4.9289e-024 3.3687e-021 2.3314e-018 3.8298e-015 2.9254e-006 1.9209e-002 3.2087e-002 2.7094e-002
          15 1.4856e-011 2.8996e-011 8.0041e-009 2.8183e-006 1.2478e-004 4.9555e-005 2.6139e-002 3.6309e-002 2.4313e-002
          16 1.5296e-023 1.3679e-022 1.5097e-020 1.3646e-018 1.1563e-014 4.9620e-006 2.1127e-002 2.7458e-002 4.1530e-003
          17 4.0197e-024 5.0558e-022 1.9397e-020 4.9177e-020 6.0552e-014 7.7904e-006 2.3029e-002 2.0930e-002 2.3696e-002
          18 2.0422e-023 3.4105e-021 3.7915e-020 9.8827e-018 2.6751e-013 1.1417e-005 2.4607e-002 1.6443e-002 6.6360e-003
          19 2.2089e-021 3.2098e-020 1.3621e-020 1.8948e-016 1.1611e-012 1.6045e-005 2.6061e-002 1.2019e-002 1.8901e-002
          20 2.7585e-019 8.8617e-019 6.8947e-018 7.7792e-015 7.4359e-012 2.1793e-005 2.7242e-002 8.5587e-003 7.0891e-003
          21 8.1217e-009 1.2955e-008 3.4651e-007 1.3717e-004 1.9549e-002 2.1670e-001 4.0806e-002 2.8985e-006 9.1552e-004
          22 1.7062e-018 9.9441e-019 1.0101e-016 1.4595e-014 2.3395e-012 2.8820e-005 2.8193e-002 5.7602e-003 1.3734e-002
          23 1.6760e-018 6.1187e-021 1.2792e-016 2.5905e-015 2.0585e-011 3.7893e-005 2.9025e-002 3.5481e-003 6.0495e-003
          24 4.6026e-018 1.2761e-018 3.7858e-016 1.7772e-017 7.7135e-011 4.9201e-005 2.9525e-002 1.9680e-003 9.1635e-003
          25 1.8614e-017 2.4612e-017 1.5716e-015 2.9550e-014 2.8664e-010 6.3747e-005 2.9855e-002 8.9169e-004 4.3226e-003
          26 1.3666e-016 6.4843e-016 1.3117e-014 1.1936e-012 1.7107e-009 8.3881e-005 3.0073e-002 2.5739e-004 5.4373e-003
          27 2.7594e-010 5.0578e-009 4.2112e-008 1.0679e-005 3.4575e-003 1.6749e-001 4.1066e-003 1.1631e-002 1.0821e-002
          28 9.7732e-017 8.0476e-015 3.6790e-014 1.8135e-011 1.8544e-009 9.3102e-005 3.0005e-002 1.1954e-005 2.5641e-003
          29 2.2343e-016 1.0844e-015 1.9587e-016 3.3359e-012 3.5221e-010 1.2672e-004 2.9890e-002 7.3748e-005 2.7234e-003
          30 2.1415e-015 2.5436e-016 1.6292e-014 2.5874e-012 2.6084e-009 1.6354e-004 2.9711e-002 3.9912e-004 1.1551e-003
          31 1.7523e-014 9.3823e-016 1.2085e-013 2.1115e-012 1.0529e-008 2.1423e-004 2.9436e-002 9.4475e-004 9.9125e-004
          32 2.3291e-013 6.7844e-014 1.0393e-012 1.7453e-013 5.5364e-008 3.1049e-004 2.9385e-002 1.7292e-003 2.6054e-004
          33 1.9748e-009 1.0803e-009 4.2799e-009 2.6968e-008 1.4010e-004 2.8207e-002 6.4302e-002 2.8783e-002 8.9172e-003
          34 3.5025e-009 1.9377e-009 7.4171e-009 4.9694e-008 2.3974e-004 3.7460e-002 3.0974e-003 2.0512e-002 2.1316e-002
          35 2.6256e-012 2.0636e-012 1.5114e-012 7.8206e-011 2.7783e-008 2.3126e-004 2.7178e-002 2.9651e-003 1.4124e-005
          36 2.2973e-012 2.2897e-012 2.4852e-016 7.0275e-011 1.3603e-010 3.7397e-004 2.7577e-002 4.2074e-003 2.0621e-005
          37 4.0714e-012 4.8295e-012 2.5166e-012 8.4208e-011 2.4745e-008 5.6215e-004 2.8479e-002 5.7606e-003 2.6009e-004
          38 1.2297e-011 1.6776e-011 3.4018e-011 9.7641e-011 1.7077e-007 9.9026e-004 3.1610e-002 8.5391e-003 9.1163e-004
          39 1.1421e-010 1.7650e-010 8.1959e-010 2.5269e-011 2.1038e-006 3.7157e-003 4.9785e-002 2.0941e-002 5.0215e-003
          40 1.3123e-009 2.1679e-009 1.4409e-008 1.4304e-009 2.5319e-005 2.0552e-002 6.7907e-002 6.0952e-002 3.0944e-002
          41 9.4051e-011 1.6937e-010 1.6689e-009 9.4518e-010 1.8092e-006 3.3702e-004 5.2360e-003 1.0212e-004 4.6621e-004
          42 1.3707e-011 3.0356e-011 5.9758e-010 1.0111e-009 2.3601e-007 5.9164e-005 1.4410e-002 3.4938e-003 2.0492e-004
          43 3.2032e-012 1.1455e-011 5.4841e-010 1.5983e-009 4.3661e-008 2.7886e-004 1.7826e-002 6.0262e-003 8.9141e-004
          44 4.0600e-016 3.0550e-012 7.2413e-010 2.9763e-009 3.4118e-011 5.8414e-004 2.0706e-002 8.8089e-003 1.9554e-003
          45 8.7014e-012 6.0132e-013 1.1882e-009 6.2921e-009 7.4935e-008 1.0981e-003 2.3806e-002 1.2651e-002 3.7540e-003
          46 6.7054e-011 2.8652e-011 1.8542e-009 1.2118e-008 3.9286e-007 1.7072e-003 2.1794e-002 1.4981e-002 5.8262e-003
          47 1.5839e-010 9.5007e-011 1.4611e-009 1.1756e-008 6.3690e-007 1.2565e-003 7.6728e-003 7.8026e-003 4.1462e-003
          48 1.7034e-010 1.1858e-010 4.9430e-010 5.3653e-009 4.3270e-007 3.7515e-004 2.5527e-004 1.1391e-003 1.1056e-003
          49 1.6158e-010 1.2024e-010 9.9017e-011 1.9568e-009 2.2860e-007 6.1936e-005 5.2142e-004 1.3242e-007 1.2075e-004
          50 1.6981e-010 1.2845e-010 3.0676e-012 6.5125e-010 1.1626e-007 1.2515e-006 1.6477e-003 3.4329e-004 4.7997e-006
          51 1.9614e-010 1.4597e-010 2.2415e-011 1.4470e-010 5.3463e-008 1.0125e-005 2.3525e-003 8.2943e-004 1.1513e-004
          52 2.3913e-010 1.7099e-010 1.1463e-010 9.1458e-013 1.8157e-008 3.7584e-005 2.5858e-003 1.1937e-003 2.7422e-004
          53 2.9327e-010 1.9764e-010 2.7199e-010 7.6001e-011 2.0831e-009 6.5413e-005 2.3860e-003 1.3486e-003 4.0683e-004
          54 3.4260e-010 2.1380e-010 4.7084e-010 2.8141e-010 1.1647e-009 8.1605e-005 1.8187e-003 1.2428e-003 4.6138e-004
          55 3.6390e-010 2.0642e-010 6.4914e-010 4.9578e-010 9.2847e-009 7.8778e-005 1.0794e-003 9.1407e-004 4.1412e-004
          56 3.4564e-010 1.7422e-010 7.4002e-010 5.9874e-010 1.7729e-008 6.0136e-005 4.5348e-004 5.1852e-004 2.9346e-004
          57 2.9838e-010 1.2966e-010 7.2701e-010 5.5679e-010 2.0641e-008 3.6905e-005 1.0515e-004 2.1443e-004 1.6313e-004
          58 2.4159e-010 8.6831e-011 6.4297e-010 4.2261e-010 1.7937e-008 1.8243e-005 1.5882e-006 5.3414e-005 6.9324e-005
          59 1.8924e-010 5.3012e-011 5.3122e-010 2.6738e-010 1.2576e-008 6.9043e-006 2.7733e-005 2.0620e-006 1.9806e-005
          60 1.4683e-010 2.9182e-011 4.2108e-010 1.3640e-010 7.2191e-009 1.5639e-006 9.3274e-005 8.7814e-006 1.7340e-006
          61 1.1303e-010 1.3402e-011 3.2075e-010 4.6331e-011 3.1176e-009 1.6619e-008 1.5438e-004 3.7854e-005 1.3736e-006
          62 8.4698e-011 3.9994e-012 2.2927e-010 3.3871e-012 7.0369e-010 5.8197e-007 1.9263e-004 6.9173e-005 9.5496e-006
          63 6.0945e-011 1.6637e-013 1.5000e-010 9.3417e-012 1.4190e-012 2.0760e-006 2.0437e-004 9.2415e-005 1.9970e-005
          64 4.1116e-011 1.2781e-012 8.5259e-011 6.0471e-011 6.8777e-010 3.7160e-006 1.9334e-004 1.0383e-004 2.8769e-005
          65 2.4691e-011 6.7451e-012 3.7005e-011 1.4675e-010 2.2421e-009 4.9579e-006 1.6389e-004 1.0203e-004 3.3712e-005
          66 1.2310e-011 1.5665e-011 8.4691e-012 2.5243e-010 4.0521e-009 5.5539e-006 1.2543e-004 9.0057e-005 3.4564e-005
          67 4.1868e-012 2.6610e-011 3.5221e-014 3.5621e-010 5.5338e-009 5.4313e-006 8.5334e-005 7.1420e-005 3.1664e-005
          68 4.1475e-013 3.7513e-011 9.1916e-012 4.3484e-010 6.2673e-009 4.7164e-006 5.0542e-005 5.0721e-005 2.6046e-005
