   v'->v''           0           1           2           3
           0 9.9839e-001 1.5894e-003 1.7147e-005 9.1608e-010
           1 1.5684e-003 9.9563e-001 2.7000e-003 9.6826e-005
           2 3.7816e-005 2.6199e-003 9.9437e-001 2.5626e-003
           3 6.5085e-007 1.5254e-004 2.4520e-003 9.9539e-001
           4 2.0278e-038 8.3576e-036 1.2515e-034 3.7194e-033
           5 6.1661e-038 1.7235e-034 3.2534e-033 6.0555e-031
           6 9.5406e-038 7.0229e-033 2.2191e-031 4.9098e-029
           7 1.0430e-034 3.7960e-031 2.1971e-029 1.7195e-027
           8 1.0717e-032 7.2348e-029 7.8312e-027 2.0677e-026
           9 7.1011e-023 1.6275e-017 2.2538e-015 2.4336e-015
          10 3.1777e-031 4.1882e-028 8.3217e-026 1.8274e-024
          11 1.3961e-029 7.7134e-028 2.5590e-025 2.3772e-023
          12 5.1172e-028 5.1679e-027 2.0939e-024 3.5875e-022
          13 2.2451e-026 1.1007e-025 3.0268e-023 6.7002e-021
          14 3.8033e-024 2.0311e-023 2.2310e-021 4.7170e-019
          15 7.5238e-012 4.7279e-011 3.5281e-009 6.6981e-007
          16 1.1871e-023 1.1164e-022 4.2924e-021 5.7247e-019
          17 1.3446e-023 3.1474e-022 5.4084e-021 2.2763e-019
          18 1.9749e-023 2.3570e-021 2.8103e-020 1.1213e-019
          19 2.2446e-023 3.0013e-020 3.7930e-019 1.7302e-020
          20 3.9172e-020 1.3647e-018 2.4668e-017 9.4679e-018
          21 1.7545e-009 2.7779e-008 6.3683e-007 8.3698e-007
          22 5.4056e-019 3.7956e-018 1.2330e-016 4.3429e-016
          23 9.4147e-019 1.5271e-018 1.2063e-016 1.2463e-015
          24 4.5228e-018 8.4200e-019 3.8154e-016 7.3267e-015
          25 3.5995e-017 1.4017e-018 2.1199e-015 6.1187e-014
          26 7.4968e-016 4.0783e-016 3.1087e-014 1.2263e-012
          27 6.0097e-009 7.0977e-009 1.9440e-007 9.3329e-006
          28 1.0192e-014 1.6336e-014 2.8848e-013 1.5366e-011
          29 2.1761e-015 7.5626e-015 3.8526e-014 3.0211e-012
          30 2.3991e-015 1.7271e-014 2.1013e-014 3.2686e-012
          31 3.7646e-015 6.6125e-014 5.2793e-015 6.2226e-012
          32 5.4700e-015 4.9305e-013 7.3236e-014 2.4019e-011
          33 6.3838e-012 2.4626e-009 2.4635e-009 6.7978e-008
          34 1.3232e-011 4.3094e-009 4.4465e-009 1.1751e-007
          35 1.4013e-013 1.8363e-012 5.2184e-012 3.5546e-011
          36 3.5319e-013 7.8272e-013 5.4534e-012 1.7436e-011
          37 1.2822e-012 4.4628e-013 9.9618e-012 2.8135e-011
          38 7.0791e-012 3.5958e-014 2.7750e-011 1.1796e-010
          39 1.1691e-010 8.7706e-012 2.1101e-010 1.9197e-009
          40 1.8391e-009 3.1695e-010 2.0396e-009 3.1151e-008
          41 1.9588e-010 6.0745e-011 1.0773e-010 3.4703e-009
          42 6.5847e-011 3.8052e-011 4.3417e-012 1.2506e-009
          43 6.1262e-011 5.3396e-011 2.2927e-012 1.2108e-009
          44 8.7585e-011 1.0307e-010 3.2813e-011 1.7286e-009
          45 1.6539e-010 2.4594e-010 1.6598e-010 3.1215e-009
          46 3.1329e-010 5.6109e-010 5.7478e-010 5.4473e-009
          47 3.1785e-010 6.6668e-010 9.0152e-010 4.9250e-009
          48 1.6221e-010 4.0341e-010 6.9416e-010 2.0926e-009
          49 7.3132e-011 2.2233e-010 4.7855e-010 6.9132e-010
          50 3.5251e-011 1.3749e-010 3.6511e-010 1.8814e-010
          51 1.6499e-011 9.1480e-011 3.0011e-010 1.9003e-011
          52 5.7972e-012 5.9931e-011 2.4978e-010 1.4182e-011
          53 4.8667e-013 3.3910e-011 1.9484e-010 1.2961e-010
          54 1.3425e-012 1.2709e-011 1.2798e-010 3.3400e-010
          55 9.3372e-012 9.6296e-013 5.9693e-011 5.5575e-010
          56 2.2846e-011 2.7834e-012 1.2489e-011 7.0389e-010
          57 3.8196e-011 1.6703e-011 4.8724e-013 7.3679e-010
          58 5.2515e-011 3.7526e-011 2.0718e-011 6.7757e-010
          59 6.5076e-011 6.0888e-011 6.2308e-011 5.7360e-010
          60 7.6949e-011 8.5490e-011 1.1721e-010 4.6221e-010
          61 8.9125e-011 1.1157e-010 1.8224e-010 3.5733e-010
          62 1.0102e-010 1.3797e-010 2.5342e-010 2.6074e-010
          63 1.1248e-010 1.6396e-010 3.2746e-010 1.7722e-010
          64 1.2327e-010 1.8885e-010 4.0148e-010 1.0909e-010
          65 1.3116e-010 2.0877e-010 4.6551e-010 5.6965e-011
          66 1.3581e-010 2.2256e-010 5.1493e-010 2.2575e-011
          67 1.3559e-010 2.2708e-010 5.4070e-010 4.5993e-012
          68 1.2964e-010 2.2050e-010 5.3674e-010 1.7153e-014
