   v'->v''           0           1           2           3           4           5           6           7           8           9          10          11          12          13
           0 9.9477e-001 5.2154e-003 9.7315e-006 7.2735e-008 1.2717e-008 4.3640e-009 7.2679e-009 5.4239e-012 2.1728e-009 2.0217e-011 7.9171e-010 6.6318e-010 1.0946e-010 3.1450e-014
           1 5.1120e-003 9.8391e-001 1.0940e-002 3.6795e-005 3.5940e-007 3.2318e-008 5.2482e-010 9.3630e-009 2.0931e-010 1.4375e-009 8.6066e-011 9.2558e-010 4.6455e-010 6.9074e-011
           2 1.0913e-004 1.0491e-002 9.7232e-001 1.6983e-002 9.6016e-005 1.0676e-006 9.8753e-008 3.0075e-010 2.2779e-008 2.2731e-012 3.0799e-009 2.4162e-011 9.7684e-010 9.4625e-010
           3 4.3026e-006 3.6179e-004 1.5877e-002 9.6049e-001 2.3044e-002 2.1556e-004 2.7961e-006 2.2689e-007 9.6012e-010 3.7193e-008 1.1981e-009 2.4932e-009 4.6342e-010 7.5817e-011
           4 1.9857e-007 1.9581e-005 7.9164e-004 2.0918e-002 9.4914e-001 2.8675e-002 4.4819e-004 7.2718e-006 4.2054e-007 3.9488e-008 3.1965e-008 3.4029e-009 6.5833e-011 4.9434e-011
           5 5.3870e-008 1.3415e-006 5.5295e-005 1.4259e-003 2.5148e-002 9.3926e-001 3.3199e-002 8.9215e-004 1.9081e-005 1.1098e-006 6.7506e-008 7.9097e-008 2.5592e-008 2.9502e-009
           6 1.1350e-011 2.5867e-007 5.2489e-006 1.2548e-004 2.2813e-003 2.7970e-002 9.3219e-001 3.5651e-002 1.7172e-003 5.4125e-005 3.1870e-006 2.1970e-007 1.2381e-007 5.6102e-008
           7 2.6241e-011 6.8598e-009 7.7876e-007 1.4476e-005 2.4623e-004 3.3504e-003 2.8649e-002 9.2966e-001 3.4715e-002 3.1868e-003 1.6370e-004 1.2085e-005 1.0250e-006 2.2761e-007
           8 1.8274e-009 1.5533e-009 8.5778e-008 2.4692e-006 3.4530e-005 4.3904e-004 4.6005e-003 2.6383e-002 9.3355e-001 2.8832e-002 5.5729e-003 5.1351e-004 5.5685e-005 7.7495e-006
           9 8.7155e-010 6.0567e-009 2.5152e-008 3.5762e-007 6.3511e-006 7.1092e-005 7.1873e-004 5.9534e-003 2.0488e-002 9.4509e-001 1.7102e-002 8.6138e-003 1.5016e-003 2.6225e-004
          10 4.6883e-011 1.8563e-009 1.0913e-008 1.0002e-007 1.2893e-006 1.6273e-005 1.3756e-004 1.0968e-003 7.3033e-003 1.1128e-002 9.6153e-001 3.0079e-003 9.6138e-003 2.9942e-003
          11 5.3005e-010 6.0542e-011 1.8124e-009 4.2159e-008 3.7086e-007 3.4803e-006 3.5327e-005 2.4537e-004 1.5574e-003 8.5609e-003 1.5506e-003 9.6497e-001 6.2430e-003 2.6832e-003
          12 3.0761e-010 7.0701e-010 4.0763e-011 1.1504e-008 1.2600e-007 1.0273e-006 9.1935e-006 7.1901e-005 4.0848e-004 2.0466e-003 9.8886e-003 5.3204e-003 8.8581e-001 7.2509e-002
          13 2.7276e-011 3.7011e-010 4.3931e-013 1.8239e-009 4.1329e-008 4.4999e-007 3.0216e-006 2.1962e-005 1.3386e-004 6.1925e-004 2.4194e-003 1.2558e-002 6.7931e-002 5.1610e-001
          14 1.5562e-011 3.2419e-011 1.3371e-011 2.6643e-010 1.4110e-008 2.0396e-007 1.2910e-006 7.9169e-006 4.7318e-005 2.2913e-004 8.4341e-004 2.4263e-003 2.4131e-002 2.8417e-001
          15 5.8687e-011 1.0426e-011 5.3579e-011 9.2684e-011 5.5242e-009 8.3703e-008 5.8849e-007 3.3547e-006 1.8583e-005 8.8691e-005 3.3022e-004 9.3430e-004 1.5233e-003 1.1676e-001
          16 4.9590e-011 3.2118e-011 5.1108e-011 5.5375e-011 2.1508e-009 2.9568e-008 2.3365e-007 1.3357e-006 7.0285e-006 3.2437e-005 1.2132e-004 3.4585e-004 6.4423e-004 1.7770e-003
          17 1.3710e-011 1.1447e-011 1.4762e-011 1.5457e-011 4.7166e-010 6.0458e-009 5.0439e-008 2.9170e-007 1.5084e-006 6.8545e-006 2.5632e-005 7.2843e-005 1.4384e-004 1.0399e-004
