   v'->v''           0           1           2           3           4           5           6           7           8           9          10          11          12          13          14
           0 1.0035e-001 2.9914e-001 3.4414e-001 1.9317e-001 5.5063e-002 7.6419e-003 4.5125e-004 4.8603e-006 2.3659e-007 3.5544e-010 2.9581e-008 1.2032e-009 1.1096e-008 4.3489e-009 7.6305e-010
           1 1.6950e-001 1.6025e-001 3.0506e-005 1.7694e-001 3.0330e-001 1.5658e-001 3.1365e-002 2.1109e-003 1.2945e-005 1.4552e-006 4.4358e-009 1.3814e-008 9.1939e-010 3.7127e-009 1.1685e-009
           2 1.8087e-001 2.7669e-002 8.6409e-002 9.9805e-002 1.6001e-002 2.5934e-001 2.5423e-001 7.0638e-002 5.0043e-003 2.8611e-006 7.0098e-006 2.2247e-007 4.6093e-008 7.9870e-010 8.7526e-010
           3 1.5479e-001 8.4168e-004 1.0727e-001 1.1638e-005 1.2560e-001 1.6183e-002 1.4924e-001 3.1903e-001 1.1924e-001 7.6814e-003 4.6263e-005 1.2443e-005 3.1977e-006 5.4297e-007 7.4963e-008
           4 1.1798e-001 2.4392e-002 5.4824e-002 3.9878e-002 4.8897e-002 5.2828e-002 7.9514e-002 5.6450e-002 3.4940e-001 1.6794e-001 7.3167e-003 5.6905e-004 7.3092e-008 5.2026e-006 2.3965e-006
           5 8.4534e-002 5.0288e-002 1.2186e-002 6.8784e-002 1.9965e-004 8.2755e-002 2.8273e-003 1.1298e-001 1.1006e-002 3.6511e-001 2.0482e-001 2.4257e-003 1.8715e-003 2.0920e-004 1.7456e-005
           6 5.8511e-002 6.2913e-002 1.6981e-006 5.4989e-002 1.8033e-002 3.1352e-002 5.3512e-002 1.0094e-002 1.0061e-001 2.0516e-004 3.9483e-001 2.1044e-001 1.3797e-003 1.3028e-003 6.3360e-004
           7 3.9768e-002 6.3259e-002 6.2174e-003 2.7953e-002 4.0661e-002 1.1284e-003 5.6477e-002 1.2895e-002 3.8948e-002 6.7715e-002 3.5212e-004 4.6563e-001 1.4953e-001 2.5308e-002 1.6761e-003
           8 2.6831e-002 5.6502e-002 1.6969e-002 8.6422e-003 4.3284e-002 5.9373e-003 2.4562e-002 4.2255e-002 8.2067e-005 5.5166e-002 3.7355e-002 5.1314e-004 5.7532e-001 2.4587e-002 2.7707e-002
           9 1.8084e-002 4.6978e-002 2.5055e-002 7.8714e-004 3.2444e-002 1.9582e-002 3.4490e-003 4.0012e-002 1.4306e-002 1.0202e-002 5.2290e-002 1.6301e-002 2.7477e-002 5.6779e-001 4.6220e-002
          10 1.2192e-002 3.7198e-002 2.8507e-002 4.6194e-004 1.9154e-002 2.6452e-002 4.5120e-004 2.1689e-002 2.8904e-002 5.2433e-004 2.2288e-002 3.9873e-002 2.1008e-003 1.7870e-001 1.2912e-001
          11 8.1754e-003 2.8236e-002 2.7745e-002 2.9869e-003 9.1616e-003 2.5046e-002 5.2611e-003 7.1765e-003 2.7463e-002 9.3758e-003 2.8500e-003 2.4923e-002 2.9842e-002 1.7234e-002 2.9590e-001
          12 5.3772e-003 2.0403e-002 2.3875e-002 5.2230e-003 3.5109e-003 1.9200e-002 9.2827e-003 1.0666e-003 1.8186e-002 1.5249e-002 2.7697e-004 8.8715e-003 1.8516e-002 4.0669e-002 2.0306e-001
          13 3.4744e-003 1.4122e-002 1.8659e-002 5.9524e-003 1.0660e-003 1.2944e-002 9.9898e-003 1.7891e-006 9.8388e-003 1.4459e-002 2.8160e-003 1.7591e-003 9.8629e-003 7.1075e-003 2.0164e-001
          14 2.3264e-003 9.9348e-003 1.4282e-002 5.7139e-003 2.4962e-004 8.5412e-003 8.9596e-003 3.9728e-004 5.0350e-003 1.1406e-002 4.4819e-003 8.2852e-005 4.5172e-003 6.8581e-003 1.8304e-002
          15 1.6321e-003 7.2314e-003 1.1053e-002 5.1404e-003 2.8603e-005 5.7499e-003 7.5513e-003 8.7121e-004 2.5689e-003 8.5227e-003 4.9128e-003 9.8938e-005 1.8901e-003 4.0851e-003 1.7080e-002
          16 1.0961e-003 4.9898e-003 7.9715e-003 4.1080e-003 7.9230e-007 3.6716e-003 5.7035e-003 1.0453e-003 1.2357e-003 5.7952e-003 4.2660e-003 3.7212e-004 6.9585e-004 2.2173e-003 4.5084e-005
          17 6.1784e-004 2.8630e-003 4.7075e-003 2.5870e-003 1.2033e-005 1.9801e-003 3.4462e-003 8.0808e-004 5.2160e-004 3.2378e-003 2.7728e-003 4.0432e-004 2.1824e-004 1.0551e-003 1.1791e-003
          18 1.9792e-004 9.2500e-004 1.5419e-003 8.7312e-004 7.5886e-006 6.1889e-004 1.1389e-003 2.9698e-004 1.4160e-004 1.0276e-003 9.4454e-004 1.6683e-004 4.8019e-005 3.0755e-004 2.9740e-004
