   v'->v''           0           1           2           3           4           5           6           7           8           9          10          11          12          13
           0 4.5601e-002 3.9680e-002 9.6359e-002 2.3131e-001 3.3562e-001 2.1708e-001 3.3169e-002 4.0668e-004 3.3174e-004 2.7255e-004 4.1907e-005 2.3691e-007 8.4414e-006 7.4256e-006
           1 8.9196e-001 3.6154e-002 1.2835e-004 9.8135e-003 2.7352e-002 2.7246e-002 7.2631e-003 8.3165e-006 1.0014e-004 2.8999e-005 7.1140e-007 1.8152e-006 2.7641e-006 1.4966e-006
           2 4.1906e-002 2.9369e-001 1.8192e-001 5.2804e-002 5.0747e-003 1.5737e-001 2.1965e-001 4.6530e-002 4.2501e-004 2.0766e-004 3.1500e-004 1.2600e-004 2.1894e-005 1.5889e-006
           3 1.8704e-002 4.7757e-001 3.3474e-005 7.3768e-002 3.6832e-002 1.8487e-002 2.0411e-001 1.6070e-001 7.4706e-003 1.7429e-003 2.8293e-004 1.1367e-006 2.5802e-005 2.6697e-005
           4 1.5000e-003 1.1879e-001 2.2226e-001 5.1514e-002 2.3186e-002 5.6424e-002 1.4655e-002 2.9998e-001 2.0653e-001 2.5204e-003 1.2991e-003 8.0969e-004 2.5566e-004 5.0466e-005
           5 2.4578e-004 2.8766e-002 2.9210e-001 1.5458e-002 6.5571e-002 2.3573e-003 5.5856e-002 1.1118e-002 3.3552e-001 1.9138e-001 2.1281e-004 9.6187e-005 3.5922e-004 2.3905e-004
           6 5.4351e-005 4.3111e-003 1.3809e-001 1.2402e-001 7.5512e-003 4.4513e-002 1.2782e-003 5.7919e-002 4.7983e-003 3.9700e-001 2.1906e-001 2.3169e-004 2.2771e-004 9.8302e-007
           7 1.7355e-005 6.5555e-004 4.4806e-002 1.3980e-001 8.5967e-003 3.0954e-002 1.2405e-002 1.2690e-002 4.6818e-002 1.1256e-003 3.8661e-001 3.0779e-001 6.1135e-003 5.9162e-004
           8 5.7273e-006 1.3544e-004 1.2185e-002 7.9498e-002 2.3958e-002 7.0995e-003 1.6757e-002 5.1266e-005 2.1436e-002 1.6604e-002 3.5785e-002 2.1638e-001 4.8649e-001 8.1477e-002
