   v'->v''           0           1           2           3           4           5           6           7           8           9          10          11          12          13          14
           0 1.5284e-003 6.1000e-003 1.1222e-002 1.4146e-002 1.7131e-002 2.7511e-002 6.1472e-002 1.4669e-001 2.7452e-001 3.0291e-001 1.2983e-001 4.8305e-003 1.7110e-003 1.4945e-004 5.8844e-006
           1 6.4918e-002 2.1809e-001 3.0073e-001 2.2332e-001 9.7362e-002 2.3779e-002 1.3300e-003 2.7609e-003 1.6615e-002 2.9774e-002 1.9330e-002 1.7654e-003 2.1634e-004 3.0803e-006 6.7489e-007
           2 3.8103e-002 7.1494e-002 2.7169e-002 2.7854e-003 6.5299e-002 1.3286e-001 1.4229e-001 9.0285e-002 1.0260e-002 4.8168e-002 2.2513e-001 1.4141e-001 1.0970e-003 2.3601e-003 6.2994e-004
           3 9.1586e-002 1.1279e-001 6.9863e-003 6.0725e-002 1.5724e-001 8.7359e-002 2.9261e-003 2.9591e-002 6.1342e-002 4.5591e-003 9.5032e-002 2.4370e-001 3.8307e-002 6.5281e-003 5.3283e-004
           4 7.7578e-002 4.7726e-002 5.5519e-003 7.7513e-002 3.3905e-002 9.3614e-003 9.0849e-002 6.9927e-002 1.2358e-004 5.3655e-002 1.1282e-002 1.7148e-001 3.3249e-001 8.9615e-004 4.3320e-003
           5 8.9249e-002 2.3551e-002 3.0011e-002 6.3931e-002 3.8385e-005 7.8356e-002 7.0510e-002 4.3474e-006 4.5042e-002 1.3027e-002 3.1808e-002 5.5950e-003 2.9319e-001 2.1041e-001 2.7004e-002
           6 7.4416e-002 6.0628e-003 4.1404e-002 2.4507e-002 1.8502e-002 6.5959e-002 2.8844e-003 3.8269e-002 2.7460e-002 9.5689e-003 2.5716e-002 1.8770e-002 1.7047e-004 5.1575e-001 1.4207e-002
           7 5.5336e-002 5.8196e-004 3.6794e-002 4.9586e-003 3.1148e-002 2.5055e-002 8.7394e-003 4.3637e-002 7.3879e-004 2.6473e-002 6.3143e-004 2.4326e-002 7.3393e-003 4.0387e-002 5.1125e-001
           8 3.2122e-002 1.2896e-005 2.2167e-002 3.3168e-004 2.2631e-002 5.2110e-003 1.6013e-002 1.8640e-002 2.4216e-003 1.4548e-002 2.3030e-003 7.6559e-003 1.0772e-002 4.6014e-004 3.3332e-001
