   v'->v''           0           1           2           3           4           5           6           7
           0 9.4990e-001 4.7080e-002 2.8212e-003 1.8726e-004 1.0677e-005 1.0466e-006 2.6896e-007 1.4083e-007
           1 4.9767e-002 8.5090e-001 8.9141e-002 8.9729e-003 1.0484e-003 1.3811e-004 2.3682e-005 5.1909e-006
           2 3.2695e-004 1.0104e-001 7.4559e-001 1.3005e-001 1.8988e-002 3.1745e-003 6.0660e-004 1.3957e-004
           3 4.4298e-006 9.7861e-004 1.6008e-001 6.2823e-001 1.6775e-001 3.2898e-002 7.1468e-003 1.7644e-003
           4 3.3450e-007 1.4532e-006 2.3670e-003 2.2687e-001 4.9563e-001 2.0052e-001 5.1273e-002 1.3659e-002
           5 1.1483e-007 3.6255e-007 1.3316e-006 5.6572e-003 3.0253e-001 3.4200e-001 2.2035e-001 7.2532e-002
           6 3.2534e-007 1.2182e-007 1.0664e-006 3.6165e-005 1.3743e-002 3.8518e-001 1.6856e-001 1.9693e-001
           7 2.3513e-007 6.4524e-007 4.2879e-008 3.8085e-006 2.7713e-004 3.4330e-002 4.5317e-001 1.9992e-002
           8 1.0942e-007 2.5461e-007 4.5339e-007 1.5541e-010 1.6223e-005 1.6684e-003 8.8122e-002 4.1038e-001
           9 2.7339e-008 1.7652e-007 2.4030e-007 2.6351e-007 9.9472e-010 1.0044e-004 9.8165e-003 2.1200e-001
          10 1.7708e-009 1.0274e-007 2.5789e-007 1.6524e-007 1.2598e-007 8.0380e-007 9.0935e-004 5.9129e-002
          11 7.9466e-010 2.0706e-008 1.6565e-007 2.9007e-007 6.0310e-008 2.4391e-008 3.0203e-005 1.1945e-002
          12 3.6094e-009 8.2753e-011 5.4459e-008 2.2325e-007 2.5229e-007 3.0219e-009 3.3199e-007 1.4125e-003
          13 4.7599e-009 2.2516e-009 1.3141e-008 1.0230e-007 2.3408e-007 1.4493e-007 1.1716e-009 8.5637e-005
          14 4.5887e-009 3.5684e-009 3.4642e-009 4.5647e-008 1.3150e-007 1.5048e-007 1.2485e-007 7.9856e-007
          15 3.9801e-009 3.2567e-009 1.1754e-009 2.3994e-008 7.1053e-008 9.3124e-008 6.2541e-008 6.8867e-009
          16 3.0328e-009 2.3739e-009 4.8105e-010 1.3839e-008 3.9811e-008 5.3159e-008 2.2900e-008 2.7616e-008
          17 1.8323e-009 1.3679e-009 1.9946e-010 7.3294e-009 2.0710e-008 2.8068e-008 1.0350e-008 1.1535e-011
          18 6.0442e-010 4.4042e-010 5.5089e-011 2.3023e-009 6.4871e-009 8.9286e-009 3.3501e-009 2.0309e-009
