   v'->v''           0           1           2           3           4           5           6           7           8
           0 9.3113e-001 6.3224e-002 5.1017e-003 4.7499e-004 5.5391e-005 9.3214e-006 7.0523e-007 6.0771e-007 3.5727e-007
           1 6.8123e-002 7.9428e-001 1.1641e-001 1.7719e-002 2.7504e-003 4.3237e-004 3.0469e-005 2.5607e-005 1.4810e-005
           2 7.2234e-004 1.4148e-001 6.7835e-001 1.3485e-001 3.0994e-002 7.3796e-003 5.8976e-004 5.1393e-004 3.0388e-004
           3 2.0897e-005 7.8246e-004 1.9956e-001 5.8111e-001 1.4859e-001 3.2487e-002 2.6783e-003 2.3743e-003 1.4219e-003
           4 1.2699e-006 2.1957e-004 3.1778e-004 2.6087e-001 3.9390e-001 1.6810e-001 1.4114e-002 1.2431e-002 7.3961e-003
           5 5.7095e-007 1.1591e-005 5.7808e-005 4.1758e-003 3.7845e-001 8.1612e-002 1.7763e-002 1.9194e-002 1.2814e-002
           6 2.0578e-032 3.8882e-032 2.5209e-029 4.2653e-028 4.2317e-024 2.2118e-012 1.7007e-003 1.1750e-001 5.3973e-001
           7 7.1407e-030 3.5389e-028 2.5461e-026 2.0965e-025 4.8818e-022 5.5574e-011 2.3336e-003 4.6157e-002 2.2233e-003
           8 3.6903e-017 1.3421e-014 4.6786e-013 1.2471e-012 9.8608e-011 5.4097e-011 5.5763e-003 9.1415e-002 2.5367e-003
           9 1.1294e-027 9.6543e-025 2.8055e-023 4.3026e-023 3.8080e-021 6.5905e-010 4.0673e-003 8.6308e-002 1.1404e-001
          10 3.0562e-027 5.6776e-024 8.4204e-023 1.2864e-023 4.4485e-019 4.9152e-009 5.8757e-003 5.9828e-002 1.0801e-002
          11 1.1820e-024 2.5308e-022 1.9715e-021 8.0675e-021 1.2786e-017 2.6193e-008 8.1017e-003 7.5518e-002 2.3254e-002
          12 4.0371e-022 3.2057e-020 1.1883e-019 1.8847e-018 4.1662e-016 1.0755e-007 1.0803e-002 5.9051e-002 2.0855e-002
          13 9.3477e-010 4.3937e-008 8.0838e-008 3.1028e-006 8.3079e-005 2.0217e-003 1.7022e-002 8.4560e-002 1.7641e-002
          14 1.1320e-019 4.3761e-018 5.5215e-018 3.2470e-016 1.5958e-015 3.5703e-007 1.3762e-002 6.2111e-002 1.1608e-003
          15 2.6740e-019 5.4971e-018 4.1474e-019 4.6566e-016 9.7911e-015 1.0019e-006 1.7133e-002 4.9729e-002 2.8131e-002
          16 4.7816e-018 5.2166e-017 3.2566e-017 5.3136e-015 2.7656e-013 2.4508e-006 2.0972e-002 4.6389e-002 1.6609e-003
          17 3.0858e-016 1.6125e-015 9.9993e-015 2.4357e-013 1.1076e-011 5.4712e-006 2.5254e-002 3.6186e-002 3.1049e-002
          18 6.2030e-008 1.7496e-007 3.5689e-006 4.2610e-005 1.2588e-003 9.2590e-002 2.8800e-002 3.9636e-002 2.6926e-002
          19 1.1044e-014 1.9606e-014 8.3913e-013 7.2389e-012 1.4875e-010 1.0199e-005 3.0090e-002 3.0097e-002 6.9997e-003
          20 1.0598e-014 8.6289e-016 1.6389e-012 6.9653e-012 3.1263e-011 2.1127e-005 3.5893e-002 2.1549e-002 2.9224e-002
          21 6.4019e-014 8.3090e-014 2.1262e-011 5.2385e-011 1.7976e-011 4.4750e-005 4.3147e-002 1.4731e-002 9.9957e-003
          22 1.9228e-012 2.7759e-011 1.7603e-009 2.6534e-009 2.0094e-010 1.6082e-004 5.5142e-002 7.1067e-003 2.1651e-002
          23 2.9446e-009 1.0290e-007 4.7674e-006 5.8560e-006 1.3245e-006 3.5321e-002 1.1686e-001 8.6192e-002 3.9563e-002
          24 1.2973e-012 2.2987e-010 7.4769e-009 6.6036e-009 7.7981e-009 4.3908e-005 5.9379e-002 3.9353e-003 9.5082e-003
          25 4.0172e-013 6.6641e-010 1.4235e-008 6.3080e-009 5.7713e-008 2.3563e-004 8.3507e-002 8.2122e-005 1.2379e-002
          26 7.2275e-011 9.2730e-009 1.4746e-007 2.3405e-008 1.1700e-006 1.1992e-003 1.4855e-001 8.6826e-003 5.4191e-004
          27 1.4944e-009 1.0274e-007 1.3913e-006 6.6341e-008 1.4089e-005 4.8327e-003 1.7599e-001 7.0592e-002 1.1960e-002
          28 1.1897e-009 5.5670e-008 6.5820e-007 1.3740e-009 7.6127e-006 7.5591e-004 4.8755e-005 1.3149e-002 1.7232e-002
          29 1.1936e-009 3.7031e-008 3.5957e-007 1.9980e-008 4.4802e-006 1.3327e-005 2.0969e-002 3.1361e-006 2.4346e-003
          30 1.9319e-009 4.5178e-008 3.6204e-007 1.0477e-007 4.3126e-006 3.1768e-005 2.2062e-002 3.2325e-003 1.9900e-004
          31 2.6880e-009 5.1365e-008 3.3855e-007 2.5281e-007 3.5400e-006 8.6667e-005 9.5120e-003 5.0635e-003 1.3876e-003
          32 2.9672e-009 4.8623e-008 2.5735e-007 3.9911e-007 2.2011e-006 7.8932e-005 1.4073e-003 2.9213e-003 1.1940e-003
          33 2.9409e-009 4.2894e-008 1.7468e-007 5.1745e-007 1.1499e-006 4.6286e-005 1.8653e-006 7.7600e-004 1.3322e-003
          34 2.7919e-009 3.7465e-008 1.1003e-007 6.1188e-007 5.3160e-007 2.1745e-005 3.1789e-004 4.1892e-005 1.6893e-004
          35 2.5361e-009 3.2264e-008 6.1534e-008 6.7515e-007 2.0966e-007 8.9401e-006 4.0173e-004 3.7170e-005 6.1865e-005
          36 2.1813e-009 2.7044e-008 2.7641e-008 6.9974e-007 6.2117e-008 3.4415e-006 2.4269e-004 1.1970e-004 3.8981e-005
          37 1.7679e-009 2.1942e-008 7.6833e-009 6.8763e-007 8.2356e-009 1.3560e-006 8.9505e-005 1.1637e-004 2.1779e-005
          38 1.3461e-009 1.7193e-008 1.9608e-010 6.4770e-007 1.0396e-009 6.1133e-007 1.8107e-005 6.6568e-005 7.6173e-005
          39 9.5564e-010 1.2958e-008 2.8566e-009 5.8990e-007 1.7893e-008 3.4532e-007 6.4351e-007 2.4685e-005 1.8590e-005
          40 6.2148e-010 9.3023e-009 1.2947e-008 5.2182e-007 5.0259e-008 2.4483e-007 9.8960e-007 5.4197e-006 1.9733e-005
          41 3.5887e-010 6.2723e-009 2.7658e-008 4.5010e-007 9.5628e-008 1.9876e-007 2.5739e-006 2.9160e-007 1.8604e-006
          42 1.7276e-010 3.8865e-009 4.4411e-008 3.8016e-007 1.5275e-007 1.6373e-007 2.3602e-006 2.4830e-007 5.7862e-007
          43 5.8794e-011 2.1216e-009 6.1055e-008 3.1509e-007 2.1898e-007 1.2318e-007 1.3791e-006 8.7690e-007 2.6140e-008
          44 6.8791e-012 9.3118e-010 7.5944e-008 2.5658e-007 2.8929e-007 7.6873e-008 5.5673e-007 8.9404e-007 4.8820e-007
          45 3.6635e-012 2.5111e-010 8.7980e-008 2.0527e-007 3.5687e-007 3.4419e-008 1.3234e-007 5.5682e-007 2.3640e-007
          46 3.4755e-011 4.6754e-012 9.6539e-008 1.6108e-007 4.1440e-007 6.9917e-009 5.5401e-009 2.6365e-007 3.9961e-007
          47 8.6478e-011 1.0919e-010 1.0147e-007 1.2365e-007 4.5595e-007 3.4689e-010 1.1772e-008 9.5372e-008 2.0861e-007
          48 1.4686e-010 4.8020e-010 1.0286e-007 9.2327e-008 4.7754e-007 1.2664e-008 3.7384e-008 1.7110e-008 3.5918e-008
          49 2.0644e-010 1.0355e-009 1.0114e-007 6.6623e-008 4.7870e-007 3.7066e-008 4.1642e-008 1.2822e-010 3.2422e-008
          50 2.5827e-010 1.6980e-009 9.6820e-008 4.5947e-008 4.6119e-007 6.5802e-008 2.9277e-008 8.6751e-009 5.0884e-009
          51 2.9866e-010 2.4045e-009 9.0705e-008 2.9850e-008 4.2986e-007 9.3474e-008 1.4724e-008 1.2284e-008 5.3088e-009
          52 3.2530e-010 3.0977e-009 8.3236e-008 1.7730e-008 3.8866e-007 1.1745e-007 5.0305e-009 8.2436e-009 2.3768e-009
          53 3.3798e-010 3.7337e-009 7.4985e-008 9.1351e-009 3.4235e-007 1.3734e-007 6.5908e-010 4.1414e-009 2.9854e-010
          54 3.3796e-010 4.2830e-009 6.6455e-008 3.6114e-009 2.9508e-007 1.5386e-007 2.2261e-010 1.8546e-009 3.9843e-009
          55 3.2690e-010 4.7223e-009 5.7969e-008 7.1422e-010 2.4962e-007 1.6760e-007 2.7596e-009 3.8766e-010 3.4971e-009
          56 3.0693e-010 5.0370e-009 4.9792e-008 1.9683e-011 2.0783e-007 1.7869e-007 7.5621e-009 1.9830e-010 1.0681e-010
          57 2.8075e-010 5.2279e-009 4.2170e-008 1.1096e-009 1.7094e-007 1.8702e-007 1.3481e-008 3.0708e-009 1.8154e-009
          58 2.5061e-010 5.2978e-009 3.5218e-008 3.5801e-009 1.3922e-007 1.9202e-007 1.8884e-008 8.6316e-009 7.8984e-010
          59 2.1858e-010 5.2548e-009 2.9001e-008 7.0450e-009 1.1248e-007 1.9309e-007 2.2391e-008 1.3690e-008 1.4507e-009
          60 1.8660e-010 5.1172e-009 2.3564e-008 1.1160e-008 9.0356e-008 1.9017e-007 2.3613e-008 1.6143e-008 7.0842e-009
          61 1.5585e-010 4.8963e-009 1.8869e-008 1.5604e-008 7.2160e-008 1.8324e-007 2.3095e-008 1.6826e-008 1.3099e-008
          62 1.2738e-010 4.6103e-009 1.4881e-008 2.0113e-008 5.7292e-008 1.7292e-007 2.1822e-008 1.7636e-008 1.1450e-008
          63 1.0181e-010 4.2752e-009 1.1543e-008 2.4458e-008 4.5163e-008 1.6006e-007 2.0608e-008 1.9539e-008 8.7624e-009
          64 7.9510e-011 3.9080e-009 8.7918e-009 2.8474e-008 3.5274e-008 1.4569e-007 1.9858e-008 2.2136e-008 1.0686e-008
          65 6.0492e-011 3.5190e-009 6.5492e-009 3.2000e-008 2.7170e-008 1.3066e-007 1.9557e-008 2.4076e-008 1.5814e-008
          66 4.4768e-011 3.1258e-009 4.7581e-009 3.4984e-008 2.0558e-008 1.1595e-007 1.9480e-008 2.4172e-008 1.7873e-008
          67 3.2063e-011 2.7352e-009 3.3477e-009 3.7337e-008 1.5153e-008 1.0203e-007 1.9258e-008 2.2254e-008 1.4379e-008
          68 2.2094e-011 2.3570e-009 2.2611e-009 3.9036e-008 1.0771e-008 8.9264e-008 1.8603e-008 1.9264e-008 1.0237e-008
          69 1.4520e-011 1.9980e-009 1.4460e-009 4.0065e-008 7.2711e-009 7.7805e-008 1.7385e-008 1.6379e-008 9.0322e-009
          70 8.9603e-012 1.6589e-009 8.5422e-010 4.0294e-008 4.5425e-009 6.7433e-008 1.5624e-008 1.4251e-008 1.0360e-008
          71 5.0740e-012 1.3401e-009 4.4746e-010 3.9494e-008 2.5174e-009 5.7808e-008 1.3480e-008 1.2892e-008 1.1713e-008
