   v'->v''           0           1           2           3           4           5           6           7           8           9          10          11          12          13          14          15          16          17          18          19          20          21          22          23          24          25          26          27          28          29          30          31          32          33          34          35          36
           0 4.6436e-001 3.1965e-001 1.4087e-001 5.1149e-002 1.6693e-002 5.1276e-003 1.5252e-003 4.4489e-004 1.2753e-004 3.6070e-005 1.0224e-005 2.9682e-006 8.8810e-007 2.6627e-007 7.5998e-008 2.0098e-008 5.3795e-009 1.9627e-009 1.2532e-009 1.0979e-009 8.9152e-010 5.2848e-010 1.7683e-010 9.0410e-012 3.2436e-011 1.3113e-010 1.9375e-010 1.8408e-010 1.2789e-010 6.6421e-011 2.4445e-011 5.1328e-012 1.5133e-013 4.3742e-013 1.0525e-012 8.0488e-013 2.4021e-013
           1 3.7792e-001 2.0970e-002 1.9838e-001 1.9766e-001 1.1660e-001 5.3982e-002 2.1874e-002 8.1852e-003 2.9113e-003 1.0025e-003 3.3905e-004 1.1379e-004 3.8043e-005 1.2639e-005 4.1649e-006 1.3702e-006 4.5791e-007 1.5836e-007 5.6655e-008 2.0263e-008 6.7895e-009 1.9633e-009 4.4901e-010 7.7055e-011 1.2916e-011 6.5445e-012 1.0149e-011 1.4456e-011 1.2776e-011 5.5497e-012 1.8826e-013 2.9576e-012 1.3217e-011 2.4396e-011 2.8591e-011 2.0571e-011 6.3457e-012
           2 1.3226e-001 3.1983e-001 3.6915e-002 4.6654e-002 1.4511e-001 1.4163e-001 9.1619e-002 4.7998e-002 2.2211e-002 9.4910e-003 3.8481e-003 1.5099e-003 5.8118e-004 2.2089e-004 8.3005e-005 3.0901e-005 1.1480e-005 4.3049e-006 1.6418e-006 6.3279e-007 2.4072e-007 8.7415e-008 2.9439e-008 9.1641e-009 2.7913e-009 9.7113e-010 4.6527e-010 3.0517e-010 2.1924e-010 1.3653e-010 5.9629e-011 1.1355e-011 4.1823e-013 1.3482e-011 2.7369e-011 2.4174e-011 7.9689e-012
           3 2.3454e-002 2.6035e-001 1.5482e-001 1.2394e-001 8.8632e-009 6.3241e-002 1.1685e-001 1.0698e-001 7.1884e-002 4.0604e-002 2.0555e-002 9.6827e-003 4.3532e-003 1.8983e-003 8.0987e-004 3.3982e-004 1.4111e-004 5.8470e-005 2.4352e-005 1.0205e-005 4.2743e-006 1.7696e-006 7.1890e-007 2.8778e-007 1.1583e-007 4.8379e-008 2.1503e-008 1.0122e-008 4.8190e-009 2.1403e-009 7.8898e-010 1.9315e-010 1.2217e-011 1.0359e-011 4.1844e-011 4.1301e-011 1.3873e-011
           4 1.9396e-003 7.1793e-002 3.2243e-001 4.2706e-002 1.5061e-001 2.4352e-002 1.1996e-002 6.9849e-002 9.5514e-002 8.2665e-002 5.6590e-002 3.3592e-002 1.8185e-002 9.2666e-003 4.5302e-003 2.1489e-003 9.9742e-004 4.5699e-004 2.0838e-004 9.5006e-005 4.3289e-005 1.9641e-005 8.8533e-006 3.9779e-006 1.7991e-006 8.2898e-007 3.9194e-007 1.8919e-007 9.1509e-008 4.3128e-008 1.9200e-008 7.8365e-009 2.8532e-009 9.0388e-010 2.4449e-010 5.5195e-011 9.4313e-012
           5 5.0063e-005 7.2804e-003 1.3128e-001 3.2711e-001 2.6237e-003 1.2545e-001 6.0577e-002 1.6245e-004 2.9268e-002 6.8570e-002 7.7905e-002 6.4493e-002 4.4547e-002 2.7463e-002 1.5711e-002 8.5296e-003 4.4577e-003 2.2686e-003 1.1360e-003 5.6396e-004 2.7846e-004 1.3678e-004 6.6847e-005 3.2612e-005 1.5987e-005 7.9292e-006 3.9922e-006 2.0342e-006 1.0400e-006 5.2802e-007 2.6413e-007 1.2993e-007 6.3144e-008 3.0495e-008 1.4448e-008 5.9562e-009 1.4614e-009
           6 2.3723e-009 1.5991e-004 1.5039e-002 1.8854e-001 3.0665e-001 3.3938e-003 8.5034e-002 8.0383e-002 1.0437e-002 6.7869e-003 4.0367e-002 6.2709e-002 6.2905e-002 5.0277e-002 3.5029e-002 2.2288e-002 1.3310e-002 7.6022e-003 4.2124e-003 2.2867e-003 1.2233e-003 6.4743e-004 3.4039e-004 1.7864e-004 9.4011e-005 4.9730e-005 2.6442e-005 1.4109e-005 7.5457e-006 4.0486e-006 2.1860e-006 1.1924e-006 6.5810e-007 3.6470e-007 1.9607e-007 8.8543e-008 2.2613e-008
           7 4.2954e-008 7.7350e-007 2.0384e-004 2.2141e-002 2.3676e-001 2.8826e-001 1.4871e-002 5.1288e-002 8.2060e-002 2.5096e-002 9.7866e-005 1.9362e-002 4.4430e-002 5.4413e-002 5.0046e-002 3.9072e-002 2.7426e-002 1.7877e-002 1.1068e-002 6.6163e-003 3.8594e-003 2.2101e-003 1.2483e-003 6.9916e-004 3.9065e-004 2.1870e-004 1.2287e-004 6.9234e-005 3.9089e-005 2.2127e-005 1.2592e-005 7.2261e-006 4.1839e-006 2.4222e-006 1.3515e-006 6.2683e-007 1.6202e-007
           8 1.5803e-008 1.6579e-007 1.0446e-005 7.2803e-005 2.4811e-002 2.7323e-001 2.8901e-001 2.0812e-002 2.9522e-002 7.3742e-002 3.5050e-002 1.8038e-003 7.2819e-003 2.8498e-002 4.2973e-002 4.5256e-002 3.9270e-002 3.0114e-002 2.1236e-002 1.4147e-002 9.0583e-003 5.6306e-003 3.4225e-003 2.0492e-003 1.2171e-003 7.2051e-004 4.2597e-004 2.5163e-004 1.4867e-004 8.8065e-005 5.2474e-005 3.1516e-005 1.9038e-005 1.1430e-005 6.5600e-006 3.0989e-006 8.0720e-007
           9 8.0593e-009 5.9237e-009 1.1738e-007 4.6008e-005 4.6755e-005 2.0249e-002 2.9380e-001 3.1984e-001 1.6240e-002 1.7127e-002 6.3011e-002 3.8445e-002 5.6771e-003 1.9230e-003 1.7077e-002 3.1909e-002 3.8177e-002 3.6414e-002 3.0184e-002 2.2836e-002 1.6240e-002 1.1037e-002 7.2495e-003 4.6496e-003 2.9379e-003 1.8389e-003 1.1430e-003 7.0682e-004 4.3614e-004 2.6954e-004 1.6736e-004 1.0443e-004 6.5224e-005 4.0238e-005 2.3574e-005 1.1288e-005 2.9576e-006
          10 1.5756e-010 1.6104e-008 3.0003e-008 1.8946e-007 9.1547e-005 9.9195e-004 9.1751e-003 2.8724e-001 3.8800e-001 4.6545e-003 9.7290e-003 5.4570e-002 3.6482e-002 8.4198e-003 2.5401e-004 9.9969e-003 2.2995e-002 3.0803e-002 3.1799e-002 2.8168e-002 2.2656e-002 1.7025e-002 1.2163e-002 8.3869e-003 5.6488e-003 3.7407e-003 2.4440e-003 1.5813e-003 1.0183e-003 6.5544e-004 4.2256e-004 2.7251e-004 1.7494e-004 1.1038e-004 6.5835e-005 3.1925e-005 8.4124e-006
          11 4.4462e-009 5.3793e-010 1.3168e-008 5.4469e-008 6.9775e-006 5.7254e-005 3.5663e-003 1.4124e-004 2.3413e-001 4.8872e-001 1.7218e-003 3.7702e-003 5.1761e-002 3.0314e-002 9.2077e-003 1.5162e-006 6.0728e-003 1.6681e-002 2.4286e-002 2.6608e-002 2.4909e-002 2.1009e-002 1.6475e-002 1.2293e-002 8.8515e-003 6.2001e-003 4.2575e-003 2.8867e-003 1.9418e-003 1.2985e-003 8.6407e-004 5.7247e-004 3.7672e-004 2.4334e-004 1.4821e-004 7.2969e-005 1.9358e-005
          12 8.6638e-011 6.8764e-009 6.4769e-010 8.6990e-008 4.2848e-008 3.3692e-005 2.0660e-005 5.8065e-003 1.1267e-002 1.2419e-001 5.7506e-001 4.2223e-002 1.1640e-005 6.0378e-002 1.9559e-002 8.9258e-003 2.0861e-007 4.0886e-003 1.2601e-002 1.9022e-002 2.1708e-002 2.1036e-002 1.8327e-002 1.4894e-002 1.1492e-002 8.5340e-003 6.1735e-003 4.3814e-003 3.0640e-003 2.1207e-003 1.4577e-003 9.9537e-004 6.7254e-004 4.4381e-004 2.7468e-004 1.3666e-004 3.6420e-005
          13 1.3735e-009 1.4246e-010 1.8847e-009 6.6474e-009 1.3096e-007 3.7974e-006 3.8405e-005 8.1938e-004 2.8782e-003 5.1422e-002 1.2088e-002 5.2283e-001 1.5642e-001 1.3844e-002 9.6453e-002 4.5567e-003 1.0648e-002 2.6314e-004 2.8101e-003 1.0452e-002 1.4764e-002 1.7386e-002 1.7020e-002 1.5093e-002 1.2567e-002 9.8934e-003 7.5308e-003 5.5961e-003 4.0624e-003 2.9014e-003 2.0544e-003 1.4422e-003 9.9767e-004 6.7097e-004 4.2151e-004 2.1192e-004 5.6738e-005
          14 1.4841e-009 1.6810e-009 2.1437e-012 1.8634e-009 6.7163e-008 7.8779e-008 2.2255e-005 1.4263e-005 2.5863e-003 1.1714e-003 6.9577e-002 4.7929e-002 2.3198e-001 2.5269e-001 6.6203e-002 1.8889e-001 6.4655e-003 2.5420e-002 5.7711e-003 5.8563e-004 1.1798e-002 9.8099e-003 1.4263e-002 1.2490e-002 1.1763e-002 9.6074e-003 7.7209e-003 5.9780e-003 4.4742e-003 3.3184e-003 2.4179e-003 1.7270e-003 1.2160e-003 8.3428e-004 5.3279e-004 2.7052e-004 7.2702e-005
          15 4.6518e-010 2.0083e-009 4.0514e-010 1.8929e-009 8.9484e-009 1.9564e-008 5.9273e-006 8.7487e-006 7.1381e-004 7.9697e-004 2.4427e-002 9.4607e-003 1.9842e-001 3.1777e-004 1.1190e-001 6.4640e-002 2.6501e-001 8.0494e-002 8.9771e-002 5.3264e-002 6.8769e-003 3.1150e-002 1.0650e-003 1.8120e-002 5.1796e-003 1.0492e-002 5.4183e-003 5.9104e-003 3.8127e-003 3.2233e-003 2.2700e-003 1.6900e-003 1.2206e-003 8.3551e-004 5.3835e-004 2.7683e-004 7.4833e-005
          16 5.8393e-011 8.3830e-010 3.5862e-010 2.7700e-010 4.5639e-010 2.5382e-008 1.2612e-006 1.0760e-005 1.4028e-004 9.8571e-004 4.5972e-003 1.9911e-002 4.5790e-002 5.7653e-002 8.6602e-002 4.0528e-003 6.2781e-003 5.9479e-002 6.6753e-002 1.1635e-001 1.5265e-001 7.7690e-002 1.3029e-001 3.0200e-002 7.4143e-002 7.4598e-003 3.4029e-002 9.1777e-004 1.3761e-002 2.2507e-009 5.1406e-003 1.8336e-004 1.7871e-003 3.0997e-004 4.9610e-004 2.1659e-004 5.3208e-005
          17 2.6401e-012 1.4147e-010 8.0796e-011 1.0337e-011 8.9628e-012 6.2141e-009 1.6957e-007 2.7196e-006 1.7147e-005 2.4823e-004 4.9839e-004 5.4953e-003 4.8951e-003 2.2047e-002 1.3249e-002 6.7721e-004 7.7300e-004 2.7690e-002 1.4363e-002 1.1697e-002 4.2428e-003 1.6849e-003 2.5661e-003 3.1155e-002 2.3707e-002 6.8055e-002 4.8096e-002 8.8293e-002 6.2128e-002 9.0926e-002 6.5834e-002 8.5081e-002 6.5741e-002 8.0700e-002 7.0154e-002 7.8859e-002 2.9946e-002
