   v'->v''           0           1           2           3           4           5           6           7           8           9          10          11          12          13          14          15          16          17          18          19          20          21          22          23          24          25          26          27          28          29          30          31          32          33          34          35          36
           0 4.5803e-001 3.1845e-001 1.4366e-001 5.3652e-002 1.8014e-002 5.6962e-003 1.7497e-003 5.2991e-004 1.5883e-004 4.7337e-005 1.4219e-005 4.3699e-006 1.3709e-006 4.2557e-007 1.2501e-007 3.4168e-008 9.4267e-009 3.3327e-009 1.8497e-009 1.3583e-009 9.3532e-010 4.6145e-010 1.1083e-010 9.6063e-015 5.8907e-011 1.3686e-010 1.4431e-010 8.9804e-011 2.8328e-011 5.8346e-013 1.0608e-011 3.8099e-011 6.0423e-011 6.5851e-011 5.4297e-011 3.1125e-011 8.7024e-012
           1 3.8808e-001 2.0872e-002 1.9072e-001 1.9200e-001 1.1611e-001 5.5345e-002 2.3053e-002 8.8366e-003 3.2185e-003 1.1410e-003 4.0082e-004 1.4085e-004 4.9522e-005 1.7341e-005 6.0243e-006 2.0762e-006 7.1163e-007 2.4329e-007 8.3375e-008 2.9156e-008 1.0902e-008 4.7106e-009 2.5042e-009 1.6040e-009 1.1169e-009 7.5124e-010 4.4229e-010 2.0655e-010 6.3866e-011 6.2277e-012 2.8992e-012 1.9877e-011 3.4364e-011 3.7778e-011 3.0933e-011 1.7621e-011 4.9151e-012
           2 1.3443e-001 3.4726e-001 2.8961e-002 4.9621e-002 1.3741e-001 1.3187e-001 8.6303e-002 4.6242e-002 2.1894e-002 9.5257e-003 3.9159e-003 1.5583e-003 6.1189e-004 2.3977e-004 9.4309e-005 3.7417e-005 1.5041e-005 6.1158e-006 2.4793e-006 9.7441e-007 3.5870e-007 1.2028e-007 3.6736e-008 1.0987e-008 3.9511e-009 2.1912e-009 1.8262e-009 1.7504e-009 1.5822e-009 1.2500e-009 8.4898e-010 4.9793e-010 2.5542e-010 1.1671e-010 4.8329e-011 1.7149e-011 3.8758e-012
           3 1.8766e-002 2.6032e-001 2.0646e-001 1.0347e-001 1.5975e-003 6.9393e-002 1.0995e-001 9.5726e-002 6.3625e-002 3.6187e-002 1.8555e-002 8.8524e-003 4.0179e-003 1.7607e-003 7.5316e-004 3.1848e-004 1.3528e-004 5.8594e-005 2.6024e-005 1.1766e-005 5.3307e-006 2.3847e-006 1.0460e-006 4.5077e-007 1.9183e-007 8.0523e-008 3.2765e-008 1.2421e-008 4.1024e-009 1.0566e-009 1.6846e-010 6.7757e-012 1.5677e-012 1.3267e-012 2.5625e-013 2.7534e-012 1.5284e-012
           4 6.7163e-004 5.0619e-002 3.3391e-001 9.5107e-002 1.4195e-001 9.5420e-003 2.2926e-002 7.5544e-002 8.9304e-002 7.2604e-002 4.8409e-002 2.8572e-002 1.5535e-002 7.9593e-003 3.9012e-003 1.8519e-003 8.6067e-004 3.9532e-004 1.8101e-004 8.3350e-005 3.8940e-005 1.8586e-005 9.0840e-006 4.5308e-006 2.2880e-006 1.1586e-006 5.8314e-007 2.8959e-007 1.4100e-007 6.6843e-008 3.0576e-008 1.3339e-008 5.4742e-009 2.0834e-009 7.2516e-010 2.1818e-010 4.4819e-011
           5 3.5417e-006 2.5059e-003 9.1476e-002 3.7171e-001 3.4605e-002 1.3889e-001 3.4858e-002 2.5713e-003 4.1976e-002 7.0758e-002 7.0531e-002 5.4634e-002 3.6512e-002 2.2221e-002 1.2670e-002 6.8716e-003 3.5872e-003 1.8235e-003 9.1131e-004 4.5037e-004 2.2098e-004 1.0830e-004 5.3549e-005 2.7019e-005 1.4014e-005 7.4624e-006 4.0449e-006 2.2079e-006 1.2049e-006 6.5684e-007 3.5943e-007 1.9870e-007 1.1122e-007 6.2454e-008 3.3886e-008 1.5360e-008 3.9252e-009
           6 7.0418e-007 1.8195e-005 4.7439e-003 1.2905e-001 3.9058e-001 1.0922e-002 1.1577e-001 5.4791e-002 6.8295e-004 1.8926e-002 4.9992e-002 6.1398e-002 5.4739e-002 4.0954e-002 2.7517e-002 1.7168e-002 1.0144e-002 5.7647e-003 3.1869e-003 1.7240e-003 9.1562e-004 4.7970e-004 2.4996e-004 1.3076e-004 6.9135e-005 3.7020e-005 2.0063e-005 1.1008e-005 6.1383e-006 3.5002e-006 2.0513e-006 1.2350e-006 7.5710e-007 4.6304e-007 2.6983e-007 1.2858e-007 3.3596e-008
           7 3.2844e-007 7.1710e-007 7.8901e-008 5.3293e-003 1.5591e-001 4.1381e-001 4.8772e-003 8.8790e-002 6.3391e-002 5.9163e-003 6.6053e-003 3.2366e-002 4.9082e-002 4.9878e-002 4.1381e-002 3.0328e-002 2.0436e-002 1.3004e-002 7.9509e-003 4.7124e-003 2.7232e-003 1.5447e-003 8.6624e-004 4.8260e-004 2.6772e-004 1.4816e-004 8.2136e-005 4.5930e-005 2.6100e-005 1.5142e-005 8.9697e-006 5.4034e-006 3.2849e-006 1.9859e-006 1.1475e-006 5.4527e-007 1.4247e-007
           8 8.6390e-008 1.1901e-006 9.3088e-006 9.9375e-005 3.0831e-003 1.6272e-001 4.5621e-001 7.8064e-003 6.3571e-002 6.3814e-002 1.0573e-002 1.5863e-003 2.0084e-002 3.7268e-002 4.2505e-002 3.8602e-002 3.0435e-002 2.1905e-002 1.4866e-002 9.6543e-003 6.0534e-003 3.7038e-003 2.2315e-003 1.3285e-003 7.8173e-004 4.5574e-004 2.6489e-004 1.5460e-004 9.0980e-005 5.3995e-005 3.2262e-005 1.9385e-005 1.1699e-005 7.0320e-006 4.0589e-006 1.9330e-006 5.0602e-007
           9 6.7254e-008 2.3608e-007 2.1919e-008 1.7645e-005 6.6763e-004 7.7075e-005 1.3676e-001 5.2010e-001 3.0420e-002 3.5997e-002 6.4523e-002 9.8461e-003 1.1246e-004 1.3273e-002 2.7058e-002 3.4678e-002 3.3358e-002 2.7903e-002 2.1311e-002 1.5145e-002 1.0318e-002 6.8180e-003 4.3764e-003 2.7550e-003 1.7183e-003 1.0631e-003 6.5105e-004 3.9612e-004 2.4135e-004 1.4800e-004 9.1279e-005 5.6395e-005 3.4758e-005 2.1174e-005 1.2306e-005 5.8766e-006 1.5394e-006
