   v'->v''           0           1           2           3           4           5           6           7           8           9          10          11          12          13          14          15          16          17
           0 9.9748e-001 2.5235e-003 2.6621e-007 1.0307e-007 1.4345e-008 8.9979e-009 1.5317e-008 2.3934e-010 3.9548e-009 2.3351e-010 1.1036e-009 1.0309e-009 4.7089e-011 1.8944e-010 4.6287e-010 4.0411e-010 2.0764e-010 4.8410e-011
           1 2.5039e-003 9.9108e-001 6.4102e-003 1.1158e-007 1.0282e-006 5.5280e-009 7.3733e-013 4.8522e-009 3.7253e-010 5.4477e-013 8.6763e-010 2.8657e-010 4.1238e-011 2.8629e-010 2.4606e-010 1.1087e-010 3.4537e-011 6.3261e-012
           2 1.9763e-005 6.3142e-003 9.8063e-001 1.3009e-002 1.6631e-005 5.6379e-006 9.3965e-010 1.5666e-009 1.0386e-008 1.4368e-009 7.5040e-011 8.2447e-010 3.3227e-010 2.7651e-013 5.7549e-011 4.2640e-011 1.3675e-011 2.3462e-012
           3 7.4811e-007 7.2882e-005 1.2754e-002 9.6124e-001 2.5689e-002 2.0912e-004 3.1654e-005 4.3357e-008 2.0073e-008 7.1887e-008 1.3615e-010 2.6301e-010 2.1341e-009 1.0156e-009 3.9298e-011 6.5584e-010 6.1021e-010 1.6741e-010
           4 1.4522e-008 4.1318e-006 1.8501e-004 2.5219e-002 9.1911e-001 5.3642e-002 1.6591e-003 1.7846e-004 2.3154e-007 2.4378e-007 2.4610e-009 7.6737e-009 9.1173e-009 3.8800e-009 8.3191e-010 1.5591e-010 3.6646e-011 6.8003e-012
           5 2.4481e-008 2.4629e-007 1.4225e-005 4.8105e-004 5.3304e-002 8.1956e-001 1.1639e-001 9.3962e-003 8.4621e-004 4.6303e-008 2.5185e-006 3.4548e-008 8.8477e-009 4.7178e-008 3.0723e-008 6.7699e-009 6.0350e-010 2.9682e-011
           6 6.3237e-010 7.0829e-008 1.4948e-006 4.0071e-005 1.7320e-003 1.1752e-001 6.2181e-001 2.2165e-001 3.4520e-002 2.7054e-003 1.2255e-005 7.7633e-006 2.6260e-006 5.0598e-007 5.5051e-015 6.9033e-008 6.0080e-008 1.5608e-008
           7 7.9187e-010 5.9236e-009 3.8833e-007 7.4982e-006 1.0744e-004 8.5088e-003 2.2322e-001 3.6742e-001 3.2020e-001 7.5769e-002 4.6141e-003 1.3386e-004 1.0118e-006 5.3983e-006 3.7769e-006 1.2078e-006 2.6854e-007 4.1498e-008
           8 9.9272e-013 2.4541e-011 7.2357e-008 1.9141e-006 2.4011e-005 4.7412e-004 3.3418e-002 2.9772e-001 1.6099e-001 3.7682e-001 1.2457e-001 5.5037e-003 4.5948e-004 1.8615e-005 2.0206e-007 3.0904e-006 2.1992e-006 5.3940e-007
           9 9.6831e-010 1.3415e-010 4.2127e-009 3.9628e-007 8.8023e-006 4.7153e-005 3.1530e-003 8.5211e-002 2.8125e-001 4.4344e-002 4.0096e-001 1.7893e-001 5.0308e-003 8.5102e-004 1.4567e-004 2.0843e-005 2.2515e-006 2.1294e-007
          10 1.2164e-009 1.5614e-009 4.5641e-010 5.5424e-008 2.5798e-006 1.7719e-005 2.4381e-004 1.5671e-002 1.3804e-001 1.9699e-001 1.9646e-003 3.9907e-001 2.4260e-001 3.8585e-003 9.7553e-004 3.2063e-004 1.0215e-004 1.9357e-005
          11 4.0497e-010 1.7591e-009 1.4516e-009 1.1106e-008 5.9867e-007 9.3526e-006 3.1859e-005 2.2945e-003 4.4949e-002 1.5100e-001 9.5208e-002 9.1459e-003 3.6788e-001 3.2444e-001 3.3470e-003 6.1312e-004 2.6608e-004 5.9704e-005
          12 2.0329e-011 8.0248e-010 2.1788e-009 6.9444e-009 1.3726e-007 4.1456e-006 1.1318e-005 3.3054e-004 1.2483e-002 7.3460e-002 1.0528e-001 2.0870e-002 4.2846e-002 2.8920e-001 4.4684e-001 7.3371e-003 1.8932e-004 3.4157e-005
          13 1.0338e-011 2.0230e-010 1.3522e-009 4.7724e-009 3.4798e-008 1.4657e-006 5.1651e-006 5.5421e-005 3.1869e-003 2.7017e-002 5.7375e-002 3.0949e-002 4.1294e-004 7.0743e-002 1.2640e-001 6.2555e-001 5.7142e-002 3.2773e-004
