   v'->v''           0           1           2           3           4           5           6           7           8           9          10          11          12          13          14          15          16          17          18          19
           0 9.8834e-001 1.1601e-002 5.4958e-005 6.0660e-008 1.1864e-008 1.3698e-008 1.1315e-009 6.5208e-009 2.1523e-009 3.6018e-010 1.7744e-010 2.3250e-010 5.0221e-010 1.1099e-010 1.3910e-011 1.3487e-010 1.6501e-010 1.0212e-010 4.1582e-011 1.5322e-011
           1 1.1529e-002 9.5909e-001 2.9139e-002 2.4158e-004 4.6909e-008 1.3136e-007 4.0787e-008 1.9535e-009 2.0342e-008 3.4969e-009 1.1178e-009 1.1181e-010 7.7086e-010 7.7157e-010 4.0702e-011 1.3547e-010 3.3082e-010 2.5178e-010 1.1011e-010 4.1565e-011
           2 1.2660e-004 2.8665e-002 9.1618e-001 5.4276e-002 7.5533e-004 5.1772e-007 7.5250e-007 5.0576e-008 7.3043e-010 2.3907e-008 5.8464e-012 1.5541e-009 2.7489e-010 1.6589e-009 5.3439e-010 4.8576e-014 1.3773e-010 1.5213e-010 7.3189e-011 2.8428e-011
           3 7.1719e-007 6.3492e-004 5.2521e-002 8.5437e-001 9.0273e-002 2.1810e-003 1.6219e-005 4.1446e-006 1.8492e-010 1.7364e-008 4.1725e-008 7.4979e-010 9.1565e-010 8.5592e-010 1.2547e-009 2.5196e-010 2.7931e-012 7.9149e-012 7.0218e-012 3.1490e-012
           4 2.8773e-008 1.0735e-005 2.0324e-003 8.5312e-002 7.6235e-001 1.4342e-001 6.6181e-003 2.1622e-004 3.6590e-005 7.8820e-007 1.4766e-009 2.1650e-007 1.5584e-009 6.0469e-010 2.0051e-009 2.8842e-009 9.4203e-010 1.6856e-010 2.9207e-011 7.0839e-012
           5 2.1804e-008 1.9176e-008 7.2891e-005 5.3799e-003 1.3041e-001 6.0977e-001 2.2714e-001 2.4273e-002 2.5269e-003 4.1265e-004 1.1734e-005 6.4611e-007 2.2390e-007 1.0228e-007 6.8568e-008 2.8139e-008 5.2164e-009 5.1200e-010 4.2220e-011 5.3223e-012
           6 1.1823e-008 4.5799e-008 1.5555e-006 3.8316e-004 1.3659e-002 1.9077e-001 3.3387e-001 3.3539e-001 9.8420e-002 2.3428e-002 3.9704e-003 8.2960e-005 1.0931e-005 1.1457e-007 1.3526e-007 4.0068e-007 2.7299e-007 1.0909e-007 3.5461e-008 1.1955e-008
           7 5.6107e-009 4.1714e-008 4.8378e-010 3.7238e-005 2.0602e-003 4.0789e-002 2.6840e-001 4.6712e-002 3.1033e-001 2.2923e-001 8.7948e-002 1.4347e-002 9.7041e-005 4.0929e-005 7.0514e-006 1.1759e-006 1.2503e-008 3.2623e-008 2.8206e-008 1.2522e-008
           8 2.7677e-009 5.3807e-008 1.0813e-007 3.8643e-006 4.0064e-004 9.9127e-003 1.1426e-001 2.4921e-001 2.1345e-002 1.3945e-001 2.8126e-001 1.5937e-001 2.4736e-002 2.1907e-006 3.8154e-005 1.7427e-005 8.4129e-006 2.9058e-006 8.8000e-007 2.8851e-007
           9 1.3875e-009 4.1395e-008 1.4109e-007 1.8700e-007 7.2466e-005 2.3229e-003 3.4539e-002 1.9292e-001 7.6915e-002 1.1212e-001 2.4778e-002 2.7745e-001 2.4277e-001 3.5910e-002 1.6101e-004 5.4451e-006 9.2649e-006 6.2800e-006 2.5520e-006 9.3244e-007
          10 8.9849e-010 1.9218e-008 1.0368e-007 1.7602e-008 1.2760e-005 5.9466e-004 9.9788e-003 8.9919e-002 1.6604e-001 1.4404e-005 1.2340e-001 1.6482e-003 2.2884e-001 3.3309e-001 4.5139e-002 1.1634e-003 5.7204e-005 4.7801e-006 4.6741e-007 7.6424e-008
          11 6.7387e-010 5.9912e-009 5.7504e-008 1.0292e-007 1.9872e-006 1.6430e-004 3.0859e-003 3.4708e-002 1.3308e-001 4.5903e-002 4.1509e-002 5.8296e-002 3.5986e-002 1.5888e-001 4.3449e-001 4.9380e-002 3.4897e-003 5.2263e-004 1.2254e-004 3.6941e-005
          12 4.9037e-010 1.5229e-009 2.8047e-008 1.1277e-007 2.3123e-007 4.8627e-005 1.0670e-003 1.3021e-002 7.5466e-002 7.7130e-002 7.7201e-004 6.2925e-002 4.5681e-003 7.2013e-002 8.6684e-002 5.5059e-001 4.3973e-002 6.1139e-003 1.3693e-003 4.1229e-004
          13 3.1240e-010 4.0972e-010 1.3041e-008 7.7745e-008 1.2260e-008 1.5402e-005 4.0328e-004 5.0495e-003 3.6694e-002 6.3136e-002 4.5526e-003 2.8677e-002 2.2175e-002 8.5765e-003 6.8117e-002 3.2346e-002 6.8383e-001 2.3874e-002 5.6553e-003 1.6591e-003
          14 1.7184e-010 1.3994e-010 5.9547e-009 4.2576e-008 1.3617e-010 5.3342e-006 1.6202e-004 2.0510e-003 1.6680e-002 3.7580e-002 8.0614e-003 9.5864e-003 1.8989e-002 7.0359e-005 2.6514e-002 3.3180e-002 8.3716e-003 8.1742e-001 7.2312e-005 7.4451e-004
          15 9.6914e-011 6.4691e-011 3.0472e-009 2.3632e-008 1.8003e-009 2.2814e-006 7.6695e-005 9.7772e-004 8.3961e-003 2.1769e-002 7.0196e-003 3.4646e-003 1.2247e-002 3.5318e-004 1.0613e-002 2.0013e-002 9.2854e-003 1.4324e-002 7.9238e-001 5.4884e-002
          16 5.2864e-011 3.2645e-011 1.5771e-009 1.2724e-008 1.9807e-009 1.0530e-006 3.7813e-005 4.8446e-004 4.2805e-003 1.2002e-002 4.7289e-003 1.3333e-003 7.0047e-003 5.9127e-004 4.4318e-003 1.0817e-002 6.3985e-003 1.7032e-003 1.4722e-001 4.2443e-001
