   v'->v''           0           1           2           3           4           5           6           7           8           9          10          11          12          13          14          15          16          17          18          19          20          21          22          23          24          25          26          27          28          29          30          31          32          33          34          35          36
           0 4.9248e-001 3.1326e-001 1.2976e-001 4.4776e-002 1.3962e-002 4.1170e-003 1.1818e-003 3.3344e-004 9.2192e-005 2.5055e-005 6.8449e-006 1.9344e-006 5.6223e-007 1.5640e-007 3.6643e-008 6.2014e-009 7.1481e-010 1.4651e-010 2.2554e-010 4.3983e-010 4.9602e-010 2.9891e-010 6.7043e-011 2.5083e-012 8.3069e-011 1.6583e-010 1.6314e-010 9.4190e-011 2.5297e-011 5.9211e-015 1.7155e-011 4.9708e-011 7.1947e-011 7.3403e-011 5.7251e-011 3.1445e-011 8.6133e-012
           1 3.7464e-001 3.8862e-002 2.1749e-001 1.9174e-001 1.0462e-001 4.5593e-002 1.7569e-002 6.2870e-003 2.1446e-003 7.1031e-004 2.3166e-004 7.4911e-005 2.3973e-005 7.5602e-006 2.3565e-006 7.3639e-007 2.3411e-007 7.5194e-008 2.3317e-008 6.4393e-009 1.4343e-009 2.4017e-010 3.9030e-011 2.0513e-011 3.5007e-011 5.5502e-011 5.9033e-011 4.0754e-011 1.6341e-011 1.9470e-012 8.3500e-013 6.2503e-012 1.0624e-011 1.0893e-011 8.0265e-012 4.1047e-012 1.0793e-012
           2 1.1630e-001 3.6084e-001 1.5799e-002 7.2281e-002 1.5662e-001 1.3307e-001 7.8688e-002 3.8513e-002 1.6828e-002 6.8365e-003 2.6517e-003 9.9865e-004 3.6841e-004 1.3384e-004 4.8215e-005 1.7369e-005 6.2785e-006 2.2602e-006 7.9664e-007 2.7080e-007 8.8984e-008 2.9194e-008 1.0143e-008 3.9089e-009 1.6287e-009 6.5452e-010 2.1036e-010 3.7271e-011 1.2155e-013 7.8697e-012 1.4004e-011 9.8837e-012 3.1887e-012 1.1990e-013 4.7838e-013 1.0603e-012 4.3687e-013
           3 1.5928e-002 2.4142e-001 2.3755e-001 8.2384e-002 6.7609e-003 8.7667e-002 1.2024e-001 9.4868e-002 5.7701e-002 3.0152e-002 1.4303e-002 6.3834e-003 2.7372e-003 1.1383e-003 4.6208e-004 1.8509e-004 7.4088e-005 2.9796e-005 1.1960e-005 4.7326e-006 1.8363e-006 7.0694e-007 2.7709e-007 1.1288e-007 4.7243e-008 1.9200e-008 6.8964e-009 1.9088e-009 3.1062e-010 8.1432e-012 9.6622e-012 1.0636e-011 3.2120e-013 6.7282e-012 2.1656e-011 2.2125e-011 7.6102e-012
           4 6.1530e-004 4.4615e-002 3.3237e-001 1.4879e-001 1.1009e-001 2.2384e-003 3.5907e-002 8.6194e-002 8.9753e-002 6.6250e-002 4.0443e-002 2.1977e-002 1.1063e-002 5.2869e-003 2.4406e-003 1.1008e-003 4.8793e-004 2.1328e-004 9.2350e-005 3.9843e-005 1.7209e-005 7.4613e-006 3.2533e-006 1.4309e-006 6.3736e-007 2.8748e-007 1.3006e-007 5.7743e-008 2.4338e-008 9.3357e-009 3.0860e-009 8.0809e-010 1.3966e-010 7.6199e-012 1.5957e-012 4.6519e-012 1.8006e-012
           5 2.4060e-006 9.1689e-004 6.6301e-002 4.0011e-001 1.2931e-001 9.1633e-002 1.2233e-002 1.2112e-002 5.4595e-002 7.1964e-002 6.2189e-002 4.3012e-002 2.6119e-002 1.4536e-002 7.5987e-003 3.8126e-003 1.8642e-003 8.9427e-004 4.2277e-004 1.9848e-004 9.3181e-005 4.3727e-005 2.0350e-005 9.3320e-006 4.2360e-006 1.9373e-006 9.1333e-007 4.4967e-007 2.2971e-007 1.1914e-007 6.1298e-008 3.0881e-008 1.5241e-008 7.4209e-009 3.5292e-009 1.4567e-009 3.5745e-010
           6 1.8997e-006 1.4414e-004 1.2974e-006 5.4789e-002 4.4668e-001 1.8223e-001 5.3621e-002 1.5800e-002 4.9792e-003 3.5350e-002 5.4778e-002 5.2492e-002 3.9441e-002 2.5892e-002 1.5486e-002 8.6927e-003 4.6876e-003 2.4487e-003 1.2444e-003 6.2241e-004 3.1034e-004 1.5473e-004 7.6724e-005 3.7774e-005 1.8627e-005 9.3144e-006 4.7387e-006 2.4251e-006 1.2258e-006 6.0519e-007 2.9354e-007 1.4321e-007 7.2417e-008 3.8455e-008 2.0679e-008 9.5290e-009 2.4672e-009
           7 8.0044e-008 2.6495e-007 5.8790e-004 4.5337e-003 1.6262e-002 4.3245e-001 2.9308e-001 2.0939e-002 1.6313e-002 3.9897e-003 2.6232e-002 4.4388e-002 4.4898e-002 3.5644e-002 2.4685e-002 1.5502e-002 9.1828e-003 5.2232e-003 2.8626e-003 1.5309e-003 8.1072e-004 4.2596e-004 2.2116e-004 1.1406e-004 5.9259e-005 3.1254e-005 1.6611e-005 8.7696e-006 4.5714e-006 2.3753e-006 1.2542e-006 6.8315e-007 3.8325e-007 2.1678e-007 1.1795e-007 5.3339e-008 1.3596e-008
           8 1.4959e-009 2.6966e-006 6.9798e-005 2.0484e-004 1.4552e-002 5.5475e-004 3.3867e-001 4.3023e-001 1.0806e-003 2.0450e-002 5.6296e-003 2.0232e-002 3.7766e-002 3.8655e-002 3.2035e-002 2.3011e-002 1.4995e-002 9.2974e-003 5.5042e-003 3.1458e-003 1.7708e-003 9.8264e-004 5.3476e-004 2.8834e-004 1.5654e-004 8.5673e-005 4.6739e-005 2.5299e-005 1.3745e-005 7.6291e-006 4.3534e-006 2.5259e-006 1.4615e-006 8.2740e-007 4.4448e-007 1.9882e-007 5.0474e-008
           9 9.8245e-010 7.6748e-007 1.4870e-008 3.4329e-004 6.5073e-004 1.4714e-002 3.3107e-002 1.8033e-001 5.4693e-001 1.2720e-002 3.4689e-002 1.2950e-002 1.3919e-002 3.4003e-002 3.1930e-002 2.8011e-002 2.0294e-002 1.3760e-002 8.7638e-003 5.3565e-003 3.1983e-003 1.8610e-003 1.0660e-003 6.0640e-004 3.4175e-004 1.9137e-004 1.0758e-004 6.0989e-005 3.4733e-005 1.9827e-005 1.1401e-005 6.6448e-006 3.9185e-006 2.3034e-006 1.2958e-006 6.0215e-007 1.5561e-007
          10 5.3679e-009 3.6879e-008 3.5756e-006 7.0719e-005 1.2007e-004 4.9078e-003 3.4831e-003 9.7624e-002 2.7947e-002 5.4047e-001 7.6639e-002 7.3683e-002 3.9072e-002 4.8038e-003 3.6108e-002 2.2984e-002 2.4350e-002 1.6412e-002 1.1817e-002 7.5755e-003 4.7549e-003 2.9421e-003 1.7451e-003 1.0363e-003 6.1345e-004 3.5429e-004 2.0418e-004 1.1992e-004 7.0664e-005 4.1096e-005 2.3894e-005 1.4203e-005 8.6357e-006 5.2318e-006 3.0030e-006 1.4088e-006 3.6515e-007
          11 2.6237e-009 1.7253e-008 1.8584e-006 2.7751e-006 2.1787e-004 4.3403e-004 7.3081e-003 4.5426e-003 1.1757e-001 2.9058e-002 3.0605e-001 1.4456e-001 1.4371e-001 1.1765e-001 1.4981e-003 5.7708e-002 8.5220e-003 2.5434e-002 9.9320e-003 1.0374e-002 5.4149e-003 3.9973e-003 2.2965e-003 1.4798e-003 8.7719e-004 5.3162e-004 3.2008e-004 1.8905e-004 1.1376e-004 6.8531e-005 4.0911e-005 2.4707e-005 1.5135e-005 9.1755e-006 5.2695e-006 2.4828e-006 6.4589e-007
          12 9.3961e-011 3.2465e-008 4.4261e-007 6.1515e-007 9.9244e-005 3.5691e-007 3.1575e-003 1.0054e-003 4.3155e-002 2.9399e-002 1.9205e-001 2.2782e-002 6.8388e-002 1.3892e-001 2.3201e-001 4.6651e-002 1.4076e-001 3.3926e-003 5.2245e-002 1.7237e-004 1.6177e-002 9.7102e-004 4.8042e-003 8.1488e-004 1.4590e-003 4.4180e-004 4.6112e-004 2.0102e-004 1.4961e-004 8.6178e-005 5.0224e-005 3.3655e-005 2.0306e-005 1.1653e-005 6.7966e-006 3.3446e-006 8.8884e-007
          13 1.3235e-010 1.5273e-008 7.2956e-008 1.1251e-006 2.8469e-005 2.9727e-005 8.5381e-004 1.8806e-003 8.1588e-003 3.6993e-002 2.7747e-002 9.7139e-002 3.8576e-002 1.0775e-002 4.9124e-004 8.9397e-002 4.9758e-002 1.9534e-001 6.9217e-002 1.5485e-001 4.6831e-002 8.2167e-002 2.2573e-002 3.5183e-002 8.8005e-003 1.3100e-002 2.8968e-003 4.3601e-003 7.9713e-004 1.2959e-003 1.6800e-004 3.3181e-004 1.8673e-005 6.1483e-005 3.7974e-007 1.9206e-006 8.9763e-007
