   v'->v''           0           1           2           3           4           5           6           7           8
           0 5.6100e-002 9.2264e-001 1.8571e-002 2.6550e-003 7.8241e-006 1.8736e-005 3.6866e-008 1.6118e-006 1.1486e-006
           1 5.2133e-002 4.7962e-003 3.9995e-001 4.7375e-001 6.4342e-002 4.7720e-003 2.0967e-006 1.3555e-004 5.4947e-005
           2 1.5089e-001 2.6627e-003 1.2947e-001 3.9291e-002 3.1831e-001 2.6357e-001 7.8952e-002 1.3906e-002 1.7152e-003
           3 3.2343e-001 1.9889e-002 1.0148e-002 7.5217e-002 1.3590e-003 1.0268e-001 1.8850e-001 1.3175e-001 5.6511e-002
           4 3.3101e-001 3.4682e-002 8.4948e-002 1.7030e-004 5.7951e-002 1.5659e-002 1.5668e-002 6.7241e-002 6.1020e-002
           5 8.0724e-002 1.4672e-002 2.7761e-001 1.8131e-001 3.9651e-004 3.4708e-002 2.2035e-002 1.1733e-004 5.1753e-003
           6 1.8422e-003 1.4373e-007 6.6674e-002 2.1287e-001 3.4073e-001 1.3383e-002 2.4027e-002 1.7082e-002 4.5063e-003
           7 1.9168e-003 5.2091e-004 8.9946e-003 2.1077e-004 1.9250e-001 4.3551e-001 3.8706e-002 2.3048e-002 9.5719e-003
           8 1.4223e-003 1.6008e-004 4.1704e-004 9.8776e-003 1.3020e-002 9.6401e-002 5.3715e-001 3.0367e-002 2.6364e-002
           9 1.9442e-004 3.2165e-006 1.9046e-003 3.3663e-003 1.6640e-003 2.4672e-002 6.4492e-002 5.9136e-001 1.9110e-004
          10 3.4289e-006 1.0678e-005 8.8976e-004 1.4413e-004 5.2333e-003 2.1701e-003 1.5743e-002 1.0582e-001 4.5491e-001
          11 5.8089e-005 1.6813e-005 1.5686e-004 1.1244e-004 2.6822e-003 4.2896e-004 9.1212e-003 4.9168e-004 2.9472e-001
          12 5.9696e-005 1.0426e-005 4.5190e-006 2.4228e-004 6.9933e-004 1.4446e-003 1.3629e-003 9.9137e-003 5.4454e-002
          13 3.0938e-005 4.1178e-006 2.7233e-006 1.5260e-004 1.1488e-004 9.5540e-004 5.7267e-005 2.8839e-003 2.2624e-002
