   v'->v''           0           1           2           3           4           5           6           7           8           9          10          11          12          13          14          15          16          17          18
           0 9.9535e-001 4.4869e-003 1.3458e-004 2.3481e-005 2.5878e-006 2.6050e-008 2.7979e-007 2.4239e-007 1.2864e-007 6.3709e-008 1.7346e-008 3.7797e-010 2.4800e-009 5.6244e-009 5.9232e-009 5.0376e-009 3.6584e-009 2.1153e-009 6.8132e-010
           1 4.5903e-003 9.8407e-001 1.1068e-002 2.3329e-004 3.3643e-005 5.6648e-006 3.6117e-007 1.4961e-007 1.7927e-007 1.5330e-007 1.3197e-007 6.6919e-008 1.7924e-008 2.3684e-009 4.0442e-011 1.4835e-010 3.3531e-010 2.8899e-010 1.0740e-010
           2 1.3031e-005 1.1375e-002 9.6622e-001 2.1976e-002 3.6381e-004 3.4318e-005 1.2106e-005 1.6303e-006 6.9682e-009 3.5804e-008 1.4833e-007 1.9540e-007 1.2693e-007 6.0227e-008 2.8479e-008 1.4967e-008 8.1989e-009 4.0923e-009 1.2427e-009
           3 3.4454e-005 5.7730e-006 2.2329e-002 9.3799e-001 3.8851e-002 7.4192e-004 1.8356e-005 2.3841e-005 3.1795e-006 3.3570e-007 2.5365e-008 5.7848e-008 1.4966e-007 1.2608e-007 8.4745e-008 5.7356e-008 3.7634e-008 2.1043e-008 6.7319e-009
           4 1.0048e-005 3.8980e-005 1.8052e-004 3.8867e-002 8.9119e-001 6.7457e-002 2.1866e-003 7.6998e-006 5.9062e-005 4.5394e-006 4.5408e-007 3.5540e-007 1.8042e-008 2.2083e-008 4.7667e-008 4.5351e-008 3.3954e-008 2.0255e-008 6.6781e-009
           5 7.7574e-007 1.9412e-005 1.7763e-005 8.4442e-004 6.6263e-002 7.9519e-001 1.2641e-001 1.0208e-002 7.9770e-004 2.3577e-004 8.1047e-006 1.0715e-007 2.1858e-007 1.0368e-007 4.4896e-008 2.3644e-008 1.1573e-008 4.4342e-009 1.0681e-009
           6 2.7668e-009 4.1644e-006 2.5020e-005 1.2740e-006 3.0425e-003 1.2076e-001 5.5714e-001 2.4960e-001 5.7678e-002 1.0579e-002 1.1339e-003 4.3006e-005 3.9540e-008 3.4350e-007 1.9746e-007 4.2249e-008 1.6283e-010 5.4109e-009 4.0005e-009
           7 3.8732e-008 9.3540e-007 1.1912e-005 1.2897e-005 1.9833e-004 1.3732e-002 2.4193e-001 1.9490e-001 3.3529e-001 1.7082e-001 4.0799e-002 1.9821e-003 2.8751e-004 1.2382e-005 2.3303e-008 7.8868e-007 1.0849e-006 6.7720e-007 2.1110e-007
           8 1.1317e-007 1.7832e-007 5.8856e-006 1.7997e-005 4.0582e-006 1.7881e-003 6.0048e-002 3.3272e-001 8.5100e-003 2.6349e-001 2.6204e-001 6.9731e-002 7.4666e-004 6.9091e-004 1.6420e-004 3.7330e-005 7.0835e-006 1.0566e-006 1.2657e-007
           9 1.5830e-007 2.0891e-009 2.5882e-006 1.3232e-005 5.0386e-006 2.1491e-004 1.0156e-002 1.5298e-001 2.0696e-001 2.3573e-002 1.6444e-001 3.4780e-001 9.2265e-002 3.9279e-004 4.0885e-004 3.8054e-004 1.9835e-004 8.0486e-005 2.1010e-005
          10 1.5465e-007 3.2195e-008 1.0042e-006 8.0318e-006 1.1371e-005 2.0714e-005 1.6394e-003 4.4626e-002 2.0424e-001 5.2488e-002 7.8461e-002 8.7812e-002 4.3471e-001 8.7444e-002 7.3297e-003 2.6082e-004 2.3905e-005 7.9099e-005 3.5066e-005
          11 1.1588e-007 7.7793e-008 3.0599e-007 4.3380e-006 1.0838e-005 1.7520e-007 3.0793e-004 1.0835e-002 1.0653e-001 1.3101e-001 2.7432e-005 9.0970e-002 4.9196e-002 5.3581e-001 5.5579e-002 1.4340e-002 3.6216e-003 8.1073e-004 1.4243e-004
          12 7.1590e-008 8.4096e-008 6.6821e-008 2.1594e-006 7.6924e-006 1.5477e-006 7.1722e-005 2.6472e-003 4.3448e-002 1.1351e-001 2.8849e-002 2.0472e-002 6.3092e-002 3.5971e-002 6.3575e-001 3.5933e-002 8.5649e-003 4.0381e-003 1.1218e-003
          13 3.8152e-008 6.2857e-008 9.0523e-009 1.0073e-006 4.5630e-006 2.7912e-006 1.9269e-005 7.3047e-004 1.6380e-002 6.7352e-002 4.3245e-002 4.3640e-004 3.2269e-002 3.3523e-002 1.8386e-002 7.1086e-001 6.4363e-002 1.6946e-003 6.0967e-004
          14 1.8388e-008 3.7177e-008 5.3200e-010 4.5107e-007 2.3783e-006 2.2484e-006 5.7735e-006 2.3779e-004 6.2659e-003 3.3575e-002 3.2291e-002 9.4400e-004 1.1942e-002 1.8932e-002 1.9235e-002 8.6194e-004 6.8119e-001 1.8638e-001 1.8602e-003
          15 9.5492e-009 2.1744e-008 4.8013e-012 2.2541e-007 1.2995e-006 1.5068e-006 2.1851e-006 9.9756e-005 2.8398e-003 1.7639e-002 2.0719e-002 1.8491e-003 4.6846e-003 1.0480e-002 1.1154e-002 3.8354e-003 5.7942e-002 5.5423e-001 2.2630e-001
          16 4.9509e-009 1.2105e-008 9.7564e-011 1.1441e-007 6.9593e-007 8.9950e-007 9.1728e-007 4.5867e-005 1.3581e-003 9.1901e-003 1.2046e-002 1.6264e-003 1.9283e-003 5.5531e-003 6.0444e-003 4.0896e-003 7.7304e-003 7.5087e-002 6.8992e-001
