   v'->v''           0           1           2           3           4           5           6           7           8           9          10          11          12          13          14
           0 8.7384e-002 2.7114e-001 3.3574e-001 2.1442e-001 7.5539e-002 1.4381e-002 1.3113e-003 3.9266e-005 2.2873e-008 1.9969e-008 5.7214e-009 2.2507e-009 1.7468e-010 6.3200e-010 5.6748e-010
           1 1.5500e-001 1.7223e-001 4.8022e-003 1.2427e-001 2.8809e-001 1.9408e-001 5.5110e-002 6.3095e-003 1.8119e-004 1.6448e-007 9.0248e-008 2.7769e-009 7.1238e-009 2.7979e-009 5.8013e-011
           2 1.6948e-001 4.1349e-002 6.1116e-002 1.2250e-001 2.5531e-004 1.8678e-001 2.8102e-001 1.2036e-001 1.6726e-002 3.8793e-004 5.6241e-006 2.2539e-008 1.7738e-008 2.9609e-008 9.7678e-009
           3 1.4912e-001 2.7445e-004 1.0308e-001 7.0788e-003 9.8727e-002 5.4914e-002 5.7409e-002 2.9790e-001 1.9866e-001 3.2297e-002 4.3911e-004 3.2034e-005 1.8794e-006 3.3777e-008 1.4785e-008
           4 1.1615e-001 1.2138e-002 6.8519e-002 1.6458e-002 7.3684e-002 1.3302e-002 1.1333e-001 1.0347e-003 2.5428e-001 2.7949e-001 5.1312e-002 2.3283e-004 4.5048e-005 1.5084e-005 4.2957e-006
           5 8.2444e-002 3.1482e-002 2.5592e-002 4.8115e-002 1.2376e-002 6.3688e-002 9.9246e-003 8.9054e-002 2.0728e-002 1.7637e-001 3.6180e-001 7.8263e-002 1.3919e-004 3.8587e-006 1.0138e-006
           6 5.2032e-002 3.6874e-002 4.7776e-003 4.6092e-002 3.3637e-004 4.7910e-002 7.1973e-003 5.0822e-002 2.2601e-002 6.8711e-002 7.7737e-002 4.4224e-001 1.4212e-001 2.9897e-004 1.6537e-004
           7 3.4758e-002 3.4796e-002 1.9203e-004 3.3495e-002 6.8941e-003 2.2696e-002 2.3604e-002 1.0963e-002 4.6613e-002 1.5292e-003 9.6608e-002 5.4045e-003 4.7984e-001 1.9276e-001 7.9860e-003
           8 2.8088e-002 3.6189e-002 6.3805e-004 2.5317e-002 1.5641e-002 8.4042e-003 3.2952e-002 3.1576e-005 4.1905e-002 1.0923e-002 3.4648e-002 7.9655e-002 3.6974e-003 5.5353e-001 3.4617e-002
           9 2.1254e-002 3.3375e-002 2.9343e-003 1.5876e-002 2.0553e-002 1.1263e-003 2.9275e-002 4.7739e-003 2.0664e-002 2.8984e-002 1.5358e-003 6.1958e-002 2.9933e-002 3.8034e-003 5.1499e-001
          10 1.5941e-002 2.9198e-002 5.2948e-003 8.8774e-003 2.1129e-002 1.2914e-004 2.0385e-002 1.2284e-002 5.7101e-003 3.0870e-002 3.7369e-003 2.0405e-002 5.3753e-002 2.2120e-003 1.9828e-001
          11 1.1573e-002 2.3855e-002 6.6171e-003 4.3872e-003 1.8300e-002 1.6474e-003 1.1742e-002 1.5437e-002 3.9434e-004 2.1975e-002 1.1927e-002 2.3315e-003 3.2643e-002 3.1758e-002 6.6633e-002
          12 7.9688e-003 1.7926e-002 6.5040e-003 1.9286e-003 1.3797e-002 2.9599e-003 5.8278e-003 1.3869e-002 2.4145e-004 1.2259e-002 1.4024e-002 1.0639e-004 1.2733e-002 2.1552e-002 8.2147e-002
          13 4.9870e-003 1.1912e-002 5.1104e-003 7.6408e-004 8.9867e-003 3.0058e-003 2.5669e-003 9.8060e-003 9.5640e-004 5.7853e-003 1.0897e-002 1.2603e-003 3.8201e-003 1.2015e-002 1.8483e-006
          14 2.7673e-003 6.8559e-003 3.2385e-003 2.8946e-004 5.0584e-003 2.1426e-003 1.0625e-003 5.7208e-003 1.0033e-003 2.4962e-003 6.5565e-003 1.4715e-003 1.0275e-003 5.6533e-003 6.1354e-003
          15 1.5828e-003 4.0031e-003 1.9932e-003 1.2638e-004 2.9060e-003 1.3951e-003 4.9560e-004 3.3380e-003 7.6508e-004 1.1941e-003 3.8617e-003 1.1492e-003 3.2367e-004 2.8140e-003 2.2498e-003
          16 8.7358e-004 2.2361e-003 1.1475e-003 5.8126e-005 1.6059e-003 8.2749e-004 2.3893e-004 1.8585e-003 4.9063e-004 5.8488e-004 2.1562e-003 7.4192e-004 1.1258e-004 1.4074e-003 1.1105e-003
