   v'->v''           0           1           2           3           4           5           6           7           8           9          10          11          12          13          14          15          16          17          18          19
           0 9.9748e-001 2.5228e-003 7.9268e-007 6.9634e-010 1.7491e-010 6.1948e-009 3.7018e-009 1.1754e-009 2.8073e-009 8.5498e-013 4.4709e-010 7.8461e-012 2.9693e-010 4.8883e-010 2.5782e-010 6.2312e-011 8.2850e-012 5.8168e-013 5.2307e-014 2.4755e-013
           1 2.5136e-003 9.9088e-001 6.6052e-003 5.2535e-006 3.0161e-009 6.1233e-009 1.8430e-008 8.5446e-009 5.3039e-009 6.8031e-009 4.8286e-011 9.4118e-010 2.8466e-012 5.0551e-010 6.1054e-010 2.3941e-010 5.3509e-011 1.1611e-011 1.5748e-012 7.9793e-014
           2 1.0118e-005 6.5523e-003 9.8028e-001 1.3129e-002 2.8611e-005 3.8795e-007 1.1539e-007 2.3201e-008 2.8631e-009 9.4116e-009 1.0715e-009 2.0925e-009 8.6774e-010 1.1283e-010 6.5546e-010 3.9489e-010 1.2162e-010 4.0015e-011 1.1666e-011 2.9946e-012
           3 6.5495e-008 4.8872e-005 1.2956e-002 9.6261e-001 2.4219e-002 1.5890e-004 6.5490e-006 9.1395e-007 3.6850e-010 2.0435e-009 1.8905e-008 3.0534e-011 3.4456e-009 6.2498e-010 4.7780e-011 1.5589e-010 6.6003e-011 2.4340e-011 7.5095e-012 1.9879e-012
           4 8.1659e-010 6.3055e-007 1.5433e-004 2.3812e-002 9.2943e-001 4.5550e-002 9.5501e-004 8.6791e-005 9.5962e-006 1.1553e-008 1.4763e-007 4.3911e-008 6.2373e-009 1.3599e-009 1.6957e-010 3.1888e-010 4.6870e-010 3.6461e-010 2.2027e-010 1.0257e-010
           5 1.0962e-009 3.7830e-009 3.9358e-006 4.2376e-004 4.4828e-002 8.5095e-001 9.5665e-002 6.9311e-003 1.0916e-003 1.0285e-004 3.5053e-008 9.1946e-007 4.1892e-008 2.9683e-011 1.5555e-008 2.5141e-008 1.4941e-008 8.7929e-009 4.6923e-009 2.0716e-009
           6 1.0128e-009 1.5310e-009 2.2911e-008 2.0131e-005 1.3585e-003 9.4924e-002 6.2795e-001 2.1600e-001 4.8191e-002 1.0697e-002 8.3882e-004 5.4113e-006 2.2185e-006 1.5240e-006 5.8900e-007 5.1560e-008 1.7853e-010 7.2484e-009 9.6248e-009 6.3402e-009
           7 1.2185e-009 9.2040e-010 3.4650e-010 1.3521e-006 1.1172e-004 7.5529e-003 2.2514e-001 2.5055e-001 3.2041e-001 1.5351e-001 4.0370e-002 2.2965e-003 6.2172e-005 3.1568e-008 1.5293e-006 2.1857e-006 1.0989e-006 5.7446e-007 2.8372e-007 1.2011e-007
           8 1.9446e-010 5.9899e-009 2.6714e-009 1.2461e-007 1.9085e-005 7.2308e-004 4.4079e-002 3.4856e-001 2.2252e-002 2.6504e-001 2.4115e-001 7.5038e-002 2.9108e-003 2.0002e-004 1.6487e-005 1.0793e-006 3.1616e-008 2.5857e-007 2.9237e-007 1.8051e-007
           9 6.9156e-012 3.4244e-009 1.1445e-008 6.9668e-009 3.1808e-006 1.0333e-004 5.3975e-003 1.3677e-001 2.4324e-001 1.4033e-002 1.6032e-001 3.1650e-001 1.2026e-001 2.8995e-003 3.7451e-004 6.8036e-005 1.9700e-005 7.6860e-006 3.0625e-006 1.1272e-006
          10 1.8897e-011 4.0392e-010 9.5681e-009 2.6166e-009 3.8122e-007 2.7143e-005 6.2098e-004 3.3051e-002 2.0821e-001 7.4968e-002 7.6035e-002 6.2814e-002 3.6570e-001 1.7562e-001 2.0435e-003 5.0131e-004 1.2819e-004 6.0955e-005 3.0648e-005 1.3350e-005
          11 3.0757e-012 5.1361e-012 3.1239e-009 9.6534e-009 2.1676e-008 8.3314e-006 1.0812e-004 6.3389e-003 9.6966e-002 1.5153e-001 9.8656e-004 1.0195e-001 7.5574e-003 3.8753e-001 2.4544e-001 3.8440e-004 4.4799e-004 2.1123e-004 1.0427e-004 4.5432e-005
          12 5.6204e-011 3.9025e-011 4.4156e-010 7.6242e-009 1.3689e-012 2.3219e-006 3.5213e-005 1.1925e-003 3.5476e-002 1.1990e-001 3.9507e-002 2.2896e-002 6.6163e-002 5.0469e-003 3.8074e-001 3.2523e-001 2.8568e-003 9.6683e-006 3.2817e-005 3.4736e-005
          13 9.2585e-011 7.7735e-012 1.4331e-011 3.5260e-009 7.1281e-010 5.9317e-007 1.5474e-005 2.6399e-004 1.2113e-002 6.6976e-002 5.2949e-002 3.0650e-004 4.3625e-002 1.3267e-002 3.4425e-002 3.7988e-001 3.6463e-001 2.4097e-002 4.4974e-003 1.0756e-003
          14 7.6625e-011 9.7505e-014 2.7730e-012 1.3442e-009 5.6227e-010 1.5848e-007 7.0608e-006 7.5485e-005 4.2979e-003 3.2103e-002 3.7841e-002 1.4161e-003 1.7770e-002 1.7716e-002 1.3577e-003 4.4268e-002 4.1676e-001 3.8947e-001 1.9054e-002 5.3377e-003
          15 5.2359e-011 2.5040e-012 7.2094e-012 5.7295e-010 3.2184e-010 5.4533e-008 3.5931e-006 2.9836e-005 1.8546e-003 1.6472e-002 2.3758e-002 2.4905e-003 7.4058e-003 1.2712e-002 8.5986e-005 1.1982e-002 4.8555e-002 3.4932e-001 4.9569e-001 1.0757e-002
          16 3.1594e-011 3.3464e-012 6.1131e-012 2.5766e-010 1.6956e-010 2.1426e-008 1.8440e-006 1.3362e-005 8.5972e-004 8.4599e-003 1.3646e-002 2.1271e-003 3.1866e-003 7.5595e-003 4.5955e-004 4.0738e-003 1.3107e-002 6.6571e-002 2.3169e-001 6.0720e-001
