   v'->v''           0           1           2           3           4           5           6           7           8
           0 9.6353e-001 3.4863e-002 1.5097e-003 9.0507e-005 6.4737e-006 7.6104e-007 5.1878e-008 4.3259e-008 2.4895e-008
           1 3.6170e-002 8.7788e-001 7.8904e-002 6.3066e-003 6.2391e-004 7.7687e-005 5.1255e-006 4.2202e-006 2.4089e-006
           2 2.9777e-004 8.5853e-002 7.6117e-001 1.3095e-001 1.7616e-002 2.5971e-003 1.7900e-004 1.4926e-004 8.5863e-005
           3 1.8069e-007 1.4066e-003 1.5377e-001 6.0154e-001 1.8159e-001 3.6167e-002 2.7008e-003 2.3047e-003 1.3449e-003
           4 1.8972e-011 2.3012e-006 4.6283e-003 2.4763e-001 3.8393e-001 1.7559e-001 1.5401e-002 1.3749e-002 8.2484e-003
           5 3.9073e-008 4.0338e-010 1.1688e-005 1.3427e-002 3.7350e-001 1.0257e-001 1.8870e-002 1.9729e-002 1.2936e-002
           6 1.1571e-008 4.6317e-008 2.7014e-007 4.3496e-005 4.1520e-002 4.3847e-001 1.5343e-002 8.1263e-003 3.1245e-003
           7 1.6415e-010 1.6801e-009 3.2138e-008 9.9697e-010 9.9545e-004 1.7090e-001 7.8547e-003 1.7722e-002 1.5399e-002
           8 6.6340e-009 1.1720e-009 5.5395e-009 1.5425e-006 1.9521e-004 4.5147e-002 5.0067e-002 5.6177e-002 3.4636e-002
           9 2.8981e-009 2.3696e-009 4.5853e-008 2.2642e-009 4.6925e-005 1.9880e-002 9.6085e-002 6.8240e-002 2.9627e-002
          10 8.3527e-011 3.1618e-012 1.4198e-008 1.9133e-007 4.3817e-008 6.6660e-003 1.5969e-001 5.8696e-002 1.2588e-002
          11 1.6743e-009 6.8915e-010 7.0387e-010 4.5928e-008 6.0008e-008 1.5062e-003 2.2308e-001 1.6259e-002 5.9617e-004
          12 1.5782e-009 3.6454e-010 5.4956e-009 4.4889e-009 2.5949e-009 2.9953e-004 2.4773e-001 2.0337e-002 4.7889e-002
          13 6.5143e-010 4.2704e-011 3.1920e-009 1.0674e-009 2.4587e-008 2.7979e-006 1.5580e-001 3.5917e-001 4.3671e-002
