   v'->v''           0           1           2           3
           0 9.9852e-001 1.1014e-003 2.7173e-004 8.3951e-005
           1 1.0329e-003 9.9315e-001 5.2246e-003 3.4173e-004
           2 3.8995e-004 4.7338e-003 9.7589e-001 1.8425e-002
           3 4.5168e-005 9.3191e-004 1.6463e-002 9.3050e-001
           4 7.5752e-006 6.4008e-005 2.0674e-003 4.5030e-002
           5 6.4984e-007 1.6983e-005 4.4851e-005 5.5381e-003
           6 7.0148e-008 2.2608e-006 3.2408e-005 1.3091e-008
           7 1.6714e-007 1.7933e-008 6.0604e-006 6.7026e-005
           8 1.3809e-007 3.1451e-008 6.0647e-007 8.7205e-006
           9 1.0516e-007 1.1493e-007 9.1592e-008 2.5307e-006
          10 4.8933e-008 1.3861e-007 1.8744e-008 4.8121e-007
          11 8.4887e-009 7.4221e-008 1.0762e-007 1.1004e-008
          12 7.2858e-011 2.2176e-008 8.1569e-008 6.8504e-009
          13 3.8218e-009 4.4342e-009 3.8856e-008 2.3177e-008
          14 6.1075e-009 6.6891e-010 2.0297e-008 3.6423e-008
          15 5.5172e-009 6.3707e-011 1.2971e-008 3.7421e-008
          16 3.7504e-009 3.8269e-014 8.2735e-009 2.7286e-008
          17 1.7213e-009 4.7964e-012 3.7866e-009 1.2751e-008
