   v'->v''           0           1           2           3           4           5           6           7           8           9          10          11          12          13          14          15
           0 9.8834e-001 1.1625e-002 9.7672e-007 2.7397e-005 5.9488e-006 3.6731e-006 5.0953e-008 7.1010e-007 2.0051e-007 5.0114e-010 5.6066e-008 6.2092e-008 3.3748e-008 1.3003e-008 4.0341e-009 1.0156e-009
           1 9.2425e-003 7.9852e-001 1.8913e-001 2.5344e-003 4.7223e-004 4.4240e-005 2.8840e-005 2.5380e-005 1.6253e-006 1.3201e-006 3.1276e-006 2.0827e-006 8.0836e-007 2.1056e-007 3.4202e-008 2.3506e-009
           2 1.9030e-003 1.3913e-001 5.2031e-001 3.0655e-001 3.1176e-002 7.2081e-007 7.0705e-004 1.0764e-004 9.9344e-006 4.9258e-005 3.0642e-005 8.2009e-006 6.8416e-007 8.3445e-008 5.3287e-007 5.1821e-007
           3 4.8905e-004 4.5380e-002 2.3427e-001 3.7415e-001 2.7482e-001 6.5494e-002 4.5729e-003 9.0665e-005 4.6157e-004 1.6311e-004 1.0343e-005 4.5944e-006 1.5871e-005 1.5992e-005 1.1053e-005 5.5473e-006
           4 7.8085e-006 4.8082e-003 5.4501e-002 2.6605e-001 3.2130e-001 2.4917e-001 8.7741e-002 1.4998e-002 6.7701e-004 1.2048e-004 3.0322e-004 1.7204e-004 5.6652e-005 1.2521e-005 1.6352e-006 6.1075e-008
           5 1.5948e-005 2.9786e-004 3.7592e-004 4.9018e-002 3.2963e-001 2.8358e-001 2.1319e-001 9.1313e-002 2.6779e-002 4.7978e-003 3.1200e-004 2.2536e-005 1.3158e-004 1.3309e-004 8.9168e-005 4.3566e-005
           6 7.5018e-009 1.2325e-004 1.2168e-003 2.8774e-004 3.9548e-002 3.6307e-001 2.5177e-001 1.9471e-001 9.6602e-002 3.7436e-002 1.1375e-002 2.7362e-003 4.8256e-004 4.5975e-005 7.5188e-009 3.8316e-006
           7 1.5838e-006 9.0901e-005 6.0687e-005 8.5995e-004 2.1476e-003 3.4576e-002 4.0789e-001 2.1293e-001 1.7166e-001 9.3756e-002 4.4313e-002 1.8699e-002 7.3935e-003 2.8534e-003 1.0988e-003 3.8551e-004
           8 7.2431e-007 3.1561e-006 4.5378e-005 3.9096e-004 9.9413e-005 3.3294e-003 2.8847e-002 4.5311e-001 1.7052e-001 1.5219e-001 8.8226e-002 4.7345e-002 2.4243e-002 1.2202e-002 6.0361e-003 2.5784e-003
           9 1.3088e-008 7.4771e-006 6.3212e-005 9.1600e-006 4.7930e-004 3.4620e-005 4.2385e-003 2.7058e-002 4.9953e-001 1.2320e-001 1.3165e-001 7.9828e-002 4.6037e-002 2.6083e-002 1.4389e-002 6.6651e-003
          10 1.4121e-007 1.0754e-005 1.5520e-005 3.4104e-005 2.1249e-004 2.0648e-004 4.7757e-004 4.1129e-003 2.8414e-002 5.4723e-001 6.9466e-002 1.0708e-001 7.0726e-002 4.2516e-002 2.4457e-002 1.1691e-002
          11 2.3515e-007 4.2587e-006 1.3660e-007 4.5290e-005 1.6983e-005 2.6219e-004 7.6177e-006 1.0493e-003 3.1213e-003 3.6584e-002 5.9479e-001 2.0472e-002 7.2532e-002 5.6705e-002 3.5187e-002 1.7247e-002
          12 1.2480e-007 5.2659e-007 2.0143e-006 2.0224e-005 5.1416e-006 1.1661e-004 1.4382e-004 7.2945e-005 1.4614e-003 1.8408e-003 5.6149e-002 6.2291e-001 1.1094e-004 2.9933e-002 3.2992e-002 1.9307e-002
          13 2.6954e-008 2.9988e-008 3.6928e-006 4.4132e-006 2.2121e-005 2.6112e-005 1.5013e-004 1.4095e-005 3.4819e-004 1.4924e-003 5.9420e-004 9.8186e-002 5.9708e-001 3.1626e-002 9.8275e-004 5.3234e-003
          14 3.5393e-010 3.8147e-007 3.1577e-006 1.9009e-007 2.3178e-005 1.1693e-006 9.3402e-005 6.4362e-005 3.4948e-005 6.1021e-004 1.1442e-003 4.0307e-007 1.7837e-001 4.8870e-001 9.2854e-002 1.3014e-002
          15 3.4866e-009 5.4738e-007 1.9484e-006 2.0269e-007 1.5366e-005 1.2032e-006 4.4135e-005 7.1447e-005 1.6957e-007 1.9076e-004 6.7747e-004 5.6704e-004 9.2411e-004 3.0498e-001 3.1954e-001 9.7990e-002
          16 6.7011e-009 4.4548e-007 9.7279e-007 5.5622e-007 7.8318e-006 3.3184e-006 1.7052e-005 5.0116e-005 7.9943e-006 5.1711e-005 2.9115e-004 4.6292e-004 4.8492e-005 2.5841e-003 4.6903e-001 1.5701e-001
          17 4.3816e-009 2.1899e-007 3.6120e-007 3.9587e-007 2.9144e-006 2.3510e-006 5.1632e-006 2.2606e-005 7.4203e-006 1.1646e-005 1.0232e-004 1.9492e-004 1.0330e-004 2.2736e-004 8.1805e-004 6.6281e-001
