   v'->v''           0           1           2           3           4           5           6           7           8           9          10          11          12          13          14          15          16          17          18          19
           0 9.9919e-001 8.1175e-004 6.7440e-008 3.6817e-008 2.9739e-009 1.1741e-008 3.1074e-009 1.7994e-010 1.9885e-009 2.7492e-013 6.4398e-010 2.0194e-010 2.7806e-011 2.0036e-010 1.5526e-010 4.9042e-011 9.0692e-012 1.4490e-012 7.1762e-014 8.7407e-015
           1 8.0966e-004 9.9725e-001 1.9424e-003 5.1083e-007 4.6543e-008 2.9576e-008 1.2466e-008 2.0132e-009 5.7431e-010 2.7913e-011 1.8470e-010 5.2954e-011 5.7875e-012 2.4960e-012 3.2893e-012 2.4180e-012 1.0616e-012 5.1304e-013 2.3135e-013 9.0003e-014
           2 2.2905e-006 1.9298e-003 9.9457e-001 3.4970e-003 1.6311e-006 8.4439e-008 2.2100e-008 4.7172e-008 9.2062e-010 5.3961e-009 5.1246e-009 1.8640e-010 1.7182e-009 3.1605e-010 6.4312e-011 2.8803e-010 2.2039e-010 1.5095e-010 8.9994e-011 4.2632e-011
           3 2.2247e-009 1.1006e-005 3.4565e-003 9.9097e-001 5.5567e-003 5.0150e-006 7.0436e-008 5.5524e-008 2.9452e-008 7.3612e-009 8.0293e-009 1.9095e-009 1.5517e-010 8.3512e-011 1.1360e-010 6.9259e-011 2.5071e-011 1.0244e-011 3.9649e-012 1.3716e-012
           4 1.5744e-008 1.7085e-008 3.2004e-005 5.4514e-003 9.8630e-001 8.2035e-003 1.2825e-005 6.7549e-008 5.6785e-008 9.8404e-008 2.6366e-011 1.5113e-008 1.7201e-008 1.3127e-009 2.1783e-010 2.3242e-010 2.9561e-011 7.6183e-017 6.7208e-012 8.4994e-012
           5 8.6240e-011 4.3067e-008 1.7966e-007 7.9328e-005 7.9670e-003 9.8045e-001 1.1472e-002 2.9022e-005 9.6600e-009 9.6626e-008 8.9872e-008 8.1321e-009 2.0350e-008 1.4183e-008 3.2490e-009 6.3730e-010 2.4409e-010 1.7344e-010 1.2460e-010 6.8864e-011
           6 3.2786e-009 1.6513e-009 3.1798e-008 1.0481e-006 1.7084e-004 1.0995e-002 9.7332e-001 1.5451e-002 6.1598e-005 2.5505e-008 5.6150e-008 2.1054e-007 5.7410e-009 2.0451e-008 3.5924e-008 1.6643e-008 4.8604e-009 1.8122e-009 7.0371e-010 2.5678e-010
           7 3.6094e-011 2.0238e-008 3.2736e-009 1.5468e-008 3.6777e-006 3.3246e-004 1.4561e-002 9.6480e-001 2.0172e-002 1.2604e-004 3.3163e-007 4.6095e-008 1.7661e-007 2.2363e-008 3.5941e-008 4.2007e-008 2.3313e-008 1.3502e-008 7.2390e-009 3.2306e-009
           8 3.2563e-010 1.1835e-009 2.8284e-008 1.9134e-009 1.0899e-008 1.1396e-005 6.0269e-004 1.8605e-002 9.5504e-001 2.5479e-002 2.5696e-004 1.9587e-006 4.2987e-008 2.2469e-007 2.3892e-008 1.2976e-008 1.4132e-008 1.3304e-008 9.8048e-009 5.2480e-009
           9 2.0618e-011 1.6270e-009 3.1342e-009 4.9522e-008 1.7286e-008 1.9844e-007 3.0309e-005 1.0347e-003 2.2857e-002 9.4441e-001 3.1168e-002 4.8697e-004 9.5147e-006 1.1184e-007 2.8745e-007 1.0235e-007 2.9962e-008 1.6373e-008 1.0130e-008 5.2126e-009
          10 3.9007e-010 1.7462e-010 1.4323e-010 1.0852e-008 2.9937e-008 1.3145e-010 1.1578e-006 7.0335e-005 1.6959e-003 2.6993e-002 9.3292e-001 3.7366e-002 9.2570e-004 2.8396e-005 1.6742e-006 1.4382e-009 2.2150e-008 1.4154e-008 7.4518e-009 3.3610e-009
          11 1.6477e-010 3.9998e-010 1.9587e-010 2.1024e-011 1.1439e-008 4.5769e-008 6.2397e-008 4.7901e-006 1.5529e-004 2.6113e-003 3.1030e-002 9.2165e-001 4.2583e-002 1.8538e-003 9.7557e-005 9.5698e-006 1.0881e-006 2.2928e-007 6.4029e-008 1.9994e-008
          12 1.5603e-012 3.5423e-010 1.3464e-009 5.3031e-010 6.1994e-009 1.9920e-008 4.2806e-008 4.6825e-007 1.4532e-005 3.2113e-004 3.8648e-003 3.3426e-002 9.1338e-001 4.4834e-002 3.7156e-003 3.4874e-004 5.8109e-005 1.7383e-005 6.1888e-006 2.2058e-006
          13 1.0285e-010 1.0343e-012 7.0709e-010 2.9547e-009 5.1035e-009 5.9123e-009 4.2394e-008 3.1922e-010 2.1840e-006 4.5735e-005 6.0487e-004 5.5375e-003 3.2727e-002 9.1247e-001 3.9593e-002 6.8657e-003 1.2613e-003 4.1198e-004 1.5778e-004 5.8856e-005
          14 1.4252e-010 1.5979e-010 2.7287e-011 2.6571e-009 3.2573e-009 5.7294e-009 9.8785e-009 2.8879e-008 1.6975e-007 8.0435e-006 1.1397e-004 1.0979e-003 7.4032e-003 2.6355e-002 9.2597e-001 1.9922e-002 9.5081e-003 3.8977e-003 1.6685e-003 6.5734e-004
          15 9.5184e-011 2.7887e-010 8.4448e-011 9.3737e-010 1.5323e-009 6.5222e-009 3.7522e-009 1.7501e-008 1.4217e-009 1.3285e-006 2.9600e-005 2.6306e-004 1.8488e-003 8.8544e-003 1.2038e-002 9.5275e-001 2.8312e-004 3.5248e-003 3.3317e-003 1.7459e-003
          16 4.3935e-011 2.0892e-010 1.8376e-010 1.4695e-010 6.1395e-010 4.9657e-009 3.4629e-009 8.5139e-009 1.0237e-009 2.3076e-007 8.2800e-006 8.0725e-005 5.2884e-004 2.6715e-003 8.6759e-003 8.0851e-004 9.2926e-001 3.9044e-002 4.1709e-003 4.0784e-004
          17 1.4470e-011 8.9773e-011 1.1667e-010 7.7687e-012 2.0196e-010 2.2785e-009 2.2915e-009 3.7280e-009 7.8018e-010 4.5596e-008 2.1541e-006 2.3667e-005 1.5476e-004 7.5997e-004 2.6215e-003 3.8509e-003 4.5144e-002 9.1752e-001 1.0596e-003 1.1829e-002
