   v'->v''           0           1
           0 9.9652e-001 3.3472e-003
           1 3.4372e-003 9.8946e-001
           2 4.2167e-005 7.0708e-003
           3 2.8981e-006 1.0921e-004
           4 2.7729e-007 9.0859e-006
           5 1.6480e-008 1.5722e-006
           6 3.5757e-009 1.7401e-007
           7 2.0043e-010 1.0130e-007
           8 7.2878e-010 6.1897e-012
           9 1.4477e-009 1.2430e-008
          10 4.4148e-010 8.6100e-010
          11 8.6425e-012 1.5482e-009
          12 2.7678e-010 1.5827e-009
          13 3.7508e-010 1.8739e-010
          14 2.7824e-010 2.3773e-011
          15 1.6359e-010 1.0169e-010
          16 8.5538e-011 6.6996e-011
          17 3.4224e-011 2.2067e-011
