   v'->v''           0           1           2           3
           0 9.9766e-001 2.3352e-003 2.9928e-006 5.3997e-008
           1 2.3319e-003 9.9029e-001 7.3581e-003 1.6383e-005
           2 5.6603e-006 7.3065e-003 9.7272e-001 1.9885e-002
           3 8.7474e-008 6.1009e-005 1.9330e-002 9.2508e-001
           4 9.7559e-010 4.1459e-006 5.5757e-004 5.1598e-002
           5 5.2508e-009 1.4193e-007 3.4568e-005 3.2198e-003
           6 3.1322e-008 1.4344e-007 3.0488e-008 1.8070e-004
           7 9.8935e-013 3.9814e-008 1.7903e-007 8.7479e-006
           8 8.6146e-009 6.8376e-009 2.2513e-007 9.3787e-006
           9 7.1738e-010 2.5381e-010 5.7882e-008 6.3346e-007
          10 8.8254e-010 6.2739e-010 6.1772e-008 7.7195e-007
          11 6.2454e-010 3.5607e-011 1.1673e-007 3.3660e-007
          12 1.1476e-011 2.3201e-009 2.1422e-008 3.0611e-008
          13 4.7513e-010 3.6512e-009 1.1970e-009 4.8539e-008
          14 5.8273e-010 2.0708e-009 1.1185e-008 1.4186e-007
          15 3.1578e-010 5.4544e-010 1.0769e-008 1.1750e-007
          16 1.0453e-010 5.1364e-011 5.9247e-009 6.0031e-008
          17 2.3495e-011 5.1163e-015 2.2067e-009 2.1228e-008
