   v'->v''           0           1           2           3
           0 9.9813e-001 1.8589e-003 1.3865e-005 2.1791e-009
           1 1.8346e-003 9.9477e-001 3.3246e-003 7.2861e-005
           2 3.7830e-005 3.2274e-003 9.9264e-001 3.8217e-003
           3 5.6571e-007 1.4285e-004 3.6362e-003 9.9284e-001
           4 1.7956e-046 1.3584e-042 5.1554e-041 8.2453e-040
           5 7.8887e-044 6.1884e-040 4.4921e-038 2.9688e-037
           6 1.3542e-031 2.7252e-027 3.4503e-025 2.1329e-024
           7 8.7381e-041 2.7070e-037 4.1097e-035 2.7462e-034
           8 3.5706e-039 2.8602e-037 9.6534e-035 1.1733e-033
           9 2.5439e-037 2.3501e-036 1.6259e-033 4.0764e-032
          10 1.8586e-035 5.6352e-035 4.4463e-032 2.1724e-030
          11 2.6005e-033 9.3704e-033 3.1559e-030 2.7224e-028
          12 4.4135e-021 2.8789e-020 4.1813e-018 4.8392e-016
          13 1.3608e-031 1.3466e-030 1.2349e-028 1.6184e-026
          14 7.3059e-032 3.8315e-030 1.1082e-028 1.7274e-026
          15 3.8380e-034 4.9719e-029 6.9882e-028 8.9678e-026
          16 1.8308e-029 1.0389e-027 1.1861e-026 8.4122e-025
          17 4.1462e-027 5.1287e-026 7.4764e-025 2.3018e-023
          18 1.3643e-014 7.7840e-014 1.6236e-012 2.9437e-011
          19 2.6647e-025 9.7265e-025 2.6824e-023 3.7468e-022
          20 3.2816e-025 2.5718e-025 2.4169e-023 2.1727e-022
          21 1.8102e-024 3.0737e-027 1.0991e-022 1.0243e-021
          22 1.6761e-023 1.0761e-023 8.9143e-022 1.2412e-020
          23 3.4518e-022 1.1574e-021 1.6843e-020 4.3493e-019
          24 1.3623e-010 1.1824e-009 6.5184e-009 2.9731e-007
          25 8.5539e-021 1.0503e-019 4.1337e-019 2.3787e-017
          26 6.6355e-022 4.4650e-020 4.2058e-020 7.5356e-018
          27 3.8286e-023 1.3142e-019 8.6015e-021 1.8173e-017
          28 1.8493e-020 6.6458e-019 8.1721e-020 7.9670e-017
          29 8.7524e-019 6.4709e-018 6.1855e-018 7.1138e-016
          30 1.3671e-009 2.8802e-009 9.0518e-009 3.1996e-007
          31 1.7471e-015 3.3930e-015 1.1457e-014 3.7919e-013
          32 3.7637e-017 1.3513e-017 1.9596e-016 2.1201e-015
          33 7.1272e-017 2.7113e-020 2.6357e-016 7.0003e-016
          34 2.6361e-016 5.6395e-017 6.0487e-016 2.6875e-017
          35 1.8080e-015 1.4888e-015 2.0411e-015 4.1346e-015
          36 1.0158e-013 1.8833e-013 3.1313e-014 7.1373e-013
          37 1.2088e-009 2.6650e-009 2.0720e-010 9.8191e-009
          38 2.8322e-014 1.0037e-013 5.0886e-017 2.9852e-013
          39 1.2524e-014 8.3227e-014 8.4146e-015 1.3980e-013
          40 1.1860e-014 1.6596e-013 4.9515e-014 9.2380e-014
          41 1.2314e-014 5.5574e-013 3.0391e-013 4.5168e-015
          42 8.9009e-016 4.7448e-012 4.0100e-012 2.3405e-012
          43 1.5769e-011 1.4619e-009 1.6044e-009 2.7774e-009
          44 9.6461e-013 3.3449e-011 4.1318e-011 1.0200e-010
          45 5.9069e-013 2.7235e-012 5.0044e-012 2.9737e-011
          46 1.2399e-012 9.7427e-013 3.1788e-012 4.1223e-011
          47 3.8426e-012 1.8300e-013 2.7871e-012 8.9949e-011
          48 1.8817e-011 8.5007e-013 2.0708e-012 3.0930e-010
          49 1.7598e-010 4.3970e-011 2.3451e-013 2.0336e-009
          50 3.6113e-010 1.5144e-010 1.9648e-011 3.2690e-009
          51 1.0498e-010 7.3763e-011 2.5691e-011 6.2555e-010
          52 5.5584e-011 6.0692e-011 3.4399e-011 1.6785e-010
          53 5.0661e-011 7.7233e-011 5.6993e-011 5.1638e-011
          54 6.1536e-011 1.2243e-010 1.0675e-010 4.4724e-012
          55 8.6238e-011 2.1437e-010 2.0969e-010 1.9645e-011
          56 1.1586e-010 3.4939e-010 3.7141e-010 1.7470e-010
          57 1.1798e-010 4.2500e-010 4.8153e-010 4.7382e-010
          58 8.5830e-011 3.7018e-010 4.4223e-010 7.0794e-010
          59 5.2924e-011 2.7769e-010 3.4729e-010 8.0771e-010
          60 3.2063e-011 2.1002e-010 2.7326e-010 8.6334e-010
          61 1.9638e-011 1.6739e-010 2.2537e-010 9.2709e-010
          62 1.1663e-011 1.3896e-010 1.9285e-010 1.0078e-009
          63 6.1108e-012 1.1667e-010 1.6656e-010 1.0945e-009
          64 2.2718e-012 9.5348e-011 1.4003e-010 1.1610e-009
          65 2.2869e-013 7.2209e-011 1.0949e-010 1.1677e-009
          66 3.4904e-013 4.7804e-011 7.5580e-011 1.0809e-009
          67 2.6254e-012 2.5863e-011 4.3639e-011 9.0632e-010
          68 6.4389e-012 1.0216e-011 1.9588e-011 6.9320e-010
          69 1.1087e-011 1.9519e-012 5.5024e-012 4.9248e-010
          70 1.6154e-011 7.0339e-014 1.8784e-013 3.2597e-010
          71 2.1329e-011 3.1864e-012 1.6843e-012 1.9722e-010
          72 2.6587e-011 1.0081e-011 8.1538e-012 1.0561e-010
          73 3.2089e-011 2.0030e-011 1.8319e-011 4.5629e-011
          74 3.7553e-011 3.2356e-011 3.1084e-011 1.1685e-011
          75 4.2932e-011 4.6525e-011 4.5542e-011 7.8797e-014
          76 4.7920e-011 6.1803e-011 6.0652e-011 7.0669e-012
          77 5.1795e-011 7.6650e-011 7.4647e-011 2.8458e-011
          78 5.4199e-011 8.9705e-011 8.6073e-011 5.8837e-011
          79 5.4081e-011 9.8174e-011 9.2328e-011 9.0499e-011
