   v'->v''           0           1           2           3           4           5           6           7           8           9          10          11          12          13          14          15          16          17
           0 8.3662e-002 2.6468e-001 3.3504e-001 2.1939e-001 7.9721e-002 1.5855e-002 1.5574e-003 5.5734e-005 1.3997e-007 2.4950e-008 5.6862e-009 5.7893e-009 4.1907e-010 1.7076e-009 4.6874e-013 4.3074e-010 3.4666e-010 3.3033e-011
           1 1.5682e-001 1.7761e-001 6.1927e-003 1.1835e-001 2.8316e-001 1.9410e-001 5.6664e-002 6.9238e-003 2.4612e-004 1.8635e-008 1.7221e-007 2.1110e-010 3.5784e-009 1.2579e-009 1.5046e-009 6.4241e-012 1.4357e-010 2.4425e-011
           2 1.7754e-001 4.2172e-002 6.3426e-002 1.2336e-001 3.4591e-004 1.8514e-001 2.7317e-001 1.1709e-001 1.7177e-002 5.3062e-004 2.5418e-006 5.4628e-007 3.0932e-008 5.5531e-009 7.6779e-010 1.4670e-009 2.8939e-010 1.1518e-011
           3 1.5955e-001 2.7586e-005 1.0905e-001 4.8392e-003 1.0621e-001 4.8761e-002 6.5177e-002 2.9025e-001 1.8442e-001 3.1001e-002 6.4491e-004 3.2458e-005 3.9112e-007 1.8679e-007 9.0997e-008 1.0382e-008 4.9763e-012 6.2697e-011
           4 1.2614e-001 1.8463e-002 6.7676e-002 2.5732e-002 6.9240e-002 2.3692e-002 1.0945e-001 5.4549e-003 2.6088e-001 2.4825e-001 4.4571e-002 3.0828e-004 1.3962e-004 1.9746e-006 2.1318e-007 3.1677e-007 1.1663e-007 8.6795e-009
           5 9.2436e-002 4.7454e-002 1.9137e-002 6.6062e-002 4.3843e-003 8.1297e-002 1.4709e-003 1.0978e-001 5.7017e-003 2.1531e-001 3.0483e-001 5.1821e-002 3.4145e-005 2.6439e-004 4.1548e-005 2.9861e-006 6.1871e-008 1.6735e-011
           6 6.4724e-002 6.4816e-002 3.9821e-004 6.1910e-002 1.0886e-002 4.5642e-002 3.5960e-002 3.2622e-002 6.9650e-002 3.1463e-002 1.7858e-001 3.5537e-001 4.5518e-002 2.1962e-003 8.1621e-005 1.1760e-004 3.9403e-005 2.9285e-006
           7 4.4156e-002 6.8369e-002 5.2743e-003 3.4352e-002 3.8724e-002 4.8546e-003 6.0549e-002 2.5034e-003 6.3053e-002 2.8758e-002 5.3425e-002 1.6603e-001 3.9809e-001 2.2183e-002 8.9327e-003 5.2979e-004 2.2030e-006 4.5811e-007
           8 2.9727e-002 6.2881e-002 1.8332e-002 1.0966e-002 4.7624e-002 3.5895e-003 3.3775e-002 3.5323e-002 5.9385e-003 6.6677e-002 6.1634e-003 5.8744e-002 1.9078e-001 4.1171e-001 1.0788e-004 1.0264e-002 3.8813e-003 2.8429e-004
           9 1.9915e-002 5.3323e-002 2.9685e-002 8.2565e-004 3.7528e-002 2.0347e-002 6.1850e-003 4.5229e-002 7.2720e-003 2.6355e-002 5.0296e-002 5.6741e-005 4.5612e-002 2.7470e-001 3.3232e-001 3.6248e-002 1.7159e-004 3.4673e-005
          10 1.3351e-002 4.2983e-002 3.5914e-002 1.0913e-003 2.1570e-002 3.1760e-002 3.9205e-004 2.7365e-002 2.9162e-002 3.7145e-004 3.9947e-002 3.0016e-002 1.5589e-003 1.7856e-002 4.3138e-001 1.1121e-001 8.2330e-002 6.4803e-003
          11 8.9909e-003 3.3545e-002 3.7236e-002 6.1196e-003 8.8717e-003 3.1962e-002 8.2050e-003 8.2451e-003 3.3889e-002 8.2136e-003 9.7086e-003 3.9596e-002 1.5406e-002 5.0679e-003 5.4516e-004 5.3645e-001 1.5785e-002 3.6195e-005
          12 6.0933e-003 2.5626e-002 3.5116e-002 1.1669e-002 2.0547e-003 2.5028e-002 1.7073e-002 3.2639e-004 2.3296e-002 2.1445e-002 2.7481e-005 2.0271e-002 3.0769e-002 8.0659e-003 1.3576e-002 7.6382e-002 2.1064e-001 2.5767e-002
          13 4.1614e-003 1.9302e-002 3.1087e-002 1.5626e-002 2.4546e-005 1.6350e-002 2.1147e-002 1.5036e-003 1.0569e-002 2.4607e-002 6.1930e-003 3.8554e-003 2.3612e-002 2.0335e-002 7.4732e-003 5.9441e-002 1.8665e-001 5.4866e-003
          14 2.8703e-003 1.4426e-002 2.6362e-002 1.7473e-002 6.5169e-004 9.1632e-003 2.0415e-002 5.8181e-003 2.7581e-003 1.9432e-002 1.3618e-002 6.6224e-005 1.0251e-002 2.0389e-002 1.1452e-002 2.5074e-002 2.0681e-001 1.1773e-005
          15 1.9832e-003 1.0643e-002 2.1485e-002 1.7335e-002 2.1472e-003 4.3719e-003 1.6849e-002 9.2380e-003 1.1795e-004 1.1945e-002 1.5954e-002 3.0947e-003 2.0996e-003 1.2713e-002 1.4527e-002 2.2185e-003 1.6277e-001 1.1216e-002
          16 1.3664e-003 7.7286e-003 1.6862e-002 1.5698e-002 3.3987e-003 1.7344e-003 1.2481e-002 1.0406e-002 3.4345e-004 6.0195e-003 1.3933e-002 6.4084e-003 6.2179e-006 5.5363e-003 1.0672e-002 1.0654e-002 2.7730e-002 6.4380e-002
          17 9.2277e-004 5.4377e-003 1.2590e-002 1.3007e-002 3.8929e-003 5.3619e-004 8.4669e-003 9.5420e-003 1.2676e-003 2.5235e-003 1.0145e-002 7.4622e-003 6.0667e-004 1.7038e-003 6.2138e-003 6.3372e-003 3.1868e-002 1.0138e-001
          18 5.9560e-004 3.6174e-003 8.7452e-003 9.7209e-003 3.5508e-003 1.1468e-004 5.2895e-003 7.4352e-003 1.7448e-003 8.9084e-004 6.4670e-003 6.4526e-003 1.3507e-003 3.2968e-004 3.0887e-003 4.2008e-003 6.4037e-005 1.8742e-001
          19 3.4617e-004 2.1454e-003 5.3372e-003 6.2205e-003 2.5597e-003 1.3015e-005 2.9463e-003 4.8206e-003 1.5129e-003 2.7082e-004 3.5900e-003 4.3704e-003 1.3595e-003 2.6017e-005 1.3504e-003 2.2969e-003 2.3852e-003 2.0853e-001
          20 1.6723e-004 1.0484e-003 2.6504e-003 3.1714e-003 1.3902e-003 3.2937e-007 1.3776e-003 2.4631e-003 8.9285e-004 7.6103e-005 1.6639e-003 2.2703e-003 8.4793e-004 2.0887e-008 5.2513e-004 1.0329e-003 8.2496e-004 2.2807e-001
          21 6.9699e-005 4.3924e-004 1.1187e-003 1.3548e-003 6.1081e-004 5.1372e-008 5.6426e-004 1.0519e-003 4.0585e-004 2.2930e-005 6.7755e-004 9.7509e-004 3.9333e-004 1.5018e-006 1.9463e-004 4.1303e-004 3.2076e-004 1.2019e-001
          22 2.8636e-005 1.8086e-004 4.6206e-004 5.6236e-004 2.5651e-004 9.4982e-008 2.3005e-004 4.3648e-004 1.7275e-004 8.0584e-006 2.7545e-004 4.0544e-004 1.6870e-004 1.1951e-006 7.5846e-005 1.6653e-004 1.3004e-004 3.0890e-002
