   v'->v''           0           1           2           3           4           5           6           7           8
           0 9.5106e-001 4.5064e-002 3.4170e-003 3.9221e-004 5.7596e-005 1.1640e-005 2.4593e-006 5.6594e-007 1.8181e-007
           1 4.8877e-002 8.5515e-001 8.4651e-002 9.5186e-003 1.4434e-003 2.7103e-004 6.3958e-005 1.6607e-005 4.8169e-006
           2 6.5821e-005 9.9473e-002 7.5737e-001 1.2058e-001 1.8017e-002 3.3908e-003 7.7533e-004 2.1180e-004 6.4589e-005
           3 3.2981e-007 3.1257e-004 1.5353e-001 6.5388e-001 1.5396e-001 2.9020e-002 6.5381e-003 1.7561e-003 5.4712e-004
           4 1.6289e-009 2.8640e-006 1.0141e-003 2.1275e-001 5.4036e-001 1.8503e-001 4.3110e-002 1.1366e-002 3.4572e-003
           5 1.0829e-008 1.8784e-008 1.4278e-005 2.8178e-003 2.7867e-001 4.1229e-001 2.1153e-001 6.1202e-002 1.8474e-002
           6 6.9178e-009 6.8678e-009 8.9872e-008 5.9260e-005 7.2497e-003 3.5113e-001 2.6748e-001 2.2408e-001 8.2488e-002
           7 6.4966e-009 1.2512e-011 1.3302e-008 5.4870e-007 2.3086e-004 1.7935e-002 4.2323e-001 1.1550e-001 1.9592e-001
           8 1.3198e-010 6.1992e-009 5.4276e-011 6.2941e-009 3.5645e-006 8.9949e-004 4.3427e-002 4.6621e-001 6.9360e-003
           9 2.1843e-009 1.0123e-010 2.0387e-008 1.5185e-009 2.7299e-009 2.5582e-005 3.6437e-003 1.0224e-001 3.9430e-001
          10 9.3738e-014 4.9437e-012 1.6129e-010 3.0870e-008 2.1287e-011 4.4963e-007 1.9598e-004 1.5640e-002 2.1312e-001
          11 1.5219e-009 1.0576e-009 4.8227e-012 1.4771e-010 7.9266e-008 1.2672e-008 8.0005e-006 1.6243e-003 6.7072e-002
          12 6.5135e-010 4.2897e-010 2.9620e-009 5.7769e-010 2.0661e-009 8.7986e-008 1.9678e-007 1.2619e-004 1.4687e-002
          13 2.4519e-011 1.8199e-011 1.2155e-009 5.4062e-009 3.6664e-010 5.4683e-009 9.8280e-008 7.0286e-006 2.5515e-003
          14 4.0782e-010 1.1856e-010 4.4305e-011 1.2237e-009 1.4710e-008 5.8049e-009 1.0012e-008 1.6955e-007 3.5969e-004
          15 2.9527e-010 8.9131e-012 3.9772e-010 8.3097e-011 5.3548e-009 2.2114e-008 2.4714e-008 4.3033e-009 3.5276e-005
          16 4.5922e-011 3.4457e-011 1.0116e-010 3.0008e-010 2.2097e-012 4.6548e-009 2.4285e-008 1.0479e-007 1.9773e-006
          17 3.4577e-012 8.9238e-011 7.2712e-012 3.7455e-011 8.0507e-010 5.6439e-014 1.3055e-009 1.3333e-008 2.3348e-009
          18 2.9664e-011 7.2269e-011 7.0202e-011 1.1743e-011 5.1651e-010 2.6390e-010 2.5584e-010 4.0250e-010 2.6116e-008
          19 3.6880e-011 4.6608e-011 8.6535e-011 4.9352e-011 1.9402e-010 1.9511e-010 4.8544e-010 3.9445e-011 2.6176e-010
          20 3.4724e-011 3.0135e-011 7.9675e-011 6.6318e-011 6.0607e-011 9.2291e-011 3.2604e-010 5.9787e-011 2.9055e-009
          21 2.6407e-011 1.7975e-011 5.9241e-011 5.9246e-011 1.4390e-011 3.3463e-011 1.5303e-010 9.3618e-011 4.9634e-009
          22 1.5379e-011 9.0420e-012 3.3933e-011 3.7273e-011 2.5479e-012 1.0015e-011 5.7398e-011 8.0852e-011 3.5807e-009
