   v'->v''           0           1           2           3           4           5           6           7           8           9          10
           0 9.4483e-001 5.2204e-002 2.7736e-003 1.7934e-004 1.3703e-005 1.5744e-006 2.3007e-007 1.9582e-008 1.6094e-008 9.6948e-009 5.6834e-009
           1 5.4150e-002 8.2000e-001 1.1369e-001 1.0857e-002 1.1306e-003 1.3934e-004 2.1044e-005 1.8840e-006 1.5948e-006 9.8386e-007 5.8646e-007
           2 1.0113e-003 1.2309e-001 6.6110e-001 1.8061e-001 2.8327e-002 4.5042e-003 7.6086e-004 6.9592e-005 5.9353e-005 3.6795e-005 2.2000e-005
           3 8.6285e-006 4.6176e-003 2.0728e-001 4.6410e-001 2.4017e-001 5.9776e-002 1.2501e-002 1.2060e-003 1.0492e-003 6.5895e-004 3.9716e-004
           4 1.2606e-007 8.4647e-005 1.4593e-002 3.0118e-001 2.3727e-001 2.5149e-001 8.5399e-002 9.1919e-003 8.3230e-003 5.3666e-003 3.2873e-003
           5 1.4134e-011 2.0662e-006 5.4064e-004 3.9933e-002 3.7669e-001 3.9309e-002 1.1968e-001 1.7824e-002 1.8040e-002 1.2490e-002 7.9878e-003
           6 3.6453e-009 2.6374e-008 2.1746e-005 2.9303e-003 9.9578e-002 3.4359e-001 2.6839e-002 3.3051e-004 4.2270e-006 5.0863e-005 1.0108e-004
           7 4.5162e-009 5.7852e-010 5.3270e-007 2.0280e-004 1.4750e-002 2.1069e-001 7.9750e-002 1.7922e-002 1.9421e-002 1.3774e-002 8.8681e-003
           8 1.0375e-009 4.8024e-009 8.8906e-011 1.0629e-005 1.8629e-003 6.8303e-002 2.1116e-001 1.8459e-002 1.3172e-002 6.7416e-003 3.4409e-003
           9 7.8198e-010 3.0858e-009 2.7727e-008 4.5566e-007 1.8897e-004 1.7580e-002 1.9575e-001 3.2999e-003 2.3485e-004 9.4543e-005 3.4097e-004
          10 5.9809e-010 8.1436e-011 2.3275e-008 4.8038e-009 1.6024e-005 3.7667e-003 1.3029e-001 1.5875e-003 7.9994e-003 9.2077e-003 7.3031e-003
          11 5.9867e-010 1.4059e-009 6.7675e-010 3.4419e-009 9.1702e-007 7.0003e-004 7.3099e-002 1.8593e-002 3.1104e-002 2.4332e-002 1.5774e-002
          12 1.1222e-011 6.7578e-013 8.1734e-009 7.4357e-009 2.6970e-009 1.0997e-004 3.6870e-002 5.1107e-002 5.4818e-002 3.2099e-002 1.7067e-002
          13 2.8888e-010 5.0859e-010 2.4155e-011 3.8390e-010 4.5659e-008 1.3404e-005 1.7000e-002 9.4194e-002 6.4034e-002 2.4821e-002 9.2226e-003
          14 1.2392e-010 1.3396e-010 3.2049e-009 1.4826e-009 2.1184e-008 8.6737e-007 7.2140e-003 1.4187e-001 4.9118e-002 7.3607e-003 5.0378e-004
          15 7.5269e-013 3.9896e-011 1.0962e-009 5.6960e-011 3.8494e-009 1.3060e-008 2.6666e-003 1.8042e-001 1.5153e-002 1.2174e-003 6.0987e-003
          16 8.1877e-011 2.1859e-010 4.4678e-011 7.6837e-010 4.3677e-009 1.1443e-007 7.7113e-004 1.9074e-001 2.7886e-003 3.1717e-002 2.7681e-002
          17 1.3023e-010 1.9368e-010 7.5983e-010 3.4276e-010 4.7279e-009 1.3648e-010 1.4537e-004 1.5485e-001 8.3916e-002 7.0916e-002 2.6769e-002
          18 1.0071e-010 8.7027e-011 8.5447e-010 1.7818e-011 6.3170e-010 1.8497e-008 9.4635e-006 8.1018e-002 2.6268e-001 2.3028e-002 4.3585e-004
          19 5.2891e-011 2.5419e-011 4.8799e-010 1.2257e-011 1.3525e-011 1.1424e-008 5.5239e-007 1.6729e-002 3.0739e-001 9.9199e-002 8.1779e-002
          20 1.4892e-011 4.4162e-012 1.3745e-010 1.4624e-011 7.2335e-011 2.3897e-009 6.7258e-009 3.0244e-005 5.0431e-002 6.1620e-001 1.0229e-001
