   v'->v''           0           1           2           3           4           5           6           7           8           9
           0 1.8395e-002 9.5344e-001 2.0226e-002 7.8310e-003 1.0031e-004 4.8362e-008 4.5764e-007 1.3993e-006 6.8084e-007 1.3401e-007
           1 2.0106e-002 1.7410e-002 3.1356e-001 5.4621e-001 8.9989e-002 1.2368e-002 3.3210e-004 5.2300e-006 4.2434e-006 2.7040e-008
           2 6.5419e-002 1.7575e-004 1.6083e-001 1.4141e-003 3.0119e-001 3.3698e-001 1.1099e-001 2.0637e-002 2.1219e-003 8.0239e-005
           3 1.8569e-001 1.7360e-003 7.9029e-002 5.7577e-002 4.7908e-002 4.1962e-002 2.0974e-001 2.0314e-001 1.0524e-001 3.7972e-002
           4 3.2712e-001 8.3858e-003 1.8761e-003 4.4287e-002 1.3603e-002 6.1622e-002 6.6383e-004 5.1416e-002 1.1338e-001 9.5508e-002
           5 2.8968e-001 1.2283e-002 8.2268e-002 1.6848e-003 6.0104e-002 9.3703e-004 4.8955e-002 2.3403e-002 1.0681e-004 1.3322e-002
           6 9.0155e-002 6.1064e-003 2.2333e-001 1.2648e-001 1.0484e-004 5.3777e-002 1.9009e-003 2.1103e-002 3.0796e-002 1.2205e-002
           7 1.9165e-003 4.4428e-004 1.1354e-001 1.7821e-001 1.8975e-001 7.4044e-005 5.3726e-002 1.1820e-002 2.5347e-003 1.2484e-002
           8 1.2129e-003 4.8587e-005 4.1104e-003 3.5446e-002 2.6156e-001 2.1800e-001 5.5071e-004 4.3900e-002 2.3737e-002 2.2182e-003
           9 3.1573e-005 7.1277e-007 1.2008e-003 2.6050e-004 3.3961e-002 2.5370e-001 2.5494e-001 8.8995e-003 2.6029e-002 2.6719e-002
          10 7.1142e-005 7.2361e-006 9.0430e-005 1.1066e-004 1.0626e-003 1.8971e-002 2.9729e-001 2.3067e-001 3.8771e-002 2.5384e-003
          11 6.5436e-005 2.8112e-006 3.9040e-005 2.6303e-004 6.6250e-005 7.4243e-004 1.9471e-002 3.4616e-001 1.4617e-001 9.0047e-002
          12 8.9560e-006 1.7820e-008 7.9864e-005 7.6031e-005 1.3361e-004 6.1668e-004 2.1158e-005 3.5456e-002 4.0054e-001 1.6129e-002
          13 5.0727e-007 3.3595e-007 2.9975e-005 1.2741e-006 1.8030e-004 9.0531e-006 1.0890e-003 1.4666e-003 9.1123e-002 3.3611e-001
          14 4.9022e-006 4.2466e-007 3.2947e-006 6.8678e-006 7.1290e-005 4.3937e-005 1.9226e-004 1.4344e-003 1.5422e-002 2.2741e-001
          15 5.2874e-006 2.4843e-007 3.0949e-007 1.3476e-005 1.3843e-005 7.2033e-005 1.1105e-005 2.6420e-004 3.6152e-003 9.6377e-002
          16 3.0813e-006 9.6185e-008 2.7917e-006 1.0794e-005 1.4434e-007 5.6401e-005 5.1881e-006 1.0271e-004 5.9033e-005 2.7737e-002
          17 1.2196e-006 2.3424e-008 3.6266e-006 5.7362e-006 2.0673e-006 2.9652e-005 2.3460e-005 2.5244e-005 1.6255e-004 2.2305e-003
          18 3.4898e-007 2.2850e-009 2.8049e-006 2.3718e-006 4.1680e-006 1.1978e-005 2.5882e-005 1.5950e-006 6.6050e-005 6.6504e-004
          19 7.3420e-008 3.1178e-011 1.5957e-006 8.2460e-007 3.5494e-006 4.0749e-006 1.7294e-005 1.3916e-007 2.2257e-005 3.6445e-005
          20 9.8908e-009 2.3674e-010 4.8505e-007 1.8462e-007 1.2873e-006 9.0223e-007 5.6632e-006 3.0114e-007 5.4665e-006 1.0718e-005
