   v'->v''           0           1           2           3           4           5           6           7           8           9          10          11          12          13          14          15          16          17          18          19
           0 1.0000e+000 7.2948e-007 4.9330e-007 2.9575e-008 1.0806e-011 8.9454e-009 7.4460e-009 2.1545e-010 2.7589e-010 1.0007e-009 1.9580e-009 1.0357e-010 5.1098e-010 9.0362e-010 3.7808e-010 3.0664e-011 1.1976e-011 4.4016e-011 3.8478e-011 1.8922e-011
           1 7.4281e-007 9.9999e-001 7.5159e-006 1.5312e-006 9.4426e-008 5.2652e-009 9.5795e-009 2.1467e-008 5.1760e-011 3.2256e-009 1.1393e-009 3.9300e-009 2.6341e-010 7.7709e-010 1.2411e-009 3.5775e-010 1.2160e-013 1.0422e-010 1.6020e-010 1.0320e-010
           2 5.1787e-007 7.6040e-006 9.9996e-001 3.3224e-005 2.1435e-006 2.2213e-007 1.9833e-010 1.1572e-008 2.8422e-008 3.4481e-010 3.2078e-009 1.9734e-009 3.8673e-009 5.0193e-011 1.1588e-009 1.2316e-009 2.5241e-010 3.5415e-012 1.0931e-010 1.1535e-010
           3 1.3565e-008 1.5511e-006 3.3502e-005 9.9988e-001 8.6265e-005 2.7032e-006 4.2910e-007 8.3777e-009 1.5283e-008 2.8027e-008 4.2126e-010 1.7815e-009 2.6682e-009 3.0210e-009 2.2588e-012 1.3724e-009 1.2691e-009 3.4823e-010 1.6615e-011 5.4161e-012
           4 1.7197e-008 6.0818e-008 2.0376e-006 8.6889e-005 9.9973e-001 1.7914e-004 3.0446e-006 6.4160e-007 5.8079e-008 1.5027e-008 9.3821e-009 4.2073e-010 7.1596e-012 2.3915e-009 8.3470e-010 1.2652e-010 7.2073e-010 4.5813e-010 1.2041e-010 1.6454e-011
           5 1.1745e-008 1.0191e-008 1.8554e-007 2.3145e-006 1.8039e-004 9.9948e-001 3.3393e-004 3.1651e-006 8.9735e-007 1.3480e-007 3.9671e-008 1.9507e-009 1.2667e-009 1.3696e-011 2.2317e-009 1.0209e-009 9.2366e-012 3.9652e-010 3.8504e-010 1.7398e-010
           6 6.8454e-009 2.9131e-008 2.2912e-008 4.1938e-007 2.2140e-006 3.3609e-004 9.9908e-001 5.8134e-004 3.0720e-006 1.2283e-006 2.1654e-007 1.0757e-007 2.2803e-010 5.6252e-009 2.6534e-009 1.1923e-009 2.5893e-009 5.1306e-010 5.7265e-012 1.1075e-010
           7 2.2761e-010 9.6599e-009 2.1912e-008 5.0211e-008 6.5621e-007 1.7061e-006 5.8481e-004 9.9844e-001 9.6490e-004 2.6008e-006 1.5622e-006 3.8256e-007 1.3642e-007 1.4444e-008 1.3418e-008 3.2036e-009 6.9394e-013 1.5008e-010 1.6508e-011 3.7041e-012
           8 8.4627e-009 7.5658e-010 8.1788e-009 4.5299e-009 1.3785e-007 9.4371e-007 9.1295e-007 9.6918e-004 9.9748e-001 1.5448e-003 1.6294e-006 1.9852e-006 5.6035e-007 2.1575e-007 4.3274e-008 3.3238e-008 1.3603e-008 2.3811e-009 3.2290e-010 7.9557e-011
           9 8.7830e-010 8.0246e-009 2.7253e-009 3.0941e-009 1.3710e-009 2.3743e-007 1.2254e-006 9.4124e-008 1.5481e-003 9.9605e-001 2.4000e-003 3.9530e-007 2.4787e-006 6.9829e-007 5.0279e-007 3.4404e-008 3.7421e-008 5.5825e-008 3.1306e-008 1.0349e-008
          10 9.3392e-010 9.2494e-013 6.6746e-009 4.9370e-009 1.1995e-008 7.9165e-009 4.0753e-007 1.5173e-006 5.8908e-007 2.3966e-003 9.9395e-001 3.6465e-003 1.0072e-007 2.4723e-006 8.9309e-007 8.9820e-007 1.1612e-007 4.1449e-008 4.4322e-008 2.8308e-008
          11 7.0304e-010 2.1569e-009 2.5538e-010 3.3916e-009 4.1522e-009 1.8418e-008 3.0152e-008 5.6833e-007 1.6476e-006 6.0302e-006 3.6187e-003 9.9085e-001 5.5160e-003 2.8290e-006 2.9819e-006 7.0413e-007 9.5607e-007 2.9843e-007 1.2342e-007 6.6686e-008
          12 1.6701e-011 2.4466e-010 2.1313e-009 3.8681e-010 7.1543e-009 1.5465e-009 5.0497e-008 1.0748e-007 8.2386e-007 1.3211e-006 2.4495e-005 5.4274e-003 9.8644e-001 8.0753e-003 2.6560e-005 4.4186e-006 1.5790e-006 9.3689e-007 2.3433e-007 6.2791e-008
          13 4.4513e-010 6.8406e-010 2.9658e-011 7.6724e-010 1.4665e-010 3.8474e-009 3.1782e-010 7.7709e-008 1.9025e-007 1.3608e-006 5.8589e-007 7.1766e-005 7.8299e-003 9.8120e-001 1.0763e-002 1.2685e-004 8.8104e-007 2.3693e-006 1.7326e-006 6.2134e-007
          14 2.9211e-010 1.4286e-009 1.0335e-009 2.9551e-011 1.8418e-009 4.4906e-011 2.7704e-009 7.7450e-009 1.4676e-007 2.0847e-007 1.3909e-006 2.2942e-008 2.1036e-004 1.0169e-002 9.7547e-001 1.3737e-002 3.9779e-004 2.8567e-006 5.6689e-007 1.0632e-006
          15 1.0245e-011 5.7281e-010 1.3592e-009 6.2274e-010 1.3500e-010 7.4651e-010 6.8311e-012 2.1781e-010 3.5413e-008 2.6643e-007 5.3963e-007 1.0080e-006 9.1173e-007 5.2789e-004 1.2536e-002 9.7014e-001 1.5586e-002 1.1324e-003 6.2294e-005 4.9585e-006
          16 9.0773e-011 1.1871e-011 4.3611e-010 4.5440e-010 3.8382e-010 4.2553e-011 1.2069e-009 8.7316e-010 5.7847e-009 1.2347e-007 4.1668e-007 4.7932e-007 9.6386e-007 1.9295e-005 1.0922e-003 1.3555e-002 9.6830e-001 1.3925e-002 2.4399e-003 3.9813e-004
          17 2.6965e-010 1.2927e-010 7.8838e-012 7.2780e-011 7.8080e-010 1.8044e-010 5.8058e-010 1.4344e-009 3.6050e-009 2.3483e-008 1.8628e-007 5.4877e-007 4.9928e-007 3.1394e-008 9.4769e-005 2.0320e-003 1.1295e-002 9.7285e-001 7.5631e-003 2.9952e-003
          18 3.1222e-010 3.1053e-010 6.9373e-011 3.4046e-012 4.6649e-010 3.6154e-010 1.7908e-011 7.5018e-010 3.5800e-009 5.3760e-009 5.7851e-008 3.9717e-007 3.5119e-007 3.5723e-007 5.6056e-006 3.2141e-004 3.0467e-003 5.7357e-003 9.8318e-001 1.9697e-005
          19 2.2597e-010 2.8892e-010 1.3416e-010 3.9296e-011 1.5458e-010 2.4043e-010 4.2484e-011 2.0094e-010 2.3995e-009 2.9549e-009 1.9106e-008 1.8809e-007 2.2068e-007 3.2919e-007 4.0980e-007 5.1567e-005 7.7759e-004 2.9966e-003 3.0273e-007 9.6882e-001
          20 7.7391e-011 1.0890e-010 6.2534e-011 2.3878e-011 2.8219e-011 7.0057e-011 4.0257e-011 2.9720e-011 7.5877e-010 1.1722e-009 4.9148e-009 5.0061e-008 7.0419e-008 1.2822e-007 2.3142e-008 8.3912e-006 1.4516e-004 7.0858e-004 7.4763e-004 2.1413e-002
