   v'->v''           0           1           2           3           4           5           6           7           8           9          10          11          12          13          14          15
           0 9.9137e-001 8.0428e-003 5.5164e-004 2.8145e-005 4.2407e-006 5.7825e-007 3.6913e-008 3.8205e-008 2.1762e-008 9.9253e-010 2.1074e-010 2.1069e-011 8.5708e-010 1.1220e-009 5.4889e-010 1.3347e-010
           1 1.2911e-008 6.5258e-008 9.3522e-007 1.5841e-005 2.0342e-004 1.8739e-003 1.2154e-002 5.4409e-002 1.6273e-001 3.0401e-001 3.1465e-001 1.3823e-001 9.8322e-003 1.5179e-003 4.7705e-005 1.0417e-004
           2 4.1091e-010 2.7464e-006 1.2636e-005 1.4374e-004 1.3223e-003 8.7836e-003 3.9097e-002 1.0661e-001 1.4527e-001 4.6085e-002 3.9526e-002 3.3269e-001 2.6171e-001 6.2439e-003 1.0602e-002 1.2029e-003
           3 8.4194e-003 9.7921e-001 1.0223e-002 1.9755e-003 2.9467e-005 6.9365e-005 4.1305e-006 1.1045e-005 3.2586e-009 3.9878e-006 6.6349e-006 2.1176e-006 2.9552e-005 1.1277e-005 2.2364e-006 6.0282e-008
           4 1.3078e-006 8.2772e-005 1.6009e-004 7.2598e-004 4.8954e-003 2.3055e-002 6.9667e-002 1.0942e-001 5.0047e-002 7.1107e-003 9.6463e-002 1.5613e-003 2.9993e-001 3.0184e-001 5.6984e-003 7.7730e-003
           5 1.1827e-006 6.9820e-008 2.1576e-003 3.1900e-003 1.4130e-002 4.4771e-002 8.7128e-002 6.7423e-002 9.6278e-004 5.4050e-002 2.9035e-002 3.4458e-002 7.4185e-003 3.4611e-001 1.7607e-001 8.1175e-002
           6 2.0015e-004 1.0448e-002 9.4410e-001 7.5005e-004 1.3254e-002 2.2048e-003 1.8885e-003 8.5038e-005 1.7463e-003 7.1052e-004 9.8059e-004 9.1233e-004 8.6631e-004 8.1803e-004 1.5007e-002 6.0519e-004
           7 4.5868e-006 6.4802e-004 2.9670e-002 1.7860e-002 2.4928e-002 6.6528e-002 7.4616e-002 1.8917e-002 1.4966e-002 4.8679e-002 9.8406e-004 4.9437e-002 3.1665e-003 1.1871e-004 4.0460e-001 2.5172e-005
           8 1.6445e-007 4.0968e-004 1.4734e-003 1.2148e-001 5.9139e-002 8.0417e-002 3.1440e-002 1.1143e-003 4.0356e-002 6.3062e-003 2.9490e-002 4.5919e-003 3.7891e-002 4.9312e-004 5.1225e-002 1.6036e-001
           9 1.0994e-007 9.8778e-004 1.2985e-003 6.2848e-001 7.2131e-003 5.1793e-003 1.1195e-002 1.7987e-002 7.8282e-004 1.4845e-002 2.0441e-003 1.4090e-002 1.2708e-004 1.8190e-002 5.5152e-003 7.5895e-002
          10 5.1299e-008 1.6692e-004 4.3082e-003 1.8690e-001 9.1268e-002 4.3440e-002 2.9481e-002 2.9103e-003 3.0312e-002 9.4289e-004 2.6658e-002 3.5318e-006 2.0478e-002 2.0797e-002 3.7141e-002 7.1994e-002
          11 6.5864e-008 1.1510e-005 3.4892e-003 2.4133e-002 2.6626e-001 1.9066e-002 4.2299e-005 3.3895e-002 6.7486e-003 1.6909e-002 7.3435e-003 2.0353e-002 4.1393e-007 9.8235e-003 6.5261e-002 7.3910e-002
          12 5.9200e-008 3.7184e-007 2.0244e-003 8.9550e-005 3.2322e-001 1.9015e-002 2.3418e-002 1.5497e-002 1.0802e-002 1.4336e-002 8.0185e-003 7.0773e-003 1.6722e-002 8.0525e-004 1.5017e-003 1.4501e-001
          13 1.7291e-008 1.1658e-009 4.8754e-004 4.4466e-003 1.4993e-001 1.5630e-001 1.0640e-002 2.8874e-003 2.6614e-002 1.5895e-003 1.7034e-002 5.9964e-003 4.4348e-003 1.6250e-002 2.3025e-004 9.1576e-002
          14 1.7842e-009 3.7790e-008 4.3213e-005 5.7001e-003 2.8544e-002 2.3200e-001 8.5730e-003 2.2056e-002 3.6123e-003 2.1898e-002 2.7102e-004 1.6638e-002 4.7094e-003 1.6059e-003 1.9626e-002 2.6036e-002
          15 3.2190e-010 2.0144e-007 2.6724e-008 3.0878e-003 3.2792e-004 1.8335e-001 8.9665e-002 8.5664e-003 5.7754e-003 1.4740e-002 1.1436e-002 2.1473e-003 1.3818e-002 4.6791e-003 4.8810e-004 6.1940e-002
          16 1.1091e-009 2.4351e-007 1.2866e-006 8.7506e-004 3.5814e-003 8.2396e-002 1.7479e-001 5.0331e-003 1.7442e-002 3.9964e-005 1.8163e-002 5.2907e-003 2.7335e-003 1.0863e-002 3.4671e-003 3.9909e-002
          17 2.7447e-009 1.3868e-007 1.2263e-007 9.4855e-005 6.0848e-003 1.6980e-002 1.7152e-001 6.0533e-002 4.9923e-003 9.2164e-003 3.8825e-003 1.5968e-002 2.7937e-003 1.7947e-003 8.8608e-003 4.1647e-003
          18 2.8827e-009 4.1822e-008 3.8912e-007 1.9028e-007 3.9363e-003 1.5702e-004 1.0474e-001 1.2768e-001 4.3463e-003 1.3432e-002 1.6365e-003 7.9709e-003 1.2393e-002 2.1446e-003 1.9028e-004 2.3800e-002
          19 1.3241e-009 4.7177e-009 1.1384e-006 1.0822e-005 1.4000e-003 2.6875e-003 4.0065e-002 1.4539e-001 4.4331e-002 2.3116e-003 1.0635e-002 1.2296e-005 8.9508e-003 9.4877e-003 2.1044e-003 8.5003e-003
          20 1.3476e-010 6.3662e-011 9.4677e-007 5.6744e-006 2.3186e-004 5.1312e-003 7.1749e-003 1.0970e-001 9.6826e-002 4.9741e-003 8.7887e-003 5.1880e-003 7.4770e-004 7.6524e-003 7.7147e-003 1.1639e-004
          21 6.3079e-011 8.8544e-010 3.5757e-007 1.8607e-007 1.3204e-006 4.0210e-003 1.1537e-007 5.6959e-002 1.1909e-001 3.6424e-002 4.4665e-004 9.5073e-003 2.0192e-003 1.0792e-003 4.8215e-003 1.3403e-002
          22 2.2604e-010 2.4455e-010 3.9493e-008 1.1960e-006 2.4748e-005 1.8723e-003 2.2035e-003 1.8854e-002 1.0106e-001 7.5943e-002 6.6878e-003 4.2288e-003 7.1818e-003 8.9350e-004 6.3747e-004 3.7658e-005
          23 9.4300e-011 1.6618e-010 5.9873e-009 3.0514e-006 3.1854e-005 5.0515e-004 3.9769e-003 2.5916e-003 6.3109e-002 9.5714e-002 3.2245e-002 7.1344e-005 5.9932e-003 4.9237e-003 7.3754e-004 1.1923e-003
          24 9.5000e-012 1.5349e-009 3.8276e-008 2.7545e-006 1.3222e-005 4.4501e-005 3.4509e-003 9.4667e-005 2.8652e-002 8.7419e-002 6.1489e-002 9.2473e-003 8.8214e-004 5.4666e-003 3.5125e-003 2.6626e-003
          25 2.8846e-010 2.9010e-009 3.6016e-008 1.3436e-006 1.0263e-006 7.2938e-006 1.9666e-003 1.9175e-003 8.3025e-003 6.1638e-002 7.6856e-002 3.0217e-002 1.6037e-003 1.8428e-003 4.0205e-003 1.0562e-003
          26 7.2319e-010 2.9593e-009 1.3669e-008 3.0312e-007 1.1614e-006 4.2729e-005 7.6001e-004 3.1520e-003 7.9689e-004 3.3854e-002 7.2704e-002 5.1098e-002 1.2485e-002 1.1070e-004 1.6077e-003 3.4188e-003
          27 9.1495e-010 1.8646e-009 8.0220e-010 1.1234e-009 4.9786e-006 4.3991e-005 1.6864e-004 2.8950e-003 2.2657e-004 1.3828e-002 5.5123e-002 6.1288e-002 2.8853e-002 5.0033e-003 2.6513e-006 2.6897e-004
          28 7.3151e-010 6.3147e-010 1.8774e-009 9.2398e-008 6.2852e-006 2.2875e-005 6.4723e-006 1.8949e-003 1.5660e-003 3.5088e-003 3.4131e-002 5.8148e-002 4.2440e-002 1.5486e-002 2.4643e-003 6.2252e-008
          29 3.6311e-010 3.0818e-011 7.1872e-009 2.0793e-007 4.7293e-006 5.5342e-006 1.2937e-005 9.3427e-004 2.4092e-003 2.0054e-004 1.7046e-002 4.5851e-002 4.7767e-002 2.6670e-002 8.8514e-003 2.2034e-003
          30 7.7107e-011 1.2892e-010 9.3716e-009 2.1335e-007 2.3651e-006 2.9961e-008 3.8805e-005 3.3449e-004 2.3325e-003 2.7118e-004 6.4488e-003 3.0712e-002 4.4434e-002 3.3899e-002 1.6413e-002 4.9752e-003
          31 1.9711e-012 5.3567e-010 7.6363e-009 1.4123e-007 7.0505e-007 1.9020e-006 4.1755e-005 7.0798e-005 1.7282e-003 1.1641e-003 1.4934e-003 1.7504e-002 3.5503e-002 3.5209e-002 2.2055e-002 9.9767e-003
          32 9.5037e-011 8.4647e-010 4.3954e-009 6.1672e-008 5.5173e-008 4.9998e-006 2.8529e-005 2.1716e-006 1.0456e-003 1.7249e-003 5.5441e-005 8.3235e-003 2.4861e-002 3.1403e-002 2.4127e-002 1.2164e-002
          33 2.3524e-010 8.9181e-010 1.7642e-009 1.3965e-008 4.1707e-008 6.2854e-006 1.3613e-005 7.4801e-006 5.2718e-004 1.7500e-003 1.8149e-004 3.1275e-003 1.5432e-002 2.4794e-002 2.2744e-002 1.3589e-002
          34 3.2383e-010 7.2126e-010 4.0524e-010 8.5690e-011 2.1755e-007 5.6074e-006 4.1901e-006 2.2767e-005 2.1885e-004 1.4284e-003 6.5003e-004 7.9397e-004 8.4967e-003 1.7604e-002 1.8989e-002 1.2596e-002
          35 3.2710e-010 4.7337e-010 1.3608e-011 4.4239e-009 3.3087e-007 3.9940e-006 5.1925e-007 2.7898e-005 7.1728e-005 1.0006e-003 9.2754e-004 7.1897e-005 4.1384e-003 1.1352e-002 1.4250e-002 1.0372e-002
          36 2.6061e-010 2.5604e-010 3.9892e-011 1.1100e-008 3.1905e-007 2.3581e-006 2.4248e-008 2.3213e-005 1.6775e-005 6.1062e-004 8.9658e-004 1.2514e-005 1.7583e-003 6.5803e-003 9.5003e-003 7.5706e-003
          37 1.5198e-010 1.0756e-010 9.1466e-011 1.0841e-008 2.0539e-007 1.0843e-006 2.7264e-007 1.3481e-005 2.3076e-006 2.9773e-004 5.9156e-004 6.6036e-005 6.1130e-004 3.1082e-003 5.0307e-003 4.2824e-003
