   v'->v''           0           1           2           3           4           5           6           7           8           9          10          11          12          13          14          15          16          17          18          19          20          21          22          23          24          25          26          27          28          29          30          31          32          33          34          35          36          37
           0 9.8046e-001 9.4068e-009 1.3651e-008 1.9484e-002 2.3520e-006 8.8967e-007 5.2587e-005 5.1485e-007 6.6755e-008 1.2529e-007 1.4881e-010 1.4157e-008 1.4494e-009 3.9549e-009 5.6106e-009 3.9478e-010 1.9570e-009 5.5391e-009 4.2554e-009 1.2755e-009 5.6959e-011 4.1538e-011 2.2605e-011 4.3506e-011 3.8857e-010 8.2728e-010 9.8479e-010 7.9628e-010 4.6688e-010 2.0144e-010 6.3908e-011 1.6271e-011 5.8308e-012 6.7858e-012 1.4274e-011 2.6002e-011 3.4285e-011 2.8626e-011
           1 1.8398e-002 1.7358e-007 4.7838e-006 9.4454e-001 5.4307e-005 2.3928e-005 3.4786e-002 1.4568e-003 3.4702e-004 3.7891e-004 1.7655e-005 6.6057e-007 6.2430e-007 4.6378e-008 4.4314e-007 2.5725e-007 1.2907e-008 3.8042e-008 8.5966e-008 4.6756e-008 3.0832e-009 1.0616e-008 4.2596e-008 5.7049e-008 4.4730e-008 2.1917e-008 5.4432e-009 7.2859e-011 1.3217e-009 3.3493e-009 3.4952e-009 2.1527e-009 7.1540e-010 3.9397e-011 1.1643e-010 4.9048e-010 7.2471e-010 5.9134e-010
           2 1.0436e-003 5.2707e-006 5.1401e-005 3.1873e-002 4.4850e-004 3.6863e-003 8.9699e-001 1.9082e-002 8.9780e-004 2.7208e-002 1.4187e-002 3.7903e-003 6.8061e-004 3.0846e-006 2.8171e-005 1.1145e-005 1.9884e-007 6.8243e-006 7.0349e-006 2.2067e-006 1.8657e-008 5.9289e-007 1.1370e-006 7.8760e-007 2.2342e-007 1.0427e-009 9.2498e-008 2.3849e-007 2.8081e-007 2.1902e-007 1.2165e-007 4.4842e-008 7.1990e-009 2.5686e-010 7.2025e-009 1.4909e-008 1.7121e-008 1.2361e-008
           3 8.6238e-005 1.3182e-004 8.6341e-004 3.6093e-003 3.1952e-003 9.5378e-003 2.1193e-002 4.8390e-002 1.8199e-001 5.9727e-001 8.9337e-002 1.4033e-004 1.8674e-002 1.8316e-002 6.1517e-003 7.0265e-004 1.8480e-005 1.8759e-004 1.0442e-004 8.4662e-006 8.4244e-006 2.9356e-005 2.5661e-005 9.9310e-006 8.4390e-007 7.0977e-007 3.3094e-006 4.1802e-006 3.0019e-006 1.3048e-006 2.4319e-007 4.8364e-009 2.2429e-007 4.9732e-007 6.1811e-007 5.7039e-007 4.2122e-007 2.3224e-007
           4 1.1335e-005 1.6124e-003 7.4476e-003 2.7142e-004 1.9879e-002 4.0681e-002 1.8872e-002 5.1810e-002 5.8310e-002 1.7616e-002 2.3310e-001 2.9858e-001 1.8817e-001 2.7476e-002 1.3198e-003 1.4345e-002 1.3717e-002 5.3498e-003 7.2015e-004 1.3071e-005 2.5627e-004 2.4045e-004 8.0234e-005 2.8364e-006 1.2269e-005 3.4352e-005 3.4275e-005 1.9427e-005 5.8677e-006 3.0143e-007 7.4242e-007 2.9031e-006 4.1147e-006 3.8743e-006 2.7992e-006 1.6350e-006 7.8021e-007 2.8873e-007
           5 2.1208e-006 1.2125e-002 3.7827e-002 1.5440e-004 6.7051e-002 8.6021e-002 1.2495e-004 8.4762e-002 4.8065e-002 2.5218e-004 1.1376e-002 1.4348e-002 1.6980e-001 2.4911e-001 1.4845e-001 4.1337e-002 1.1176e-003 5.0711e-003 1.0837e-002 8.0113e-003 3.0478e-003 4.5573e-004 3.9840e-006 1.7049e-004 2.1424e-004 1.1749e-004 2.7327e-005 1.8878e-008 1.1066e-005 2.4735e-005 2.6362e-005 1.8772e-005 9.4704e-006 3.1147e-006 4.1176e-007 2.8448e-008 3.9576e-007 5.1877e-007
           6 3.2118e-007 6.0042e-002 1.1039e-001 7.0931e-007 1.1157e-001 7.1184e-002 1.2837e-004 2.1288e-002 6.6785e-004 2.8546e-002 5.1836e-006 1.6891e-002 2.1054e-003 3.5862e-002 1.4428e-001 1.9324e-001 1.3151e-001 4.4399e-002 3.9044e-003 1.5362e-003 7.4082e-003 8.0081e-003 4.6586e-003 1.5567e-003 1.9778e-004 9.7709e-006 1.3626e-004 1.8135e-004 1.2374e-004 4.9056e-005 7.6895e-006 4.1419e-007 8.4060e-006 1.6269e-005 1.8304e-005 1.5435e-005 1.0481e-005 5.3874e-006
           7 2.2156e-036 1.5372e-025 1.2382e-023 2.1873e-028 5.2743e-022 1.8773e-020 3.3308e-021 5.7114e-019 7.5410e-018 2.2214e-017 3.0076e-016 2.8007e-015 2.1713e-014 1.7744e-013 1.7665e-012 1.3575e-011 1.1335e-010 7.6876e-010 5.8980e-009 3.9237e-008 2.3282e-007 1.3532e-006 7.0703e-006 3.3670e-005 1.5054e-004 5.8833e-004 2.1217e-003 6.6692e-003 1.8754e-002 4.5778e-002 9.5350e-002 1.6544e-001 2.2957e-001 2.3580e-001 1.5435e-001 4.3028e-002 2.6144e-004 1.3486e-003
           8 1.0396e-033 1.7873e-023 1.1754e-021 2.5378e-026 4.4045e-020 1.3802e-018 2.4143e-019 3.6860e-017 4.5117e-016 1.2514e-015 1.5375e-014 1.3343e-013 9.5207e-013 7.1808e-012 6.3974e-011 4.5204e-010 3.3653e-009 2.0964e-008 1.4114e-007 8.3140e-007 4.3881e-006 2.2074e-005 9.9510e-005 4.0429e-004 1.4911e-003 4.7891e-003 1.3513e-002 3.2489e-002 6.4923e-002 1.0258e-001 1.1682e-001 7.5896e-002 8.1696e-003 3.6797e-002 2.0940e-001 2.6303e-001 5.7147e-002 7.5507e-003
           9 1.5827e-029 1.4226e-021 5.1914e-020 1.4753e-024 1.7877e-018 4.9009e-017 8.4178e-018 1.1484e-015 1.3002e-014 3.3923e-014 3.7894e-013 3.0602e-012 2.0089e-011 1.3975e-010 1.1158e-009 7.2379e-009 4.8109e-008 2.7437e-007 1.6241e-006 8.4670e-006 3.9598e-005 1.7227e-004 6.6734e-004 2.2962e-003 6.9552e-003 1.8030e-002 3.9154e-002 6.8636e-002 9.0293e-002 7.7197e-002 2.6876e-002 1.0865e-003 5.3637e-002 7.7370e-002 1.3319e-003 1.6294e-001 3.1557e-001 2.7506e-003
          10 8.1901e-020 2.0287e-013 1.5688e-013 3.3451e-018 4.8658e-014 1.1410e-015 3.1133e-015 2.7571e-014 3.9030e-015 5.7375e-014 8.9456e-013 3.9971e-012 2.8547e-011 2.0476e-010 1.5946e-009 1.0205e-008 6.7629e-008 3.8087e-007 2.2320e-006 1.1499e-005 5.3175e-005 2.2824e-004 8.7158e-004 2.9519e-003 8.7765e-003 2.2279e-002 4.7155e-002 8.0003e-002 1.0055e-001 7.9630e-002 2.2439e-002 3.9473e-003 6.7342e-002 7.6499e-002 1.6638e-005 1.8487e-001 2.1955e-001 8.7581e-003
          11 1.8472e-029 3.4698e-020 1.6402e-018 5.0136e-023 4.6187e-017 1.1168e-015 1.8774e-016 2.2946e-014 2.3966e-013 5.8779e-013 5.9823e-012 4.4880e-011 2.7100e-010 1.7378e-009 1.2456e-008 7.4049e-008 4.4011e-007 2.2902e-006 1.1942e-005 5.5059e-005 2.2723e-004 8.5354e-004 2.8256e-003 8.1556e-003 2.0086e-002 4.0963e-002 6.5924e-002 7.7276e-002 5.4560e-002 1.1191e-002 6.1605e-003 5.1885e-002 4.7528e-002 1.4119e-005 5.2967e-002 8.7966e-003 2.1598e-001 1.8088e-001
          12 5.5972e-028 1.0105e-018 3.5767e-017 1.2914e-021 8.7211e-016 1.8456e-014 3.0215e-015 3.3224e-013 3.1936e-012 7.3558e-012 6.8360e-011 4.7565e-010 2.6411e-009 1.5603e-008 1.0056e-007 5.4700e-007 2.9111e-006 1.3775e-005 6.3371e-005 2.5802e-004 9.3534e-004 3.0235e-003 8.4876e-003 2.0277e-002 3.9836e-002 6.1361e-002 6.7560e-002 4.2959e-002 6.2546e-003 8.3469e-003 4.6252e-002 3.5411e-002 4.6868e-005 4.2554e-002 2.2161e-002 1.5940e-002 1.4667e-004 3.1106e-001
          13 5.4548e-026 2.6021e-017 6.1436e-016 2.5377e-020 1.2880e-014 2.3832e-013 3.7784e-014 3.7522e-012 3.3099e-011 7.1519e-011 6.0817e-010 3.9174e-009 1.9993e-008 1.0873e-007 6.3098e-007 3.1344e-006 1.4951e-005 6.4089e-005 2.6028e-004 9.3363e-004 2.9553e-003 8.1724e-003 1.9229e-002 3.7264e-002 5.6403e-002 6.0881e-002 3.7734e-002 5.1095e-003 7.7007e-003 4.0418e-002 3.1058e-002 2.6498e-006 3.3028e-002 2.4045e-002 8.8199e-003 3.6683e-002 2.8229e-004 7.1729e-002
          14 1.3256e-021 1.3655e-014 4.5682e-015 1.1113e-020 1.4144e-013 2.6439e-012 3.8083e-013 3.4231e-011 2.7982e-010 5.6656e-010 4.4101e-009 2.6236e-008 1.2304e-007 6.1527e-007 3.2184e-006 1.4569e-005 6.2301e-005 2.4096e-004 8.6336e-004 2.7179e-003 7.4557e-003 1.7470e-002 3.3850e-002 5.1534e-002 5.6325e-002 3.6002e-002 5.7487e-003 5.5494e-003 3.4740e-002 3.0326e-002 4.3835e-004 2.4450e-002 2.7183e-002 1.6456e-003 3.4333e-002 1.4281e-004 4.6093e-002 2.7743e-002
          15 1.8960e-013 1.3483e-006 1.0636e-007 4.4000e-011 5.6501e-008 2.2860e-007 1.5685e-009 1.8530e-007 1.5504e-008 3.8035e-008 1.0270e-008 2.0536e-007 9.5539e-009 6.5418e-007 4.4315e-006 1.5213e-005 6.5866e-005 2.8177e-004 9.0423e-004 3.0374e-003 7.9819e-003 1.8904e-002 3.6107e-002 5.4491e-002 5.8763e-002 3.6500e-002 5.2794e-003 6.6393e-003 3.7126e-002 3.0610e-002 2.1630e-004 2.6856e-002 2.7111e-002 2.3969e-003 3.5645e-002 4.0519e-004 4.5283e-002 1.6410e-002
          16 8.3217e-023 3.6091e-015 1.1771e-013 6.7224e-018 1.6319e-012 2.2457e-011 3.3084e-012 2.7105e-010 1.9890e-009 3.7671e-009 2.6980e-008 1.4795e-007 6.3649e-007 2.9235e-006 1.3793e-005 5.6747e-005 2.1747e-004 7.5538e-004 2.3830e-003 6.5462e-003 1.5404e-002 3.0133e-002 4.6772e-002 5.2925e-002 3.6367e-002 7.6864e-003 3.0065e-003 2.8867e-002 3.1075e-002 2.1884e-003 1.6199e-002 2.9577e-002 1.1048e-004 2.7810e-002 5.4406e-003 2.2503e-002 1.9542e-004 1.0625e-001
          17 1.0554e-021 8.1121e-014 1.3459e-012 7.9287e-017 1.4686e-011 1.7553e-010 2.4605e-011 1.8403e-009 1.2243e-008 2.1657e-008 1.4268e-007 7.1912e-007 2.8354e-006 1.1941e-005 5.0814e-005 1.8944e-004 6.4967e-004 2.0158e-003 5.5765e-003 1.3257e-002 2.6384e-002 4.2093e-002 4.9982e-002 3.7664e-002 1.0771e-002 9.1221e-004 2.2564e-002 3.1761e-002 5.7063e-003 8.6548e-003 2.9674e-002 3.3996e-003 1.7274e-002 1.6273e-002 8.3200e-003 1.4433e-002 9.8694e-003 3.2775e-002
          18 4.5716e-020 2.0644e-012 1.5615e-011 8.2306e-016 1.1535e-010 1.2247e-009 1.6225e-010 1.1092e-008 6.6422e-008 1.0962e-007 6.6519e-007 3.0712e-006 1.1081e-005 4.2706e-005 1.6378e-004 5.5130e-004 1.6876e-003 4.6473e-003 1.1202e-002 2.2773e-002 3.7554e-002 4.7051e-002 3.9220e-002 1.4805e-002 5.9008e-006 1.5961e-002 3.1202e-002 1.0820e-002 2.8938e-003 2.6521e-002 9.9770e-003 6.9982e-003 2.3503e-002 2.0933e-004 2.2992e-002 6.2988e-004 1.6206e-002 1.3499e-003
          19 2.5485e-008 2.8883e-001 9.4074e-002 1.5008e-006 8.0512e-002 1.5064e-002 1.0867e-003 4.5518e-003 3.0187e-002 1.1232e-003 2.2418e-002 3.7840e-003 1.1271e-002 1.7391e-002 1.2276e-003 7.5352e-003 4.2108e-003 2.0140e-004 3.6755e-002 4.3874e-002 1.3730e-001 5.2886e-002 6.8941e-002 1.6288e-002 7.7818e-004 1.9700e-003 6.5258e-003 3.8194e-003 3.5117e-004 8.0478e-003 2.0668e-003 3.9556e-004 9.0939e-004 1.6800e-003 5.6593e-004 1.7751e-003 1.1655e-006 6.2960e-006
          20 1.4002e-015 1.5182e-008 3.6831e-009 1.4754e-013 9.4087e-009 3.4262e-009 5.3512e-010 5.2711e-008 3.7233e-007 4.8523e-007 2.6593e-006 1.1807e-005 3.8873e-005 1.3491e-004 4.6846e-004 1.4178e-003 3.8522e-003 9.3447e-003 1.9446e-002 3.3178e-002 4.3982e-002 4.0401e-002 1.9417e-002 7.2750e-004 9.6792e-003 2.8747e-002 1.6594e-002 1.2868e-004 2.0233e-002 1.7195e-002 8.2525e-004 2.3107e-002 3.2528e-003 1.6471e-002 5.2892e-003 1.6117e-002 4.2794e-005 3.3708e-002
          21 1.1246e-017 2.9555e-013 8.6365e-010 1.0812e-013 7.5570e-009 4.2922e-008 5.0526e-009 2.9910e-007 1.4460e-006 2.0348e-006 1.0484e-005 4.0329e-005 1.2091e-004 3.8661e-004 1.1978e-003 3.2394e-003 7.7889e-003 1.6454e-002 2.9093e-002 4.0663e-002 4.0977e-002 2.4032e-002 3.1585e-003 4.4965e-003 2.4239e-002 2.1703e-002 9.9363e-004 1.2327e-002 2.2032e-002 7.3192e-004 1.6093e-002 1.2152e-002 5.0593e-003 1.6701e-002 3.3294e-003 1.1170e-002 9.1857e-003 9.4527e-003
          22 7.5877e-017 2.9508e-010 1.1296e-008 1.0364e-012 5.1097e-008 2.2928e-007 2.5464e-008 1.3962e-006 5.9065e-006 7.6500e-006 3.6366e-005 1.2678e-004 3.4447e-004 9.9751e-004 2.7629e-003 6.6300e-003 1.3963e-002 2.5340e-002 3.7244e-002 4.0787e-002 2.8213e-002 6.9630e-003 1.1594e-003 1.8311e-002 2.4741e-002 5.0650e-003 5.0940e-003 2.2458e-002 5.8712e-003 6.9513e-003 1.8963e-002 1.4707e-006 1.8546e-002 1.0049e-003 1.6370e-002 6.0673e-006 1.0803e-002 3.3382e-004
          23 1.9942e-015 1.7986e-008 2.2197e-007 1.3182e-011 3.8513e-007 1.0730e-006 1.2318e-007 6.3452e-006 2.2502e-005 2.6363e-005 1.1640e-004 3.6771e-004 8.9711e-004 2.3382e-003 5.7660e-003 1.2149e-002 2.2128e-002 3.3817e-002 3.9840e-002 3.1562e-002 1.1576e-002 2.1213e-006 1.2007e-002 2.5015e-002 1.0854e-002 7.4710e-004 1.8377e-002 1.2943e-002 8.8760e-004 1.8876e-002 3.9875e-003 1.0475e-002 9.9787e-003 6.4357e-003 8.3643e-003 9.6360e-003 2.1671e-004 1.4601e-002
          24 8.5534e-009 8.4690e-002 4.1752e-001 6.8123e-006 2.1768e-002 3.8251e-002 5.0530e-004 4.1804e-002 1.0007e-004 1.3413e-002 9.2987e-004 1.9735e-002 2.3967e-003 9.9376e-003 1.7574e-002 1.9892e-003 3.2288e-003 7.5111e-003 4.7586e-004 8.7806e-003 4.1939e-002 7.4264e-002 7.8708e-002 5.8704e-002 3.1143e-002 1.0544e-002 1.5009e-003 8.5993e-005 1.5762e-003 2.7664e-003 2.8647e-003 2.2991e-003 1.4547e-003 7.2262e-004 2.9718e-004 1.0229e-004 2.4919e-005 3.4022e-006
          25 3.4756e-013 3.3628e-006 1.2967e-005 8.7277e-011 2.5509e-007 1.4299e-005 3.2679e-007 1.3039e-005 8.2523e-005 1.0259e-004 3.5583e-004 9.2005e-004 2.1838e-003 5.1066e-003 1.0670e-002 1.9961e-002 3.0852e-002 3.8032e-002 3.3975e-002 1.6401e-002 7.7549e-004 6.2981e-003 2.3085e-002 1.6061e-002 3.1230e-004 1.1888e-002 1.8059e-002 5.9860e-004 1.2658e-002 1.1917e-002 2.0057e-003 1.6434e-002 5.6431e-006 1.5394e-002 1.5016e-004 1.1204e-002 5.4753e-003 1.5051e-003
          26 8.0709e-014 5.3052e-007 5.0752e-008 2.4582e-010 1.2681e-005 3.9453e-005 1.9709e-006 8.4352e-005 2.8413e-004 2.8498e-004 9.7924e-004 2.3774e-003 4.7858e-003 9.8343e-003 1.8241e-002 2.8742e-002 3.6551e-002 3.4952e-002 2.0474e-002 3.1237e-003 2.8029e-003 1.8091e-002 2.0550e-002 2.9833e-003 5.1810e-003 1.9302e-002 5.0342e-003 5.1017e-003 1.6666e-002 3.6661e-004 1.3721e-002 4.6516e-003 9.0936e-003 5.4839e-003 9.6540e-003 8.3943e-004 9.2102e-003 1.2133e-003
          27 4.1447e-013 1.0958e-006 6.8583e-006 5.2394e-009 1.4262e-004 2.0940e-004 8.0817e-006 3.2970e-004 1.0030e-003 8.6206e-004 2.5593e-003 5.4633e-003 9.8410e-003 1.7354e-002 2.7139e-002 3.5880e-002 3.5383e-002 2.3163e-002 6.0076e-003 6.8648e-004 1.4076e-002 2.0910e-002 7.9742e-003 1.4256e-003 1.5684e-002 1.1259e-002 6.1417e-004 1.5440e-002 5.1729e-003 5.8432e-003 1.2382e-002 1.1597e-003 1.3093e-002 7.0456e-004 1.0539e-002 4.2507e-003 1.3627e-003 8.5729e-003
          28 1.5869e-011 4.3250e-006 9.3234e-004 3.2432e-007 5.4447e-003 2.1025e-003 2.5866e-005 1.1659e-003 5.2864e-003 3.1323e-003 5.7745e-003 1.1319e-002 2.0715e-002 2.6947e-002 3.1869e-002 3.8769e-002 2.3656e-002 6.9453e-003 8.4644e-007 1.0357e-002 2.2760e-002 8.1839e-003 3.4362e-004 1.6731e-002 1.0326e-002 1.1715e-003 1.2462e-002 9.8876e-003 6.4143e-004 1.3557e-002 1.1461e-003 1.2049e-002 1.9726e-003 9.4437e-003 7.4159e-004 1.0172e-002 2.5868e-003 2.2210e-005
          29 1.5985e-009 7.6566e-006 1.2001e-001 3.4161e-005 4.6154e-001 4.3027e-002 9.9677e-005 2.6364e-004 5.5566e-002 9.0937e-003 2.7117e-003 9.0037e-005 1.7806e-002 2.7665e-005 9.0752e-003 8.8055e-003 3.4373e-003 5.9020e-003 2.6444e-003 1.1891e-003 2.7430e-003 3.2030e-002 3.9524e-002 5.6463e-002 5.5314e-002 2.2874e-002 1.2911e-002 6.1799e-003 5.5398e-007 8.3118e-004 3.0276e-004 1.4505e-003 3.8414e-003 1.9130e-003 2.3044e-004 1.4211e-004 4.4706e-004 3.5039e-004
          30 3.2987e-011 1.1533e-005 3.0644e-003 6.5330e-007 5.8587e-003 8.8077e-004 1.9776e-004 5.2800e-003 2.7271e-003 3.9987e-003 1.7768e-002 2.2333e-002 2.1125e-002 3.6362e-002 4.0733e-002 1.9794e-002 1.0936e-002 1.9056e-004 9.3615e-003 1.7481e-002 1.2495e-002 2.4643e-003 1.3867e-002 7.8086e-003 8.5262e-003 9.9112e-003 9.4872e-003 1.2583e-003 1.0945e-002 6.5942e-003 4.8674e-003 8.0457e-003 1.7509e-003 9.3218e-003 5.1503e-003 1.8918e-003 6.7821e-003 1.0964e-003
          31 3.3439e-011 7.7536e-005 3.2411e-003 3.8779e-007 8.5097e-004 1.4588e-002 8.2886e-004 2.0734e-002 1.3377e-002 1.2891e-002 3.9548e-002 3.5645e-002 2.7218e-002 3.7014e-002 2.5267e-002 3.3576e-003 9.8548e-005 6.8441e-003 2.2240e-002 1.1198e-002 8.3471e-004 2.4262e-003 2.5726e-002 5.5015e-004 2.8319e-006 2.3703e-002 4.6140e-004 3.2704e-003 1.1298e-002 5.6531e-004 1.2103e-002 1.1256e-005 8.5581e-003 2.8746e-005 9.8804e-003 2.8894e-003 1.0252e-003 4.5729e-003
          32 1.0401e-010 4.8048e-004 7.9264e-003 3.5225e-007 1.2314e-003 9.9802e-002 3.3207e-003 6.8518e-002 2.6960e-002 2.5825e-002 6.6560e-002 2.5754e-002 7.8059e-003 1.2937e-002 9.3499e-004 1.0943e-002 5.7692e-003 1.4959e-002 1.1989e-002 8.3112e-004 6.9252e-003 4.8358e-003 1.4124e-002 2.1476e-002 2.1518e-005 1.6060e-002 1.8049e-002 1.8676e-003 1.0359e-004 9.7349e-003 7.3088e-004 9.8692e-003 8.4444e-005 4.3646e-003 2.4772e-004 7.3384e-003 4.1777e-003 5.1910e-004
          33 1.5348e-010 9.4174e-004 7.6861e-003 1.4835e-008 1.5577e-002 1.8784e-001 3.8297e-003 5.7690e-002 5.9029e-003 9.6764e-003 2.0778e-002 1.0170e-003 1.1336e-002 2.5710e-003 1.3846e-002 3.4129e-002 5.4974e-004 4.9670e-005 1.7435e-003 2.2269e-002 4.2131e-003 3.0120e-003 4.8328e-008 4.2785e-002 1.8861e-002 1.1871e-003 2.6713e-002 1.2159e-002 2.4512e-003 1.8369e-004 6.7028e-003 1.1246e-003 1.0905e-002 2.9050e-004 3.0427e-003 2.5716e-004 2.3413e-003 3.0115e-003
          34 9.0926e-011 6.2704e-004 1.8628e-003 2.1342e-007 2.4842e-002 1.0632e-001 8.3993e-004 3.3126e-003 6.6748e-003 4.6996e-004 1.5439e-003 3.5103e-002 3.7240e-002 8.9676e-003 9.2828e-003 4.8060e-003 1.2770e-002 1.0987e-002 8.2578e-003 6.5784e-003 4.8224e-003 1.8755e-002 4.3267e-005 4.9507e-003 4.7377e-002 2.3846e-003 1.2012e-003 2.6581e-002 1.8414e-003 6.0547e-003 7.8687e-004 5.9317e-003 2.1531e-003 1.1480e-002 4.8195e-004 3.2116e-003 2.0457e-003 1.1486e-005
          35 6.6164e-011 4.0670e-004 1.1831e-004 7.1207e-007 2.8774e-002 4.6916e-002 4.7682e-007 9.9897e-003 3.3972e-002 6.6824e-003 1.3226e-002 4.5274e-002 2.1791e-002 1.2092e-004 9.5694e-005 2.8109e-003 3.2588e-002 7.4866e-003 1.2764e-004 1.1631e-003 1.8721e-002 7.4294e-003 7.6765e-003 3.2018e-004 2.9104e-002 2.3587e-002 1.0547e-004 7.1626e-003 1.8751e-002 8.1223e-004 4.7447e-003 2.9845e-003 3.2707e-003 4.0626e-003 9.9668e-003 5.4327e-004 1.8831e-003 2.6601e-003
          36 6.3196e-011 2.6493e-004 1.5344e-004 1.1645e-006 2.8717e-002 1.2918e-002 6.4883e-004 4.9697e-002 5.0195e-002 7.1372e-003 1.0396e-002 2.3383e-002 1.4048e-003 1.1484e-002 9.1189e-003 9.9243e-003 2.2172e-002 3.2279e-004 7.8049e-003 6.9541e-003 9.3783e-003 8.4759e-004 2.2676e-002 1.0423e-004 4.1740e-003 4.4160e-002 4.1500e-003 7.4420e-006 1.5927e-002 6.8560e-003 5.1305e-003 1.8261e-003 4.4591e-003 1.2821e-003 4.9451e-003 8.6915e-003 1.3088e-003 6.5709e-005
          37 6.6644e-011 1.4233e-004 8.4251e-004 1.2812e-006 2.2379e-002 1.0651e-004 1.8792e-003 8.6721e-002 3.6699e-002 1.4913e-003 7.9895e-004 2.5260e-003 6.0697e-003 3.4106e-002 1.0760e-002 3.1935e-003 2.4920e-003 1.5751e-002 1.4475e-002 1.3291e-003 2.9114e-006 1.2061e-002 1.2915e-002 1.0704e-002 1.5684e-007 2.5750e-002 2.8782e-002 1.5195e-006 1.4353e-003 1.7596e-002 4.5618e-004 7.8626e-003 2.7202e-004 4.6696e-003 4.9621e-004 4.2867e-003 7.2915e-003 2.2989e-003
          38 7.4180e-011 5.6007e-005 1.4749e-003 1.0276e-006 1.3179e-002 6.0024e-003 2.6553e-003 9.2375e-002 1.0472e-002 1.0541e-003 3.8322e-003 1.5497e-003 2.0717e-002 3.3353e-002 1.1565e-003 1.0731e-003 1.7867e-003 2.6774e-002 3.9132e-003 3.3110e-003 4.8922e-003 9.7497e-003 1.0539e-004 2.6896e-002 7.6387e-004 3.8704e-003 4.1175e-002 7.2753e-003 4.8717e-004 6.6897e-003 1.1519e-002 1.0333e-003 7.5027e-003 2.5725e-005 4.2329e-003 3.2523e-004 2.3956e-003 4.3885e-003
          39 8.7510e-011 1.2723e-005 1.7162e-003 6.2131e-007 5.5956e-003 1.9130e-002 2.5556e-003 6.8709e-002 1.1858e-004 1.0172e-002 1.6345e-002 6.2971e-003 2.0612e-002 1.3059e-002 4.5930e-003 1.0954e-002 5.3367e-003 1.4798e-002 1.4588e-003 1.5068e-002 3.5605e-003 4.9878e-004 5.7852e-003 1.9455e-002 1.1961e-002 5.5330e-005 2.1408e-002 2.9642e-002 5.0218e-005 9.6689e-007 1.1653e-002 3.9189e-003 4.6640e-003 5.3893e-003 3.5307e-004 3.5507e-003 5.2113e-004 2.7029e-004
          40 1.0819e-010 1.9759e-007 1.5796e-003 2.6672e-007 1.3288e-003 2.8958e-002 1.8229e-003 3.5137e-002 1.4023e-002 2.1573e-002 2.2025e-002 4.1107e-003 8.6940e-003 3.7618e-004 2.2580e-002 1.4378e-002 1.3681e-003 1.5002e-003 1.4073e-002 1.3933e-002 1.3589e-004 2.7451e-003 8.4629e-003 2.7649e-003 2.8591e-002 1.0569e-003 3.5306e-003 3.5920e-002 8.9388e-003 9.7088e-004 1.5461e-003 1.1514e-002 2.0676e-004 7.3198e-003 3.3548e-003 5.2632e-004 2.7307e-003 8.8132e-004
          41 1.3667e-010 3.4064e-006 1.2151e-003 5.9412e-008 1.2793e-005 3.0903e-002 9.3264e-004 9.5726e-003 3.9764e-002 2.5938e-002 1.4655e-002 8.6380e-005 5.5337e-004 3.8687e-003 3.3095e-002 5.6392e-003 1.2450e-003 1.1359e-003 1.9739e-002 2.6877e-003 8.3371e-003 5.5114e-003 1.7717e-003 1.2705e-003 2.5856e-002 1.1175e-002 1.4445e-004 1.8111e-002 2.7929e-002 2.4247e-004 6.9620e-004 5.4895e-003 7.1687e-003 6.1247e-004 7.8121e-003 2.2144e-003 2.7426e-004 1.4412e-003
          42 1.7283e-010 1.1249e-005 7.9125e-004 1.4679e-011 4.7326e-004 2.5802e-002 2.7756e-004 8.5906e-005 5.8907e-002 2.0548e-002 3.2655e-003 3.5828e-003 1.2715e-003 1.1028e-002 2.4967e-002 3.3550e-005 1.0388e-002 3.6952e-003 1.0735e-002 1.2587e-003 1.7233e-002 1.1922e-003 8.6054e-004 5.5820e-003 8.5250e-003 2.7902e-002 1.0241e-003 3.3068e-003 3.0799e-002 9.8025e-003 1.0409e-003 1.4424e-005 8.0954e-003 2.7649e-003 2.4193e-003 6.9906e-003 1.9431e-003 4.1765e-006
          43 2.1618e-010 1.7510e-005 4.2932e-004 3.3218e-008 1.5132e-003 1.7298e-002 1.0695e-005 4.3794e-003 6.0884e-002 1.0179e-002 6.0575e-004 1.4106e-002 4.1963e-003 1.0615e-002 9.1080e-003 7.8264e-003 1.7321e-002 1.3218e-003 1.3143e-003 1.0117e-002 1.2872e-002 1.4743e-003 5.5082e-003 2.8101e-003 5.9272e-005 3.0456e-002 9.3086e-003 1.9972e-004 1.5389e-002 2.5267e-002 5.6834e-004 1.7188e-003 1.4291e-003 7.5370e-003 5.1605e-004 3.4622e-003 5.6542e-003 1.9887e-003
          44 2.6594e-010 1.9997e-005 1.8266e-004 9.3936e-008 2.3391e-003 9.0731e-003 6.5106e-005 1.4751e-002 4.7249e-002 1.9758e-003 1.0993e-002 2.2675e-002 3.3825e-003 4.4148e-003 4.2946e-004 2.0904e-002 1.3030e-002 4.6922e-004 6.4542e-004 1.4189e-002 2.6660e-003 1.0704e-002 4.6858e-003 2.4184e-005 2.2823e-003 1.5854e-002 2.5071e-002 7.8578e-004 3.0685e-003 2.6058e-002 1.0071e-002 8.0193e-004 5.5539e-004 3.7305e-003 5.2141e-003 1.0246e-005 3.0096e-003 3.5749e-003
          45 3.2061e-010 1.8946e-005 5.0220e-005 1.3765e-007 2.6336e-003 3.3036e-003 2.7203e-004 2.3755e-002 2.7017e-002 2.2223e-004 2.8282e-002 2.2041e-002 4.7535e-004 1.9174e-004 1.7328e-003 2.5709e-002 3.4693e-003 7.2050e-003 3.0289e-003 8.4335e-003 5.2844e-004 1.6989e-002 3.4165e-004 3.6427e-003 2.7880e-003 2.5503e-003 3.2317e-002 7.0141e-003 2.1419e-004 1.3052e-002 2.2333e-002 1.0157e-003 2.2914e-003 1.0940e-005 4.8659e-003 3.1330e-003 5.0908e-006 1.2485e-003
          46 3.7756e-010 1.5610e-005 3.0841e-006 1.4778e-007 2.4214e-003 5.0235e-004 4.7136e-004 2.7280e-002 9.7623e-003 4.5978e-003 4.2077e-002 1.3141e-002 9.7575e-004 1.2519e-003 5.7891e-003 1.8835e-002 1.7811e-004 1.6328e-002 1.9555e-003 1.4459e-003 6.3258e-003 1.2279e-002 2.3985e-003 6.8884e-003 2.3494e-004 1.8845e-004 2.2769e-002 2.0877e-002 5.0644e-004 2.7890e-003 2.1817e-002 1.0040e-002 4.1191e-004 1.7880e-003 6.4968e-004 4.5150e-003 2.0076e-003 3.8732e-005
          47 4.3418e-010 1.1408e-005 5.4800e-006 1.2914e-007 1.8996e-003 5.0577e-005 5.7076e-004 2.4982e-002 9.7375e-004 1.1610e-002 4.5267e-002 3.3589e-003 7.3638e-003 4.4352e-003 6.1497e-003 7.7582e-003 6.3819e-003 1.8569e-002 2.2057e-006 2.6813e-004 1.0017e-002 3.2963e-003 1.0723e-002 4.0133e-003 1.4395e-003 1.6736e-003 7.9081e-003 3.1188e-002 4.8107e-003 1.9890e-004 1.0920e-002 1.9416e-002 1.6187e-003 2.1471e-003 6.6509e-004 1.3412e-003 3.4175e-003 1.4848e-003
          48 4.8805e-010 7.4194e-006 2.7287e-005 9.5829e-008 1.2883e-003 8.8057e-004 5.5286e-004 1.8931e-002 9.0452e-004 1.7313e-002 3.7487e-002 9.3089e-005 1.6628e-002 5.2820e-003 2.9265e-003 9.1818e-004 1.5342e-002 1.2065e-002 2.9994e-003 2.5207e-003 7.0028e-003 4.1226e-005 1.5654e-002 1.4991e-004 6.1045e-003 7.2202e-004 5.5934e-004 2.7538e-002 1.6117e-002 2.7162e-004 2.4484e-003 1.7997e-002 9.8678e-003 7.0172e-005 2.5942e-003 1.1615e-004 1.2894e-003 1.9003e-003
          49 5.3689e-010 4.2406e-006 4.9160e-005 6.1293e-008 7.4708e-004 2.0230e-003 4.4972e-004 1.1838e-002 6.3172e-003 1.9335e-002 2.3652e-002 5.8280e-003 2.3167e-002 2.9044e-003 2.0580e-004 4.0171e-004 1.8976e-002 3.4205e-003 1.0972e-002 2.8479e-003 1.8148e-003 3.3439e-003 1.1962e-002 2.3365e-003 7.5851e-003 1.9809e-004 3.6137e-004 1.4430e-002 2.7670e-002 2.9930e-003 1.6584e-004 8.9517e-003 1.6658e-002 2.4343e-003 1.3485e-003 1.9988e-003 1.9029e-005 5.2355e-004
          50 5.7898e-010 2.0548e-006 6.2079e-005 3.3724e-008 3.5454e-004 2.8648e-003 3.1095e-004 5.8227e-003 1.3041e-002 1.7449e-002 1.0225e-002 1.7548e-002 2.3211e-002 2.5872e-004 7.8439e-004 2.7099e-003 1.5174e-002 6.9387e-006 1.7888e-002 7.5798e-004 2.4373e-005 6.7935e-003 4.3444e-003 9.2599e-003 3.8769e-003 3.5103e-003 7.3482e-004 3.6487e-003 2.9325e-002 1.1586e-002 1.1783e-004 2.0614e-003 1.4535e-002 9.6479e-003 5.6310e-005 2.2059e-003 1.3945e-003 6.7022e-005
          51 6.1229e-010 7.6999e-007 6.4293e-005 1.5618e-008 1.2134e-004 3.1676e-003 1.7939e-004 1.9213e-003 1.7870e-002 1.2973e-002 1.8888e-003 2.9448e-002 1.7080e-002 1.0162e-003 3.8289e-003 3.7685e-003 7.7888e-003 3.4206e-003 1.8276e-002 2.9016e-004 1.7633e-003 5.9472e-003 1.3782e-004 1.3719e-002 2.0089e-004 7.7973e-003 1.8929e-005 9.7672e-005 2.0205e-002 2.2780e-002 1.7024e-003 1.2614e-004 7.0591e-003 1.4044e-002 3.5209e-003 3.2477e-004 2.1009e-003 1.0229e-003
          52 6.3549e-010 1.6730e-007 5.8068e-005 5.7765e-009 1.8390e-005 2.9664e-003 8.0893e-005 2.0068e-004 1.9356e-002 7.7888e-003 1.4970e-004 3.6411e-002 8.4508e-003 6.4765e-003 6.3848e-003 2.4676e-003 1.9510e-003 9.5847e-003 1.2256e-002 4.3957e-003 3.3312e-003 2.3585e-003 1.2826e-003 1.1614e-002 1.6051e-003 8.1363e-003 1.2063e-003 2.4969e-004 8.5801e-003 2.8180e-002 7.8265e-003 3.7134e-005 1.6089e-003 1.1314e-002 9.3146e-003 7.3848e-004 7.3291e-004 1.3432e-003
          53 6.4818e-010 1.1840e-009 4.7071e-005 1.4951e-009 1.3439e-006 2.4363e-003 2.3259e-005 1.1902e-004 1.7666e-002 3.4723e-003 3.6863e-003 3.6240e-002 1.8162e-003 1.4770e-002 6.2674e-003 5.1982e-004 3.6766e-006 1.3330e-002 4.6131e-003 1.1488e-002 2.4177e-003 8.0628e-005 4.1673e-003 5.5664e-003 7.0468e-003 4.2356e-003 5.2425e-003 1.6000e-004 1.7137e-003 2.3819e-002 1.7582e-002 8.8504e-004 8.0127e-005 5.2119e-003 1.1391e-002 4.7630e-003 8.4213e-005 4.4734e-004
          54 6.4940e-010 6.1573e-008 3.4627e-005 1.6741e-010 2.7957e-005 1.7741e-003 1.3061e-006 9.2828e-004 1.3888e-002 8.5057e-004 9.7100e-003 2.9826e-002 1.0629e-004 2.2252e-002 3.6790e-003 1.2841e-004 9.0200e-004 1.2372e-002 2.9740e-004 1.7037e-002 4.1238e-004 8.1361e-004 4.8599e-003 8.8215e-004 1.1345e-002 4.7238e-004 8.8962e-003 1.6598e-004 2.0093e-005 1.3799e-002 2.4899e-002 5.0165e-003 4.9367e-006 1.1062e-003 8.1830e-003 8.5347e-003 2.2493e-003 4.5926e-005
          55 6.4033e-010 1.9897e-007 2.3184e-005 6.1392e-012 6.6708e-005 1.1428e-003 3.5640e-006 1.9629e-003 9.4112e-003 2.5169e-006 1.5414e-002 2.0152e-002 3.6649e-003 2.5763e-002 8.0628e-004 2.0015e-003 2.1978e-003 8.0575e-003 9.5715e-004 1.7603e-002 4.1660e-004 2.8724e-003 2.8872e-003 1.9040e-004 1.0935e-002 7.1817e-004 8.7422e-003 2.3256e-003 8.9908e-005 5.0558e-003 2.4738e-002 1.2856e-002 4.2405e-004 3.3196e-005 3.3911e-003 8.4314e-003 5.4571e-003 1.2881e-003
          56 6.2141e-010 3.2517e-007 1.3995e-005 9.3184e-011 9.8765e-005 6.3617e-004 1.7699e-005 2.7796e-003 5.3492e-003 4.8509e-004 1.8893e-002 1.0556e-002 1.0640e-002 2.4092e-002 1.4429e-004 5.0226e-003 2.2633e-003 3.3568e-003 4.7011e-003 1.3203e-002 3.9772e-003 3.6774e-003 5.7313e-004 2.0686e-003 6.6830e-003 4.6219e-003 5.0051e-003 6.3842e-003 2.2401e-007 8.7606e-004 1.7820e-002 2.0540e-002 3.1126e-003 8.6495e-007 5.9783e-004 5.1000e-003 6.6002e-003 3.1532e-003
          57 5.9410e-010 4.0110e-007 7.4447e-006 1.1915e-010 1.1613e-004 2.8910e-004 3.3889e-005 3.1780e-003 2.3642e-003 1.6494e-003 1.9469e-002 3.5675e-003 1.8195e-002 1.8276e-002 2.9685e-003 7.2963e-003 1.1695e-003 5.4257e-004 8.2662e-003 6.7706e-003 9.7484e-003 2.4166e-003 1.0409e-004 3.5578e-003 2.1434e-003 8.6551e-003 1.0842e-003 9.5393e-003 6.1246e-004 1.2099e-005 9.1381e-003 2.3297e-002 9.0620e-003 1.9545e-004 2.8671e-006 1.7194e-003 4.9198e-003 3.8730e-003
          58 5.6012e-010 4.2059e-007 3.3086e-006 7.2458e-011 1.1829e-004 9.1539e-005 4.6125e-005 3.1493e-003 6.4010e-004 2.8968e-003 1.7490e-002 2.8845e-004 2.3799e-002 1.0769e-002 8.7566e-003 7.4974e-003 1.1884e-004 5.7697e-005 9.3850e-003 1.7457e-003 1.4710e-002 5.1892e-004 1.5881e-003 3.1056e-003 6.3113e-005 9.6978e-003 1.0426e-004 9.3607e-003 3.1392e-003 8.6371e-006 3.0500e-003 1.9794e-002 1.6082e-002 1.9552e-003 9.9374e-006 1.8680e-004 2.2305e-003 2.9768e-003
          59 5.2102e-010 3.9466e-007 1.0692e-006 1.8962e-011 1.0859e-004 9.9874e-006 5.1943e-005 2.7940e-003 1.9683e-005 3.8199e-003 1.3877e-002 4.9758e-004 2.6001e-002 4.2195e-003 1.5642e-002 5.5915e-003 2.9868e-004 9.0097e-004 7.7839e-003 2.5905e-007 1.6366e-002 1.5432e-004 3.4308e-003 1.3858e-003 6.0909e-004 7.3639e-003 2.4114e-003 6.0625e-003 6.9376e-003 7.4885e-005 5.1469e-004 1.2718e-002 2.0362e-002 6.3805e-003 1.0405e-004 8.4918e-006 4.7206e-004 1.4246e-003
          60 4.7754e-010 3.3974e-007 1.4546e-007 7.9721e-015 9.1542e-005 4.4278e-006 5.1342e-005 2.2492e-003 1.7338e-004 4.2261e-003 9.6749e-003 3.1161e-003 2.4577e-002 5.2097e-004 2.1335e-002 2.7062e-003 2.0542e-003 1.7129e-003 4.7166e-003 1.2571e-003 1.4142e-002 2.4548e-003 3.9777e-003 1.0206e-004 2.0806e-003 3.6091e-003 5.8487e-003 2.1050e-003 9.7917e-003 1.0394e-003 2.0578e-005 5.9873e-003 1.9643e-002 1.2298e-002 1.3460e-003 1.5699e-005 4.4265e-006 3.3425e-004
          61 4.3188e-010 2.7271e-007 1.9559e-008 1.4552e-011 7.1684e-005 3.8549e-005 4.5919e-005 1.6518e-003 7.3556e-004 4.1206e-003 5.7997e-003 6.7546e-003 2.0391e-002 3.5334e-004 2.4145e-002 4.6499e-004 4.7574e-003 1.7048e-003 1.8524e-003 3.8296e-003 9.4447e-003 6.7795e-003 2.8437e-003 3.5595e-004 2.7380e-003 7.9665e-004 7.8521e-003 6.4611e-005 9.8840e-003 3.5821e-003 7.4206e-006 1.9000e-003 1.4823e-002 1.6899e-002 4.6758e-003 9.5786e-005 3.8464e-005 6.1874e-006
          62 3.8504e-010 2.0571e-007 2.9024e-007 3.9201e-011 5.2280e-005 8.4879e-005 3.7668e-005 1.0997e-003 1.3968e-003 3.6194e-003 2.8100e-003 1.0164e-002 1.4772e-002 3.2274e-003 2.3429e-002 1.6804e-004 7.2529e-003 9.6116e-004 2.5821e-004 5.8796e-003 4.4889e-003 1.1266e-002 1.0137e-003 1.9048e-003 2.0662e-003 8.1765e-006 7.2826e-003 8.0095e-004 7.2152e-003 7.0266e-003 2.2569e-004 3.4242e-004 8.7040e-003 1.7913e-002 9.4363e-003 1.1409e-003 2.8094e-006 2.8594e-005
          63 3.3851e-010 1.4652e-007 6.8585e-007 5.2353e-011 3.5441e-005 1.2600e-004 2.8511e-005 6.5207e-004 1.9472e-003 2.8923e-003 9.2787e-004 1.2508e-002 9.1108e-003 7.9069e-003 1.9683e-002 2.2994e-003 8.5013e-003 1.6944e-004 6.5580e-005 6.3601e-003 1.1047e-003 1.4015e-002 7.5125e-006 3.5820e-003 7.8786e-004 7.6092e-004 4.8180e-003 3.2616e-003 3.4711e-003 9.6980e-003 1.3266e-003 3.7566e-005 3.8446e-003 1.5172e-002 1.3627e-002 3.7911e-003 1.8816e-004 1.3603e-005
          64 2.9308e-010 9.8595e-008 1.0455e-006 4.6527e-011 2.2108e-005 1.5305e-004 1.9863e-005 3.3028e-004 2.2771e-003 2.1005e-003 9.3387e-005 1.3407e-002 4.4651e-003 1.2908e-002 1.4145e-002 6.4295e-003 8.0336e-003 9.1252e-005 6.9705e-004 5.2636e-003 2.0990e-007 1.4033e-002 8.5231e-004 4.2453e-003 2.1171e-005 1.7989e-003 2.0572e-003 5.5635e-003 7.0267e-004 1.0166e-002 3.6866e-003 4.9998e-005 1.1907e-003 1.0350e-002 1.5336e-002 7.5189e-003 1.2724e-003 4.1361e-005
          65 2.5017e-010 6.2637e-008 1.2955e-006 2.8064e-011 1.2454e-005 1.6403e-004 1.2632e-005 1.2964e-004 2.3665e-003 1.3737e-003 7.3696e-005 1.2928e-002 1.4261e-003 1.6987e-002 8.3519e-003 1.1501e-002 6.1156e-003 1.1221e-003 1.3755e-003 3.3276e-003 7.6552e-004 1.1588e-002 3.5381e-003 3.5261e-003 4.0702e-004 2.1296e-003 3.3749e-004 6.3305e-003 4.4080e-005 8.2499e-003 6.7460e-003 3.6502e-004 2.4309e-004 5.6279e-003 1.4022e-002 1.0890e-002 3.4867e-003 4.9355e-004
          66 2.1014e-010 3.7297e-008 1.4155e-006 9.2289e-012 6.0694e-006 1.6055e-004 7.1601e-006 2.8681e-005 2.2457e-003 7.8689e-004 5.6767e-004 1.1374e-002 9.8821e-005 1.9332e-002 3.6057e-003 1.6232e-002 3.5233e-003 3.1248e-003 1.5674e-003 1.4566e-003 2.3682e-003 7.7938e-003 7.1337e-003 1.9314e-003 1.7642e-003 1.5637e-003 4.6178e-005 5.3295e-003 1.2665e-003 4.9848e-003 9.2621e-003 1.4581e-003 5.6884e-005 2.3573e-003 1.0570e-002 1.2500e-002 6.2556e-003 1.6031e-003
          67 1.7354e-010 2.0547e-008 1.4185e-006 2.0375e-013 2.3230e-006 1.4633e-004 3.4450e-006 3.5757e-008 1.9753e-003 3.7147e-004 1.2861e-003 9.1814e-003 2.3539e-004 1.9680e-002 7.4280e-004 1.9537e-002 1.2309e-003 5.5346e-003 1.1829e-003 2.9154e-004 3.7579e-003 4.0233e-003 1.0338e-002 4.6075e-004 3.3261e-003 6.1850e-004 6.9904e-004 3.3110e-003 3.2224e-003 1.9161e-003 1.0116e-002 3.5477e-003 1.0491e-004 7.2803e-004 6.5600e-003 1.1832e-002 8.5351e-003 3.1738e-003
          68 1.4079e-010 1.0219e-008 1.3333e-006 4.3128e-012 5.1583e-007 1.2567e-004 1.2489e-006 1.6633e-005 1.6241e-003 1.2296e-004 2.0013e-003 6.7912e-003 1.3841e-003 1.8239e-002 2.4290e-005 2.0805e-002 5.7561e-005 7.6338e-003 5.1859e-004 8.1444e-006 4.2952e-003 1.3183e-003 1.2102e-002 2.3927e-005 4.2689e-003 2.7492e-005 1.4684e-003 1.3484e-003 4.6709e-003 2.1111e-004 8.9781e-003 6.2140e-003 4.6928e-004 1.7745e-004 3.3003e-003 9.4057e-003 9.4710e-003 4.6747e-003
          69 1.1181e-010 4.3451e-009 1.1887e-006 1.7791e-011 1.9874e-009 1.0217e-004 2.2270e-007 5.5644e-005 1.2491e-003 1.3923e-005 2.5601e-003 4.5439e-003 3.0344e-003 1.5469e-002 1.2117e-003 1.9910e-002 4.3999e-004 8.8065e-003 4.1680e-005 3.7876e-004 3.8654e-003 9.6524e-005 1.1969e-002 1.0180e-003 4.1464e-003 2.5593e-004 1.7329e-003 2.0218e-004 4.9099e-003 1.7371e-004 6.3895e-003 8.5527e-003 1.4876e-003 7.6058e-005 1.3080e-003 6.2866e-003 8.8166e-003 5.5522e-003
          70 8.6801e-011 1.3866e-009 1.0149e-006 3.2806e-011 2.5260e-007 7.8927e-005 5.6557e-009 1.0023e-004 8.9747e-004 7.0040e-006 2.8920e-003 2.6829e-003 4.7350e-003 1.2012e-002 3.7369e-003 1.7249e-002 2.3671e-003 8.7682e-003 1.5847e-004 9.7911e-004 2.7816e-003 1.8534e-004 1.0182e-002 3.2201e-003 3.0778e-003 1.2807e-003 1.3623e-003 4.3822e-005 3.9898e-003 1.3085e-003 3.4352e-003 9.7034e-003 3.2896e-003 1.6081e-004 4.0827e-004 3.5058e-003 6.9983e-003 5.5457e-003
          71 6.5539e-011 2.0237e-010 8.3278e-007 4.1515e-011 8.7000e-007 5.7832e-005 2.7499e-007 1.3937e-004 5.9648e-004 6.3597e-005 2.9816e-003 1.3181e-003 6.1445e-003 8.4480e-003 6.8892e-003 1.3460e-002 5.4442e-003 7.5766e-003 1.0505e-003 1.4105e-003 1.5257e-003 1.0433e-003 7.4121e-003 5.9542e-003 1.6005e-003 2.6677e-003 6.5694e-004 5.3928e-004 2.4700e-003 2.7386e-003 1.1400e-003 9.2546e-003 5.5651e-003 5.4824e-004 1.2679e-004 1.6011e-003 4.7451e-003 4.7459e-003
          72 4.7869e-011 1.5617e-011 6.5847e-007 3.9572e-011 1.5808e-006 4.0026e-005 7.7438e-007 1.6720e-004 3.6014e-004 1.4990e-004 2.8589e-003 4.6445e-004 7.0641e-003 5.2563e-003 9.9863e-003 9.3072e-003 9.0452e-003 5.6016e-003 2.6257e-003 1.4537e-003 5.3337e-004 2.0471e-003 4.4859e-003 8.4056e-003 3.9865e-004 3.8338e-003 9.7763e-005 1.1526e-003 1.0417e-003 3.6865e-003 7.2029e-005 7.4267e-003 7.6749e-003 1.4727e-003 9.4398e-005 5.9345e-004 2.7304e-003 3.5049e-003
          73 3.3563e-011 3.2839e-010 5.0223e-007 2.7822e-011 2.2179e-006 2.5941e-005 1.3215e-006 1.8190e-004 1.9056e-004 2.4010e-004 2.5785e-003 6.3800e-005 7.4292e-003 2.7492e-003 1.2500e-002 5.4894e-003 1.2498e-002 3.3800e-003 4.5750e-003 1.1163e-003 4.4885e-005 2.7214e-003 2.0851e-003 9.9268e-003 5.9804e-006 4.3289e-003 6.3989e-005 1.4550e-003 1.8384e-004 3.7799e-003 2.1043e-004 4.9016e-003 8.9615e-003 3.0026e-003 2.1979e-004 1.9555e-004 1.3170e-003 2.2305e-003
          74 2.2300e-011 8.4297e-010 3.6886e-007 1.1982e-011 2.6931e-006 1.5474e-005 1.8002e-006 1.8404e-004 8.1482e-005 3.1679e-004 2.1992e-003 1.6649e-005 7.2692e-003 1.0622e-003 1.4094e-002 2.5156e-003 1.5218e-002 1.4560e-003 6.4793e-003 5.8525e-004 7.2699e-005 2.8446e-003 5.8099e-004 1.0200e-002 6.2972e-004 3.9982e-003 6.6503e-004 1.2954e-003 1.6577e-005 3.0913e-003 1.0985e-003 2.4796e-003 9.0314e-003 4.9095e-003 6.2594e-004 9.2153e-005 5.2982e-004 1.2124e-003
          75 1.3755e-011 1.3948e-009 2.5993e-007 9.3560e-013 2.9758e-006 8.2290e-006 2.1495e-006 1.7583e-004 2.2364e-005 3.7049e-004 1.7778e-003 2.0931e-004 6.6843e-003 1.8784e-004 1.4644e-002 6.6882e-004 1.6818e-002 2.6252e-004 7.9398e-003 1.3270e-004 4.5473e-004 2.4476e-003 1.5855e-005 9.2820e-003 2.1255e-003 3.0078e-003 1.7264e-003 8.0453e-004 3.5053e-004 1.9931e-003 2.1286e-003 7.7534e-004 7.9067e-003 6.7409e-003 1.4653e-003 1.2135e-004 1.9030e-004 5.5777e-004
          76 7.5998e-012 1.9032e-009 1.7476e-007 4.2368e-012 3.0747e-006 3.6533e-006 2.3508e-006 1.6024e-004 9.2226e-007 3.9832e-004 1.3620e-003 5.3361e-004 5.8117e-003 1.3439e-005 1.4216e-002 5.0479e-006 1.7159e-002 4.1884e-005 8.6815e-003 1.1741e-005 9.5040e-004 1.7323e-003 1.7949e-004 7.5172e-003 4.0969e-003 1.7414e-003 2.8981e-003 2.7556e-004 8.4815e-004 9.2993e-004 2.8087e-003 4.0535e-005 5.9745e-003 8.0141e-003 2.7563e-003 3.0022e-004 8.5813e-005 2.2070e-004
          77 3.4839e-012 2.3331e-009 1.1083e-007 2.9680e-011 3.0150e-006 1.1385e-006 2.4089e-006 1.4002e-004 5.1215e-006 4.0132e-004 9.8397e-004 8.9861e-004 4.7837e-003 3.6603e-004 1.2977e-002 3.9422e-004 1.6291e-002 8.2574e-004 8.5875e-003 3.7867e-004 1.3351e-003 9.5696e-004 7.3698e-004 5.3697e-003 6.0473e-003 6.3686e-004 3.8045e-003 5.0807e-006 1.1986e-003 2.2615e-004 2.9056e-003 1.6376e-004 3.7894e-003 8.3924e-003 4.3194e-003 7.3703e-004 8.8064e-005 8.5794e-005
          78 1.0805e-012 2.6765e-009 6.5132e-008 8.1542e-011 2.8352e-006 1.1347e-007 2.3471e-006 1.1779e-004 2.4467e-005 3.8373e-004 6.6466e-004 1.2373e-003 3.7252e-003 1.0528e-003 1.1181e-002 1.5841e-003 1.4455e-002 2.4629e-003 7.7234e-003 1.2579e-003 1.4688e-003 3.4721e-004 1.3542e-003 3.2991e-003 7.5403e-003 4.6787e-005 4.1841e-003 1.7089e-004 1.2365e-003 2.7389e-010 2.4617e-003 7.9986e-004 1.8835e-003 7.8120e-003 5.8354e-003 1.5124e-003 1.8442e-004 5.0254e-005
          79 7.5910e-014 2.9331e-009 3.4281e-008 1.5957e-010 2.5708e-006 7.9464e-008 2.1922e-006 9.5489e-005 5.0539e-005 3.5056e-004 4.1247e-004 1.5049e-003 2.7289e-003 1.8899e-003 9.0834e-003 3.2616e-003 1.1965e-002 4.6707e-003 6.2827e-003 2.5454e-003 1.3196e-003 3.4300e-005 1.7836e-003 1.6386e-003 8.2896e-003 1.4455e-004 3.9522e-003 7.7794e-004 9.7065e-004 1.7263e-004 1.7005e-003 1.5404e-003 6.0015e-004 6.4580e-003 6.9532e-003 2.5948e-003 4.3603e-004 6.6553e-005
          80 1.7995e-013 3.1077e-009 1.5101e-008 2.5893e-010 2.2569e-006 6.2997e-007 1.9739e-006 7.4599e-005 7.7100e-005 3.0738e-004 2.2791e-004 1.6785e-003 1.8621e-003 2.7212e-003 6.9305e-003 5.1068e-003 9.1863e-003 7.0999e-003 4.5493e-003 4.0421e-003 9.5732e-004 4.0511e-005 1.9049e-003 5.5835e-004 8.2118e-003 9.0183e-004 3.2106e-003 1.6752e-003 5.4684e-004 5.4600e-004 9.0628e-004 2.0593e-003 4.1293e-005 4.6924e-003 7.4174e-003 3.8261e-003 9.0574e-004 1.4295e-004
          81 1.1144e-012 3.1928e-009 4.6708e-009 3.6939e-010 1.9163e-006 1.4448e-006 1.7136e-006 5.5901e-005 9.9569e-005 2.5846e-004 1.0488e-004 1.7457e-003 1.1594e-003 3.4160e-003 4.9089e-003 6.8086e-003 6.4396e-003 9.3612e-003 2.8210e-003 5.4829e-003 5.1666e-004 2.9343e-004 1.7159e-003 6.3163e-005 7.3819e-003 2.1128e-003 2.1853e-003 2.6119e-003 1.6593e-004 8.9790e-004 3.0978e-004 2.1860e-003 8.9817e-005 2.9105e-003 7.1192e-003 4.9489e-003 1.5902e-003 3.1290e-004
          82 2.5760e-012 3.1698e-009 4.7579e-010 4.7441e-010 1.5671e-006 2.2663e-006 1.4293e-006 3.9875e-005 1.1447e-004 2.0748e-004 3.4272e-005 1.7024e-003 6.3598e-004 3.8644e-003 3.1669e-003 8.0694e-003 4.0120e-003 1.1048e-002 1.3799e-003 6.5708e-003 1.5655e-004 6.5601e-004 1.3080e-003 3.1006e-005 6.0106e-003 3.4380e-003 1.1647e-003 3.3102e-003 9.1583e-007 1.0623e-003 2.6776e-005 1.9217e-003 4.8650e-004 1.4511e-003 6.1336e-003 5.6745e-003 2.3786e-003 5.9057e-004
