   v'->v''           0           1           2           3
           0 9.9655e-001 3.4437e-003 7.3106e-006 1.0093e-007
           1 3.4403e-003 9.8656e-001 9.9605e-003 4.1993e-005
           2 9.7726e-006 9.9246e-003 9.6729e-001 2.2572e-002
           3 1.1301e-007 7.2764e-005 2.2369e-002 9.2864e-001
           4 5.3595e-010 1.3726e-006 3.6287e-004 4.6927e-002
           5 6.8507e-009 1.9371e-011 1.1926e-005 1.7105e-003
           6 1.2046e-008 4.2382e-010 2.5061e-007 1.0055e-004
           7 3.2269e-010 2.8177e-008 1.7558e-008 5.7851e-006
           8 1.5233e-010 6.9640e-009 1.5718e-008 4.1082e-007
           9 2.7379e-009 4.6745e-010 8.6632e-009 3.0680e-009
          10 1.4208e-009 4.7155e-009 1.9457e-009 2.3164e-008
          11 1.9381e-010 5.3176e-010 1.9179e-009 2.2640e-008
          12 1.4009e-009 1.3797e-009 1.1178e-009 1.1655e-009
          13 7.4094e-010 1.4957e-009 1.5709e-009 7.5402e-009
          14 5.0489e-011 5.9237e-011 3.3429e-013 1.7925e-009
          15 3.5469e-011 2.7501e-010 6.1428e-010 7.7642e-010
          16 8.3726e-011 4.9612e-010 5.8096e-010 2.0329e-009
          17 4.5806e-011 2.6924e-010 1.4598e-010 7.5520e-010
          18 1.0477e-011 6.7655e-011 2.5055e-012 4.9101e-011
          19 8.5097e-013 7.8440e-012 8.2732e-012 8.2783e-012
