   v'->v''           0           1           2           3           4           5           6           7           8           9          10
           0 9.4439e-001 5.2671e-002 2.7487e-003 1.7251e-004 1.2146e-005 1.3211e-006 1.9554e-007 1.6694e-008 1.3709e-008 8.2458e-009 4.8269e-009
           1 5.4495e-002 8.1774e-001 1.1553e-001 1.0955e-002 1.1131e-003 1.3284e-004 1.9579e-005 1.7423e-006 1.4719e-006 9.0683e-007 5.4013e-007
           2 1.0964e-003 1.2443e-001 6.5510e-001 1.8432e-001 2.9113e-002 4.5874e-003 7.6516e-004 6.9643e-005 5.9271e-005 3.6690e-005 2.1916e-005
           3 1.0640e-005 5.0482e-003 2.1009e-001 4.5361e-001 2.4441e-001 6.1916e-002 1.2986e-002 1.2524e-003 1.0893e-003 6.8400e-004 4.1220e-004
           4 1.6939e-007 1.0145e-004 1.5873e-002 3.0431e-001 2.2479e-001 2.5249e-001 8.7714e-002 9.4939e-003 8.6141e-003 5.5619e-003 3.4097e-003
           5 3.4014e-010 2.3310e-006 6.3359e-004 4.3028e-002 3.7617e-001 3.2687e-002 1.1507e-001 1.7420e-002 1.7731e-002 1.2321e-002 7.8972e-003
           6 3.7856e-009 4.7000e-008 2.5375e-005 3.3550e-003 1.0552e-001 3.3322e-001 3.1120e-002 5.6267e-004 6.0352e-005 5.4378e-006 3.8467e-005
           7 2.2084e-009 9.1129e-010 7.9487e-007 2.3880e-004 1.6450e-002 2.1665e-001 6.9288e-002 1.6583e-002 1.8300e-002 1.3130e-002 8.5132e-003
           8 3.5484e-009 3.2008e-009 5.8049e-010 1.4021e-005 2.1577e-003 7.3357e-002 2.0332e-001 1.8942e-002 1.4004e-002 7.3971e-003 3.8702e-003
           9 1.8603e-009 4.7847e-009 2.3292e-008 6.0042e-007 2.3438e-004 1.9564e-002 1.9646e-001 4.1443e-003 5.6681e-004 4.5251e-006 1.4943e-004
          10 3.6001e-010 1.6544e-011 2.6681e-008 1.2218e-008 2.0805e-005 4.3822e-003 1.3431e-001 8.9516e-004 6.2527e-003 7.6972e-003 6.2827e-003
          11 5.1000e-010 8.9125e-010 1.3293e-009 2.7016e-009 1.4022e-006 8.5035e-004 7.7142e-002 1.5405e-002 2.7524e-002 2.2276e-002 1.4742e-002
          12 1.5402e-012 7.4460e-011 6.7146e-009 7.3401e-009 1.6711e-008 1.4323e-004 3.9950e-002 4.5157e-002 5.1202e-002 3.1263e-002 1.7144e-002
          13 8.8666e-011 5.1227e-010 5.3527e-010 1.0595e-009 3.8020e-008 1.9363e-005 1.9099e-002 8.6454e-002 6.3434e-002 2.6568e-002 1.0643e-002
          14 6.2915e-016 2.0058e-011 3.6958e-009 1.2927e-009 2.8221e-008 1.5223e-006 8.3260e-003 1.3415e-001 5.2905e-002 1.0017e-002 1.2983e-003
          15 1.4503e-010 2.2725e-010 5.2590e-010 2.4889e-010 1.0800e-009 6.9937e-010 3.1698e-003 1.7770e-001 2.0436e-002 2.1017e-004 3.9250e-003
          16 3.1060e-010 4.5404e-010 3.6362e-010 8.4898e-010 7.2008e-009 1.2455e-007 9.6379e-004 1.9874e-001 7.4014e-004 2.6490e-002 2.5542e-002
          17 2.8146e-010 3.1388e-010 1.1999e-009 2.1477e-010 3.8615e-009 8.1160e-010 1.8264e-004 1.6942e-001 7.7392e-002 7.2343e-002 2.9508e-002
          18 1.6257e-010 1.2912e-010 9.4025e-010 1.4703e-013 1.4561e-010 1.9862e-008 9.2970e-006 8.9384e-002 2.9121e-001 2.2568e-002 5.6658e-004
          19 6.7126e-011 3.8512e-011 4.1177e-010 2.2685e-011 1.0409e-010 8.3566e-009 8.3678e-007 1.3452e-002 3.2644e-001 1.8980e-001 8.0566e-002
