   v'->v''           0           1           2           3           4           5           6           7           8           9
           0 1.8177e-002 9.5010e-001 2.1865e-002 9.5986e-003 2.4402e-004 1.2305e-005 3.9811e-006 2.7415e-006 1.0159e-006 2.1412e-007
           1 2.1130e-002 2.0645e-002 3.1018e-001 5.4149e-001 9.1790e-002 1.4077e-002 6.5219e-004 8.5067e-006 8.5816e-007 2.7517e-006
           2 7.4222e-002 8.3593e-005 1.6931e-001 1.4331e-003 2.9878e-001 3.2672e-001 1.0654e-001 2.0301e-002 2.3688e-003 1.5614e-004
           3 2.1884e-001 2.5373e-003 7.1434e-002 6.6341e-002 4.0434e-002 5.0591e-002 2.0877e-001 1.8913e-001 9.3840e-002 3.2878e-002
           4 3.5402e-001 1.0150e-002 2.0004e-004 3.4731e-002 2.6218e-002 5.6515e-002 2.5208e-004 6.6512e-002 1.1926e-001 9.2051e-002
           5 2.5878e-001 1.2102e-002 1.2631e-001 1.3183e-002 5.2223e-002 7.9170e-003 5.3830e-002 1.4069e-002 3.0597e-003 2.2203e-002
           6 5.3380e-002 4.2538e-003 2.2855e-001 1.6955e-001 1.3670e-002 4.8687e-002 6.5520e-004 3.3102e-002 2.7823e-002 6.5632e-003
           7 1.2555e-005 6.8382e-005 7.0650e-002 1.5004e-001 2.6652e-001 1.8803e-002 5.4830e-002 1.6000e-003 1.1507e-002 1.8504e-002
           8 1.0489e-003 7.5640e-005 1.1704e-005 1.1435e-002 2.0136e-001 3.0495e-001 1.8377e-002 5.7124e-002 9.8306e-003 1.9883e-004
           9 2.3166e-004 3.4861e-006 1.0330e-003 1.7890e-003 5.4019e-003 1.6913e-001 3.7606e-001 7.3509e-003 5.3621e-002 2.1769e-002
          10 3.5232e-006 2.7162e-006 3.8193e-004 3.1606e-005 2.3043e-003 4.8431e-004 1.7856e-001 4.0252e-001 7.8491e-005 2.9542e-002
          11 5.3820e-005 4.2624e-006 9.0250e-006 1.1509e-004 6.6104e-004 6.2943e-004 4.0383e-005 2.0681e-001 4.0463e-001 1.9716e-002
