   v'->v''           0           1           2           3           4           5           6           7           8           9          10          11          12          13          14          15          16          17          18          19
           0 9.9880e-001 1.2018e-003 8.9831e-007 9.0628e-009 8.7298e-010 2.9702e-009 1.1561e-008 1.7010e-011 8.3463e-011 1.4835e-009 9.5100e-010 1.1343e-010 1.1184e-009 7.8373e-010 1.3260e-010 1.3517e-012 3.6381e-011 3.1587e-011 1.1655e-011 2.4221e-012
           1 1.2021e-003 9.9544e-001 3.3499e-003 7.2738e-006 1.9263e-007 1.1621e-008 3.8953e-009 3.1279e-008 1.2668e-009 1.5690e-009 3.0556e-009 1.8290e-009 4.5072e-010 2.3194e-009 1.0123e-009 1.7919e-011 1.6959e-010 2.9790e-010 2.0011e-010 8.2435e-011
           2 1.0686e-006 3.3531e-003 9.8924e-001 7.3690e-003 3.9073e-005 1.3874e-006 7.8547e-010 2.2746e-009 3.9191e-008 7.6496e-009 7.6827e-010 7.3200e-009 1.6148e-009 1.4091e-009 2.8210e-009 6.0358e-010 3.0379e-011 3.7343e-010 3.8825e-010 1.9956e-010
           3 2.4347e-008 4.9535e-006 7.3947e-003 9.7732e-001 1.5075e-002 1.9268e-004 8.8682e-006 1.2532e-007 1.8711e-011 6.4441e-008 1.1848e-008 1.4621e-010 5.4693e-009 1.2131e-010 1.5365e-009 7.5513e-010 9.4756e-012 4.0123e-010 4.4967e-010 2.2699e-010
           4 8.1552e-009 1.7824e-007 1.8092e-005 1.5235e-002 9.5284e-001 3.0917e-002 9.2836e-004 5.9984e-005 1.3940e-006 3.1674e-008 1.1504e-007 2.2191e-009 4.6530e-009 4.6200e-009 2.9739e-009 8.5079e-009 2.2586e-009 9.8703e-012 7.2511e-010 7.3631e-010
           5 1.8539e-008 4.8512e-011 6.0652e-007 6.3069e-005 3.1764e-002 8.9764e-001 6.5833e-002 4.3435e-003 3.5391e-004 7.3237e-006 2.5014e-007 8.1316e-008 4.5489e-009 2.0334e-008 1.5117e-008 3.2327e-011 1.9451e-009 6.0924e-010 2.8521e-011 1.1934e-012
           6 3.9251e-010 4.5993e-008 1.7137e-008 1.5088e-006 2.7993e-004 6.9507e-002 7.7485e-001 1.3613e-001 1.7443e-002 1.7478e-003 3.5092e-005 2.2236e-006 1.9594e-007 2.7870e-008 4.9601e-008 1.8340e-010 1.9295e-008 1.3586e-008 1.9752e-009 7.1391e-012
           7 1.2208e-009 1.8321e-010 5.5592e-008 1.5320e-007 4.0680e-006 1.7248e-003 1.4760e-001 5.5468e-001 2.3715e-001 5.2602e-002 6.1517e-003 7.7810e-005 1.2683e-005 3.1389e-007 1.8998e-007 2.6074e-007 6.8680e-008 8.5117e-009 2.5406e-010 8.7944e-011
           8 1.4651e-009 2.1244e-009 2.9515e-009 6.4336e-008 7.9246e-007 1.9099e-005 1.0488e-002 2.6037e-001 2.9500e-001 3.1346e-001 1.0706e-001 1.3489e-002 8.1064e-005 2.7647e-005 3.6144e-006 6.0396e-008 2.7382e-007 2.2708e-007 8.5045e-008 2.7221e-008
           9 5.4108e-009 7.3946e-010 1.4918e-009 7.8791e-009 3.1705e-007 1.1576e-006 2.9247e-004 4.1166e-002 3.2843e-001 1.0112e-001 3.3378e-001 1.7177e-001 2.3338e-002 4.2818e-005 3.4866e-005 1.1773e-005 3.0785e-006 7.4271e-008 4.0200e-008 4.7453e-008
          10 2.6238e-009 5.6873e-009 1.7383e-010 4.8674e-010 2.6359e-008 1.4011e-006 1.4912e-006 3.1511e-003 1.0240e-001 2.9831e-001 1.1655e-002 3.0756e-001 2.4134e-001 3.5548e-002 8.1372e-006 2.3453e-005 1.7658e-005 9.4388e-006 2.3931e-006 5.2663e-007
          11 9.3159e-011 3.1069e-009 4.1328e-009 2.3652e-009 9.1547e-010 5.1138e-007 4.4254e-007 9.3486e-005 1.7307e-002 1.6516e-001 1.9645e-001 4.9202e-003 2.4836e-001 3.1560e-001 5.2003e-002 2.6084e-007 3.4956e-006 1.2447e-005 1.0725e-005 4.6217e-006
          12 3.4599e-010 1.1589e-010 3.3240e-009 4.5075e-009 1.1273e-011 4.6098e-008 1.1517e-006 1.6890e-007 1.8025e-003 5.2141e-002 1.8503e-001 8.3792e-002 4.2877e-002 1.6709e-001 3.9006e-001 7.7195e-002 1.0938e-007 3.1634e-006 3.2878e-007 2.4106e-006
          13 7.1113e-010 4.1519e-010 5.6239e-010 2.4910e-009 4.6220e-009 7.6074e-012 7.4494e-007 4.0854e-010 1.0701e-004 1.2233e-002 9.4445e-002 1.3958e-001 1.2231e-002 8.5563e-002 7.8890e-002 4.5467e-001 1.2216e-001 4.8069e-005 1.8038e-005 5.2989e-006
          14 4.9514e-010 8.5490e-010 8.5832e-012 4.8552e-010 8.6140e-009 1.5633e-009 2.7935e-007 2.4734e-007 1.6720e-006 2.4776e-003 3.7051e-002 1.0252e-001 5.6747e-002 3.7569e-003 9.4943e-002 1.0891e-002 4.7675e-001 2.1342e-001 1.3816e-003 7.2067e-006
          15 2.0207e-010 5.7510e-010 1.5232e-010 1.6888e-011 5.7367e-009 6.3039e-010 8.4773e-008 3.4117e-007 1.9780e-007 4.8210e-004 1.2466e-002 5.0749e-002 5.1460e-002 2.9073e-003 2.9626e-002 4.6825e-002 1.2902e-002 3.5384e-001 4.1892e-001 1.9370e-002
          16 4.3502e-011 1.5713e-010 7.2958e-011 7.6934e-013 1.5595e-009 1.0231e-010 1.6948e-008 1.1983e-007 1.3383e-007 7.5088e-005 2.6535e-003 1.2949e-002 1.6476e-002 2.7146e-003 4.7776e-003 1.5649e-002 2.2119e-004 5.4223e-002 4.5664e-002 6.1086e-001
