   v'->v''           0           1           2           3           4           5           6           7           8           9          10          11          12          13          14          15          16          17          18          19          20          21          22          23          24          25          26          27          28          29          30          31          32          33          34          35          36          37
           0 9.5190e-001 5.7614e-009 6.2328e-008 4.8068e-002 5.1361e-006 8.8623e-007 5.3788e-006 2.7952e-006 4.9501e-006 1.1829e-005 1.4324e-006 1.0247e-009 7.5477e-008 4.9802e-008 8.1475e-009 8.4628e-011 3.5507e-010 3.3812e-010 9.7006e-011 1.7977e-012 3.7484e-011 1.5592e-010 2.8043e-010 3.1235e-010 2.2248e-010 8.7677e-011 7.6243e-012 9.2647e-012 4.5601e-011 6.2592e-011 4.6764e-011 1.8716e-011 1.7171e-012 1.9724e-012 1.0927e-011 1.7674e-011 1.7322e-011 1.0915e-011
           1 4.4215e-002 2.2784e-007 5.7027e-006 8.6799e-001 3.6485e-005 8.6883e-005 8.3318e-002 3.2736e-003 6.0003e-004 3.2395e-004 8.3926e-006 7.7809e-005 6.0880e-005 1.3128e-005 2.2257e-007 6.6287e-007 8.1270e-007 2.2986e-007 2.2882e-009 3.5740e-008 5.0984e-008 1.9612e-008 4.0121e-010 5.4108e-009 1.3511e-008 1.2308e-008 5.5956e-009 7.7539e-010 2.0014e-010 1.8010e-009 3.0193e-009 2.9291e-009 1.9846e-009 9.6883e-010 3.1442e-010 4.7389e-011 6.8060e-014 1.1039e-011
           2 3.5077e-003 4.5120e-006 4.5418e-005 7.2063e-002 4.7150e-004 3.6419e-003 8.0664e-001 1.5047e-002 3.3958e-003 5.7273e-002 2.8277e-002 7.7828e-003 1.4176e-003 1.4438e-007 2.0068e-004 1.7546e-004 5.0760e-005 2.0996e-006 2.4799e-006 4.9525e-006 2.4760e-006 3.3567e-007 3.7601e-008 3.2272e-007 3.6074e-007 1.8823e-007 4.1137e-008 5.8886e-012 1.9665e-008 4.1934e-008 4.4145e-008 3.1340e-008 1.5728e-008 5.0045e-009 5.2808e-010 1.5331e-010 1.0860e-009 1.3448e-009
           3 3.2575e-004 9.1226e-005 6.2439e-004 1.0511e-002 2.3351e-003 7.1247e-003 4.6625e-002 4.8156e-002 1.6954e-001 5.5778e-001 7.9825e-002 1.1241e-003 2.9849e-002 3.0689e-002 1.2333e-002 2.2085e-003 8.0925e-006 2.8589e-004 3.5308e-004 1.5407e-004 2.2041e-005 7.8664e-007 1.2093e-005 1.3639e-005 6.7806e-006 1.3056e-006 1.0538e-008 7.7555e-007 1.3929e-006 1.2491e-006 7.1672e-007 2.5216e-007 3.2024e-008 5.1018e-009 5.4013e-008 9.5691e-008 1.0009e-007 6.7772e-008
           4 4.3716e-005 1.2968e-003 6.0123e-003 9.3184e-004 1.6393e-002 3.4962e-002 3.4606e-002 4.0266e-002 5.0453e-002 1.7252e-002 2.2200e-001 2.9537e-001 1.9298e-001 2.8201e-002 2.2277e-003 2.0869e-002 2.2162e-002 1.0529e-002 2.2671e-003 4.1356e-005 2.3535e-004 4.4129e-004 2.9248e-004 9.4006e-005 7.4408e-006 4.0945e-006 1.8370e-005 2.0994e-005 1.3583e-005 5.2951e-006 8.5456e-007 2.9608e-008 7.9281e-007 1.5600e-006 1.7544e-006 1.4697e-006 9.8794e-007 5.0238e-007
           5 7.8054e-006 1.3002e-002 3.8158e-002 3.4207e-004 6.6168e-002 8.5804e-002 1.1046e-005 9.1504e-002 6.2058e-002 1.2424e-003 9.7246e-003 9.6435e-003 1.4777e-001 2.3587e-001 1.4933e-001 4.3291e-002 9.7500e-004 7.1752e-003 1.6017e-002 1.3267e-002 6.1117e-003 1.4146e-003 3.8949e-005 1.4290e-004 3.4454e-004 3.0282e-004 1.5317e-004 4.1639e-005 1.9727e-006 4.1225e-006 1.4573e-005 1.8391e-005 1.5157e-005 9.3447e-006 4.4130e-006 1.5319e-006 3.3738e-007 3.1958e-008
           6 1.3368e-006 8.3488e-002 1.2879e-001 1.5573e-005 1.1744e-001 7.0855e-002 3.3541e-004 2.0183e-002 8.1373e-004 3.5065e-002 5.8071e-004 1.0474e-002 8.5594e-004 3.4191e-002 1.3024e-001 1.7337e-001 1.1703e-001 3.7794e-002 2.3151e-003 2.9461e-003 1.0559e-002 1.1400e-002 7.0903e-003 2.7328e-003 5.1482e-004 1.2233e-006 1.2798e-004 2.5623e-004 2.3822e-004 1.4474e-004 5.9095e-005 1.3041e-005 1.7663e-007 2.8974e-006 8.0635e-006 1.0240e-005 9.0020e-006 5.4990e-006
           7 3.2121e-007 2.8219e-001 1.3591e-001 7.7760e-006 2.3725e-002 1.3097e-003 3.1362e-003 2.3570e-002 3.6603e-002 2.9571e-004 3.8050e-002 1.0904e-002 2.1223e-003 5.3527e-003 3.1140e-003 5.4591e-002 1.2332e-001 1.2721e-001 7.4739e-002 2.3192e-002 1.4027e-003 1.9802e-003 7.3977e-003 8.7398e-003 6.2731e-003 3.0477e-003 9.2755e-004 1.0319e-004 1.3651e-005 1.2736e-004 1.9410e-004 1.7638e-004 1.1746e-004 6.0398e-005 2.3398e-005 6.0561e-006 6.6338e-007 3.0898e-009
           8 1.4347e-007 3.9897e-001 1.9655e-004 2.2644e-005 5.6544e-002 6.8238e-002 2.3588e-006 2.6336e-002 1.5967e-005 1.1868e-002 2.5962e-003 2.8603e-002 1.3448e-002 9.0206e-004 7.0301e-003 5.1168e-006 2.2945e-002 7.9393e-002 1.1030e-001 8.9937e-002 4.5320e-002 1.1700e-002 2.6689e-004 2.1666e-003 6.0763e-003 6.9913e-003 5.2577e-003 2.8490e-003 1.0813e-003 2.2889e-004 3.7576e-006 4.1730e-005 1.1525e-004 1.4307e-004 1.2602e-004 8.9483e-005 5.3294e-005 2.4924e-005
           9 7.5645e-008 2.0073e-001 2.8367e-001 8.3121e-007 4.2820e-002 6.5322e-004 1.5707e-003 3.1466e-002 3.3898e-002 8.0698e-004 1.6988e-002 3.4053e-004 2.2562e-002 1.2315e-002 1.4310e-004 5.8581e-003 8.6208e-004 8.9643e-003 4.8922e-002 8.7170e-002 8.9124e-002 5.9185e-002 2.4826e-002 4.8223e-003 4.8502e-006 2.4244e-003 5.1652e-003 5.6502e-003 4.3448e-003 2.5471e-003 1.1341e-003 3.4597e-004 4.5927e-005 1.9577e-006 3.9137e-005 7.1280e-005 7.4236e-005 5.0013e-005
          10 3.1692e-008 1.8559e-002 3.6131e-001 1.7444e-005 1.6148e-001 5.0078e-002 1.9246e-005 1.0578e-002 1.0819e-002 9.8797e-003 1.2721e-002 1.5606e-002 8.9040e-004 2.0987e-002 1.1501e-002 1.1984e-007 4.7565e-003 1.7909e-003 3.3510e-003 3.0341e-002 6.5874e-002 7.9086e-002 6.2989e-002 3.4470e-002 1.1751e-002 1.3962e-003 2.8558e-004 2.5910e-003 4.3869e-003 4.5266e-003 3.5088e-003 2.1829e-003 1.1030e-003 4.3910e-004 1.2278e-004 1.5943e-005 1.4006e-007 4.6890e-006
          11 9.1372e-009 1.0993e-003 3.4097e-002 2.8337e-005 4.5131e-001 1.2753e-001 3.9105e-004 2.1320e-002 1.9103e-002 1.5021e-002 7.7885e-004 1.1768e-002 9.1064e-003 3.0287e-003 1.8398e-002 9.3270e-003 1.6822e-006 4.0717e-003 2.0620e-003 1.4213e-003 1.9932e-002 4.9145e-002 6.5420e-002 5.8824e-002 3.8013e-002 1.7088e-002 4.3323e-003 1.2669e-004 7.7099e-004 2.5707e-003 3.5916e-003 3.4942e-003 2.7086e-003 1.7679e-003 9.9236e-004 4.8305e-004 2.0241e-004 6.8945e-005
          12 1.8812e-009 3.3787e-004 9.7905e-003 3.1077e-007 2.0622e-002 4.6787e-001 1.1379e-002 1.5988e-001 5.0775e-004 3.7124e-003 4.5233e-002 1.4264e-003 8.9655e-003 4.5688e-003 5.9895e-003 1.4820e-002 6.1732e-003 1.0498e-004 3.5327e-003 1.7062e-003 9.5428e-004 1.4718e-002 3.7527e-002 5.2520e-002 5.0648e-002 3.6020e-002 1.8847e-002 6.5531e-003 9.3024e-004 7.3710e-005 1.1944e-003 2.3455e-003 2.7766e-003 2.5352e-003 1.9426e-003 1.2988e-003 7.6183e-004 3.5947e-004
          13 3.7789e-010 1.2950e-004 2.0564e-004 1.5505e-006 3.4510e-002 5.5426e-004 6.3341e-003 3.3782e-001 2.4758e-001 2.2133e-002 1.5144e-002 7.7285e-002 3.0638e-002 5.2229e-004 4.5527e-003 1.4098e-002 7.9058e-003 3.8528e-003 7.7993e-004 2.6605e-003 1.0718e-003 1.2602e-003 1.2410e-002 2.9808e-002 4.1352e-002 4.0321e-002 2.9922e-002 1.6876e-002 6.7570e-003 1.4773e-003 1.0434e-005 4.7485e-004 1.3554e-003 1.8848e-003 1.9157e-003 1.6028e-003 1.1357e-003 6.2044e-004
          14 1.4519e-010 7.2857e-006 8.4386e-004 2.2983e-007 2.3273e-003 4.1956e-002 3.7196e-003 7.9128e-002 5.1624e-002 1.0237e-001 1.5802e-001 5.5861e-002 1.0916e-001 1.3726e-001 2.6773e-002 2.1181e-002 4.9359e-002 2.0328e-004 7.2566e-003 6.0587e-003 2.6911e-004 1.0914e-003 3.3884e-003 1.0077e-002 2.5265e-002 2.9514e-002 2.9262e-002 2.0745e-002 1.1961e-002 4.9811e-003 1.2136e-003 4.0368e-005 2.0995e-004 7.5561e-004 1.1255e-003 1.1859e-003 9.8882e-004 6.0306e-004
          15 9.6346e-011 1.2269e-007 3.1080e-004 3.2110e-009 9.8729e-005 2.0982e-002 2.4077e-004 2.3027e-005 1.1325e-001 4.7707e-002 1.1083e-002 1.2846e-002 7.0151e-003 2.8675e-002 1.2824e-001 9.5771e-002 6.7799e-002 1.4112e-001 5.6513e-002 5.3297e-002 5.7310e-002 2.0145e-002 1.6246e-002 2.7884e-002 2.2011e-004 3.7454e-002 7.1345e-003 2.6385e-002 5.6160e-003 9.0497e-003 1.0473e-003 9.9946e-004 2.2723e-005 5.8737e-005 5.1567e-004 5.1448e-004 5.5129e-004 3.7603e-004
          16 3.3652e-011 3.1170e-007 5.5480e-005 1.1241e-008 1.6063e-004 3.9348e-003 3.9792e-007 2.1855e-003 3.0479e-002 5.6578e-003 6.9087e-004 1.6642e-002 7.5910e-003 1.3351e-002 2.7501e-002 5.8527e-003 1.3323e-004 4.8028e-004 1.0088e-002 1.6016e-002 2.3460e-002 5.0026e-002 5.3945e-002 5.1563e-002 9.6433e-002 4.0169e-002 1.1364e-001 3.5735e-002 9.5627e-002 3.7015e-002 6.4935e-002 3.7371e-002 4.0025e-002 3.3788e-002 2.4674e-002 2.6614e-002 1.5383e-002 1.5284e-002
