   v'->v''           0           1           2           3           4           5           6           7           8
           0 9.7136e-001 2.6445e-002 1.9297e-003 2.2502e-004 3.2613e-005 6.9111e-006 1.3518e-006 2.9779e-007 1.1166e-007
           1 2.8586e-002 9.1773e-001 4.7660e-002 5.0460e-003 7.7783e-004 1.4643e-004 3.5887e-005 8.9333e-006 2.5336e-006
           2 5.1689e-005 5.5671e-002 8.6769e-001 6.5358e-002 8.9608e-003 1.6970e-003 3.9708e-004 1.1112e-004 3.3635e-005
           3 9.4321e-007 1.4598e-004 8.2430e-002 8.1931e-001 8.0246e-002 1.3541e-002 3.0104e-003 8.3198e-004 2.6445e-004
           4 1.3003e-008 5.0244e-006 2.7475e-004 1.0956e-001 7.7233e-001 9.1625e-002 1.8806e-002 4.6701e-003 1.4659e-003
           5 1.5803e-008 1.4405e-007 1.3202e-005 4.7436e-004 1.3664e-001 7.3059e-001 9.5072e-002 2.5153e-002 6.6024e-003
           6 5.5347e-009 4.1949e-009 1.1211e-006 2.2624e-005 9.7637e-004 1.5875e-001 7.1235e-001 7.6218e-002 3.1412e-002
           7 2.1260e-010 7.8310e-011 4.9180e-009 5.0599e-006 1.7456e-005 3.5935e-003 1.5158e-001 7.5646e-001 2.8327e-002
           8 2.6874e-009 1.0298e-009 5.1216e-009 3.4595e-007 1.5117e-005 1.7635e-005 1.8046e-002 9.1687e-002 8.2585e-001
           9 6.4816e-010 1.5433e-009 1.8724e-011 3.8975e-008 4.6646e-006 4.8121e-006 6.5873e-004 3.8431e-002 7.0252e-002
          10 2.7187e-010 2.4491e-011 6.1864e-009 1.5100e-009 7.5416e-007 1.3402e-005 3.0720e-006 6.2439e-003 1.8235e-002
          11 1.2599e-009 5.6275e-010 4.6735e-009 3.6761e-009 3.9523e-008 9.0838e-006 2.1128e-007 1.1711e-004 1.6313e-002
          12 8.9015e-010 7.5692e-010 5.2540e-010 6.1614e-009 8.7003e-009 2.1432e-006 1.0065e-005 2.0487e-005 1.1085e-003
          13 2.0589e-010 2.6987e-010 3.6272e-011 2.9473e-009 2.0364e-008 1.1462e-007 1.2848e-005 8.7119e-006 5.4443e-005
          14 1.3557e-012 1.9162e-011 1.3276e-010 1.0279e-009 9.0230e-009 1.5664e-008 6.3821e-006 4.4964e-011 8.9521e-006
          15 3.2935e-011 7.2388e-012 4.3880e-011 4.7225e-010 1.9958e-009 4.5030e-008 2.2312e-006 2.1159e-006 1.5916e-005
          16 5.6353e-011 2.5266e-011 2.3224e-012 2.9548e-010 2.9417e-010 3.0860e-008 7.1062e-007 2.9680e-006 7.5997e-006
          17 5.0011e-011 2.6177e-011 1.1327e-012 2.0735e-010 3.6773e-011 1.7001e-008 2.5865e-007 2.4024e-006 3.1710e-006
          18 3.7563e-011 2.0932e-011 4.3293e-012 1.4844e-010 3.0982e-012 9.4863e-009 1.1077e-007 1.7070e-006 1.4279e-006
          19 2.1767e-011 1.2493e-011 4.3151e-012 8.6036e-011 2.1670e-014 4.5882e-009 4.5326e-008 9.5676e-007 5.9330e-007
