   v'->v''           0           1           2           3           4           5           6           7           8           9          10
           0 9.5911e-001 3.9070e-002 1.7189e-003 9.5573e-005 6.1963e-006 6.5186e-007 8.1543e-008 6.2429e-009 4.8522e-009 2.7977e-009 1.5911e-009
           1 4.0460e-002 8.6639e-001 8.5723e-002 6.7435e-003 6.0723e-004 6.5103e-005 9.1264e-006 8.0160e-007 6.7321e-007 4.1296e-007 2.4525e-007
           2 4.2931e-004 9.2668e-002 7.4808e-001 1.3805e-001 1.7669e-002 2.4571e-003 3.7624e-004 3.3454e-005 2.8224e-005 1.7371e-005 1.0340e-005
           3 7.1791e-007 1.8681e-003 1.5888e-001 5.9872e-001 1.8987e-001 3.7852e-002 7.0329e-003 6.5531e-004 5.6226e-004 3.4984e-004 2.0962e-004
           4 3.5303e-009 6.3094e-006 5.5619e-003 2.4191e-001 4.1392e-001 2.1921e-001 5.7957e-002 5.8921e-003 5.2230e-003 3.3207e-003 2.0164e-003
           5 8.2705e-009 1.7404e-008 3.3230e-005 1.4364e-002 3.4251e-001 1.9990e-001 1.5487e-001 1.8902e-002 1.7868e-002 1.1844e-002 7.3773e-003
           6 2.9783e-009 1.6798e-008 6.7636e-009 1.1797e-004 3.4948e-002 4.4281e-001 1.3503e-002 7.0604e-003 9.2585e-003 7.3753e-003 5.0940e-003
           7 2.4361e-009 3.4533e-009 1.5437e-007 6.5489e-007 4.6418e-004 9.1746e-002 3.6113e-001 3.1740e-002 2.3714e-002 1.2847e-002 6.9037e-003
           8 1.1845e-009 2.9501e-009 3.7752e-009 4.5107e-009 1.4619e-006 5.0205e-003 2.4593e-001 3.2875e-004 1.4332e-003 3.5010e-003 3.5820e-003
           9 4.7092e-010 9.3787e-010 9.2743e-009 1.1577e-007 5.4461e-006 7.0529e-004 8.7807e-002 1.7950e-002 3.3367e-002 2.7918e-002 1.8938e-002
          10 1.1977e-009 3.6083e-010 1.2782e-009 9.3954e-008 1.1102e-007 2.1624e-004 4.2274e-002 5.2981e-002 5.8521e-002 3.5183e-002 1.9110e-002
          11 1.6967e-010 2.3030e-010 5.8500e-009 1.7531e-010 4.2574e-007 8.4786e-006 1.9449e-002 1.0451e-001 6.9937e-002 2.6944e-002 1.0005e-002
          12 6.8353e-011 5.7659e-011 3.9726e-009 4.3958e-009 4.1136e-009 3.8505e-009 6.8748e-003 1.6700e-001 5.0821e-002 6.1370e-003 1.7609e-004
          13 2.3080e-010 2.6906e-010 1.2711e-011 1.1690e-009 1.9183e-011 1.3212e-007 2.2832e-003 2.1994e-001 7.3483e-003 6.1905e-003 1.2367e-002
          14 1.4370e-010 1.3396e-010 1.7774e-009 1.8319e-010 5.7446e-009 4.4313e-007 4.6606e-004 2.2906e-001 3.6773e-002 6.4593e-002 3.7253e-002
          15 4.1642e-011 1.8685e-011 1.8648e-009 1.1236e-010 5.3184e-009 1.0755e-007 1.4853e-005 1.3475e-001 3.4800e-001 3.1647e-002 1.4898e-004
          16 6.3128e-012 6.6675e-013 5.7263e-010 4.7748e-011 1.3172e-009 9.9481e-009 1.6103e-006 5.4206e-003 3.0928e-001 5.2098e-001 3.5348e-003
