   v'->v''           0           1           2           3
           0 9.9946e-001 5.4018e-004 1.7669e-007 4.3160e-010
           1 5.3990e-004 9.9795e-001 1.5074e-003 6.3602e-007
           2 2.1608e-007 1.5054e-003 9.9508e-001 3.4103e-003
           3 1.2632e-009 2.0789e-006 3.4006e-003 9.8945e-001
           4 2.0850e-009 1.8609e-008 1.0484e-005 7.0950e-003
           5 7.4620e-009 7.7420e-010 6.6230e-008 4.1819e-005
           6 3.5956e-009 1.1598e-008 1.6265e-008 3.4642e-007
           7 3.7668e-010 2.4548e-009 1.3825e-008 8.8832e-008
           8 6.8098e-011 1.9081e-010 1.0177e-008 2.9775e-008
           9 1.9730e-014 5.8478e-010 7.9167e-009 3.3578e-009
          10 3.7042e-010 8.5759e-011 3.3589e-010 1.0671e-008
          11 8.0504e-010 7.7510e-010 2.9832e-009 1.2170e-010
          12 5.8422e-010 2.4818e-009 5.4620e-010 4.5852e-009
          13 1.9511e-010 2.4310e-009 2.3528e-010 2.2787e-009
          14 2.2849e-011 1.3736e-009 1.0768e-009 1.5147e-010
          15 4.4197e-013 5.6450e-010 1.0376e-009 5.4059e-011
          16 7.5136e-012 1.9937e-010 6.1062e-010 1.4744e-010
          17 9.5713e-012 7.5857e-011 3.2588e-010 1.2639e-010
          18 8.3332e-012 3.2839e-011 1.7988e-010 8.7203e-011
          19 5.1901e-012 1.3379e-011 8.6468e-011 4.6991e-011
