   v'->v''           0           1           2           3           4           5           6           7           8           9          10          11          12          13          14          15          16          17          18          19
           0 9.9993e-001 6.8862e-005 5.4864e-012 8.7831e-010 5.7540e-009 2.5746e-008 5.9873e-009 1.2621e-009 3.5964e-011 1.5180e-009 2.8303e-009 2.0405e-010 7.3982e-010 1.6168e-009 8.8110e-010 1.5440e-010 2.7317e-013 4.2923e-011 5.6541e-011 3.4124e-011
           1 6.8967e-005 9.9974e-001 1.9353e-004 3.7594e-008 6.1792e-008 1.7364e-007 4.2153e-012 2.8010e-009 5.4610e-009 2.3846e-009 4.5357e-009 7.1933e-009 4.9137e-010 9.0112e-010 1.5162e-009 4.7977e-010 6.4808e-012 7.1198e-011 1.2473e-010 8.1617e-011
           2 8.7062e-009 1.9381e-004 9.9945e-001 3.5552e-004 2.8359e-006 1.2939e-006 1.3758e-009 2.7050e-007 3.4371e-008 2.6081e-008 1.5960e-008 8.1283e-014 2.6227e-009 2.2838e-009 1.0093e-009 3.0989e-010 4.8782e-011 2.0316e-015 1.3086e-011 1.6979e-011
           3 9.5413e-009 1.8986e-009 3.5477e-004 9.9933e-001 2.8886e-004 2.7223e-005 2.1777e-007 1.8624e-006 2.2028e-008 6.5238e-007 7.7577e-008 2.3468e-008 5.4461e-008 2.1854e-008 1.1770e-009 2.2383e-009 6.7617e-009 6.7327e-009 4.1802e-009 1.8360e-009
           4 5.3217e-009 2.3888e-008 4.0265e-006 2.8560e-004 9.9949e-001 1.8199e-004 1.8396e-005 9.9428e-006 1.1882e-006 2.7403e-006 1.0336e-008 6.8776e-007 4.4767e-007 4.2745e-008 3.4282e-008 1.2280e-007 1.0578e-007 4.9348e-008 1.4868e-008 3.2277e-009
           5 4.6201e-009 5.1385e-008 9.5996e-007 2.9820e-005 1.7716e-004 9.9912e-001 6.4699e-004 3.9971e-006 1.0608e-005 5.3893e-006 9.5857e-007 2.1444e-006 4.9211e-007 1.0541e-007 7.2774e-007 6.0529e-007 1.9212e-007 1.7495e-008 1.6735e-009 8.0129e-009
           6 1.1229e-008 7.5932e-008 9.2935e-009 3.0934e-008 2.0108e-005 6.4792e-004 9.9765e-001 1.6730e-003 2.0837e-009 5.4601e-007 3.5222e-006 1.5569e-006 3.7698e-010 9.8669e-007 8.3913e-007 1.2388e-007 1.0243e-008 9.2767e-008 1.0994e-007 6.8161e-008
           7 6.2493e-010 3.1331e-008 4.0727e-007 1.9871e-006 1.1726e-005 1.3167e-006 1.6734e-003 9.9671e-001 1.5870e-003 1.4783e-005 2.6703e-008 4.7152e-007 9.1452e-007 4.4167e-007 3.2371e-008 3.5265e-007 3.2126e-007 1.6092e-007 5.9760e-008 1.7836e-008
           8 1.2957e-008 1.5242e-009 3.6178e-009 2.8559e-008 9.0407e-007 1.0063e-005 2.2773e-006 1.5685e-003 9.9631e-001 2.0760e-003 2.7426e-005 7.8202e-008 1.4912e-008 3.1661e-007 1.0008e-006 3.8672e-007 2.7155e-008 1.2819e-008 5.3326e-008 4.9613e-008
           9 1.9334e-009 8.0213e-009 6.8101e-009 4.0768e-007 2.1921e-006 5.6907e-006 3.7139e-007 3.2128e-005 2.0306e-003 9.9552e-001 2.3512e-003 4.9917e-005 6.1081e-007 1.6933e-008 1.2386e-008 2.1841e-007 1.8261e-007 9.2701e-008 4.2377e-008 1.5664e-008
          10 7.3671e-010 8.5971e-010 3.4315e-009 1.5992e-007 6.9132e-008 2.4096e-007 2.7786e-006 5.4773e-008 5.4905e-005 2.2800e-003 9.9461e-001 2.9447e-003 1.0024e-004 1.2536e-006 1.1165e-008 8.3564e-008 1.7891e-008 5.3637e-008 4.2251e-008 2.5479e-008
          11 8.3939e-010 5.1954e-010 2.8182e-009 3.9142e-009 7.2442e-007 2.7818e-006 2.6766e-006 2.6290e-007 2.0131e-007 9.1359e-005 2.8312e-003 9.9380e-001 3.1010e-003 1.6544e-004 4.4140e-006 6.6063e-008 1.2264e-007 1.3544e-010 2.2783e-008 1.4150e-008
          12 7.6989e-014 1.6429e-011 8.5675e-011 7.8996e-008 6.4095e-007 5.6344e-007 1.3638e-009 1.2474e-006 2.5464e-008 3.4355e-006 1.6365e-004 2.9410e-003 9.9348e-001 3.1023e-003 2.8468e-004 1.8128e-005 9.0876e-007 3.7276e-009 5.7451e-009 6.0191e-009
          13 2.8781e-010 8.2403e-010 2.4059e-009 3.9824e-008 4.4876e-008 8.4536e-008 6.7621e-007 3.9425e-007 4.0174e-007 3.2362e-008 6.5667e-006 2.4258e-004 2.8948e-003 9.9342e-001 2.9283e-003 4.5577e-004 4.5477e-005 5.5879e-006 2.9596e-007 1.2039e-008
          14 1.5520e-010 1.2139e-009 5.0256e-009 9.1083e-010 4.3759e-008 5.2719e-007 7.0758e-007 2.8247e-009 7.0052e-007 1.3872e-007 3.9713e-008 1.5553e-005 3.7337e-004 2.6866e-003 9.9395e-001 2.1952e-003 6.4464e-004 1.0378e-004 2.0766e-005 4.0363e-006
          15 3.3704e-012 3.2154e-010 2.7745e-009 5.9718e-009 1.0775e-007 4.9000e-007 2.5796e-007 1.5545e-007 5.6138e-007 4.2272e-008 2.4732e-009 5.5582e-007 3.9274e-005 5.3307e-004 1.9700e-003 9.9532e-001 9.8397e-004 8.3134e-004 1.9937e-004 5.3254e-005
          16 2.0452e-010 1.2263e-011 4.0652e-010 1.0616e-008 7.7103e-008 2.2392e-007 1.0380e-008 3.2399e-007 1.4074e-007 1.3482e-007 3.1295e-009 7.7261e-008 3.6814e-006 7.8285e-005 6.7864e-004 8.6182e-004 9.9686e-001 3.0955e-008 7.1506e-004 2.8171e-004
          17 4.1098e-010 3.1272e-010 3.0281e-011 7.1464e-009 3.3703e-008 5.0931e-008 3.6945e-008 2.5453e-007 2.0788e-010 2.0842e-007 1.4417e-008 3.7291e-010 4.9739e-007 1.0436e-005 1.3734e-004 8.1142e-004 6.6592e-007 9.9515e-001 2.6286e-003 5.2201e-005
          18 4.1441e-010 5.0737e-010 3.2264e-010 3.1341e-009 1.0740e-008 2.0867e-009 1.0269e-007 1.2025e-007 5.5278e-008 1.2923e-007 6.8460e-008 1.0127e-010 1.5196e-008 2.4279e-006 2.7296e-005 2.1618e-004 8.0074e-004 2.5224e-003 9.7581e-001 1.7278e-002
          19 2.8124e-010 4.1931e-010 3.8427e-010 1.0762e-009 2.6563e-009 2.0002e-009 9.9568e-008 4.1119e-008 8.0635e-008 4.6506e-008 7.1646e-008 3.7548e-009 1.6134e-009 4.5147e-007 8.3943e-006 5.3710e-005 3.1294e-004 3.5813e-004 1.9594e-002 8.8505e-001
          20 1.1148e-010 1.8106e-010 1.8737e-010 2.7146e-010 4.8726e-010 3.0173e-009 4.5673e-008 9.8953e-009 4.2119e-008 1.0809e-008 3.2386e-008 4.4295e-009 1.8129e-009 6.3869e-008 2.1550e-006 1.4441e-005 7.7207e-005 1.8587e-004 3.5103e-005 8.7971e-002
