   v'->v''           0           1           2           3           4           5           6           7           8           9          10          11          12          13          14          15          16          17          18          19          20          21
           0 9.0384e-001 9.4464e-002 1.6913e-003 3.3234e-006 6.9268e-009 3.2110e-009 7.7917e-009 8.6452e-009 1.3903e-009 3.4845e-009 2.1090e-010 9.3895e-010 3.6070e-013 4.5958e-010 3.1821e-010 2.5204e-011 1.4841e-011 3.5525e-011 2.0554e-011 1.3704e-011 1.0787e-011 6.9646e-012
           1 8.6358e-002 7.2451e-001 1.8365e-001 5.4616e-003 1.4902e-005 2.4457e-008 1.6477e-011 1.0086e-008 4.6013e-009 3.1394e-009 2.6648e-010 1.7355e-009 2.4550e-010 5.2629e-010 8.4448e-010 2.4712e-010 1.1227e-011 2.8210e-012 4.4341e-012 3.7238e-012 3.3324e-012 2.3155e-012
           2 8.6126e-003 1.5248e-001 5.6155e-001 2.6564e-001 1.1671e-002 4.2377e-005 1.4204e-007 9.1313e-010 9.2971e-009 5.9120e-009 7.5256e-009 7.0247e-010 2.0031e-009 3.0338e-010 4.5512e-010 7.6179e-010 2.8621e-010 5.5768e-011 1.0018e-011 3.6400e-012 1.7323e-012 7.5902e-013
           3 1.0195e-003 2.3827e-002 1.9815e-001 4.1742e-001 3.3889e-001 2.0598e-002 8.7596e-005 5.9320e-007 1.4414e-009 1.3466e-008 7.8925e-009 1.1361e-008 1.3796e-009 2.7024e-009 9.7463e-010 1.0626e-010 5.7490e-010 3.7558e-010 1.4380e-010 8.0970e-011 5.6637e-011 3.3812e-011
           4 1.4085e-004 3.8482e-003 4.3341e-002 2.2413e-001 2.9440e-001 4.0165e-001 3.2352e-002 1.4835e-004 2.2116e-006 8.0697e-010 1.0976e-008 1.1758e-008 1.1690e-008 2.6271e-009 1.9177e-009 1.6136e-009 7.5319e-011 3.3610e-011 4.4687e-011 3.6122e-011 3.1576e-011 2.1619e-011
           5 2.4711e-005 6.8005e-004 8.9968e-003 6.4676e-002 2.3152e-001 1.9411e-001 4.5303e-001 4.6739e-002 2.0428e-004 6.8788e-006 2.4245e-009 2.8532e-009 8.7216e-009 8.1026e-009 2.9000e-009 3.0356e-010 7.4184e-010 2.3994e-010 5.5398e-011 2.3320e-011 1.2739e-011 6.2873e-012
           6 4.6983e-006 1.4169e-004 1.9615e-003 1.6601e-002 8.5152e-002 2.2260e-001 1.1697e-001 4.9302e-001 6.3335e-002 2.1869e-004 1.9172e-005 7.8934e-008 7.4371e-010 8.2831e-009 2.8110e-009 2.5301e-009 7.5295e-011 3.2198e-011 3.2688e-011 2.3645e-011 1.9063e-011 1.2349e-011
           7 9.4315e-007 3.2138e-005 4.7397e-004 4.3080e-003 2.6390e-002 1.0227e-001 2.0056e-001 6.2021e-002 5.2255e-001 8.1175e-002 1.4951e-004 4.8103e-005 6.5601e-007 6.4846e-009 1.2900e-008 4.4001e-011 1.7072e-009 6.1643e-010 1.4210e-010 5.9432e-011 3.2281e-011 1.5869e-011
           8 2.6535e-007 7.9958e-006 1.2394e-004 1.2044e-003 8.0251e-003 3.7682e-002 1.1380e-001 1.6936e-001 2.6984e-002 5.4411e-001 9.8602e-002 1.6935e-005 1.0530e-004 4.3038e-006 8.0345e-008 1.9256e-008 3.8934e-009 1.1422e-011 1.9112e-010 1.8981e-010 1.8021e-010 1.2797e-010
           9 1.0265e-007 2.4686e-006 3.5909e-005 3.5927e-004 2.5521e-003 1.3196e-002 4.9222e-002 1.1809e-001 1.3339e-001 8.2356e-003 5.6194e-001 1.1258e-001 1.7379e-004 1.6834e-004 2.4235e-005 1.8531e-006 2.4389e-008 5.3952e-009 4.7966e-009 3.2462e-009 2.4955e-009 1.5662e-009
          10 3.6374e-008 8.9678e-007 1.1904e-005 1.1662e-004 8.5822e-004 4.7574e-003 1.9756e-002 5.9612e-002 1.1450e-001 9.6984e-002 1.0743e-003 5.8222e-001 1.1809e-001 1.8268e-003 1.1741e-004 7.0798e-005 1.7749e-005 3.9099e-006 9.6634e-007 4.5398e-007 2.8012e-007 1.5402e-007
          11 9.3867e-009 3.1581e-007 4.3346e-006 4.2209e-005 3.1080e-004 1.7850e-003 7.9732e-003 2.7152e-002 6.7075e-002 1.0344e-001 6.4022e-002 1.7712e-005 6.1162e-001 1.0864e-001 7.7132e-003 1.4445e-005 5.5128e-005 3.4887e-005 1.2664e-005 6.9765e-006 4.8117e-006 2.8482e-006
          12 2.0899e-009 1.0044e-007 1.6505e-006 1.6623e-005 1.2224e-004 7.0948e-004 3.3189e-003 1.2253e-002 3.4533e-002 7.0066e-002 8.6365e-002 3.7674e-002 2.2447e-004 6.5765e-001 7.3887e-002 2.0763e-002 2.0410e-003 1.7614e-004 2.1043e-005 6.2306e-006 2.4991e-006 9.5453e-007
          13 8.5940e-010 3.3318e-008 6.6680e-007 6.8940e-006 5.1584e-005 3.0418e-004 1.4527e-003 5.6238e-003 1.7310e-002 4.0560e-002 6.7531e-002 6.5821e-002 1.9017e-002 1.6691e-004 7.1778e-001 1.7386e-002 2.7354e-002 8.8965e-003 2.5279e-003 1.2576e-003 8.0757e-004 4.5591e-004
          14 8.8900e-010 1.5000e-008 3.0061e-007 3.0211e-006 2.3134e-005 1.3974e-004 6.7465e-004 2.6775e-003 8.7140e-003 2.2463e-002 4.3757e-002 5.9258e-002 4.5706e-002 6.9140e-003 1.0019e-002 7.3467e-001 1.5016e-002 2.1695e-003 2.4000e-003 1.7433e-003 1.4089e-003 9.1494e-004
          15 1.0844e-009 9.7500e-009 1.5375e-007 1.4337e-006 1.1051e-005 6.7705e-005 3.3111e-004 1.3398e-003 4.4960e-003 1.2330e-002 2.6529e-002 4.2725e-002 4.6752e-002 2.8383e-002 6.1674e-004 7.3865e-002 5.2150e-001 1.3384e-001 2.8787e-002 1.2204e-002 6.8717e-003 3.5194e-003
          16 1.0595e-009 7.4279e-009 8.5920e-008 7.4305e-007 5.6305e-006 3.4335e-005 1.7046e-004 7.0289e-004 2.4047e-003 6.8402e-003 1.5706e-002 2.8133e-002 3.6903e-002 3.2424e-002 1.6164e-002 4.2337e-003 2.5913e-001 7.2208e-002 5.8446e-002 3.8357e-002 2.8921e-002 1.7938e-002
          17 8.0700e-010 5.4917e-009 4.9596e-008 4.1101e-007 3.0219e-006 1.8126e-005 9.1098e-005 3.8120e-004 1.3251e-003 3.8552e-003 9.2292e-003 1.7646e-002 2.5910e-002 2.7284e-002 1.9027e-002 1.0524e-002 6.3294e-002 3.2548e-001 4.6184e-002 1.2223e-002 3.9454e-003 1.1296e-003
          18 5.0478e-010 3.6767e-009 2.8380e-008 2.3327e-007 1.6659e-006 9.8258e-006 4.9713e-005 2.0976e-004 7.3883e-004 2.1833e-003 5.3685e-003 1.0682e-002 1.6800e-002 1.9764e-002 1.6282e-002 8.9776e-003 1.8667e-002 2.9823e-001 1.9878e-002 3.0927e-002 2.9141e-002 1.9350e-002
          19 2.5761e-010 2.0679e-009 1.4687e-008 1.2203e-007 8.5396e-007 4.9814e-006 2.5255e-005 1.0692e-004 3.8009e-004 1.1352e-003 2.8380e-003 5.7850e-003 9.4665e-003 1.1858e-002 1.0822e-002 6.8362e-003 2.5562e-003 1.1247e-001 3.6369e-001 8.0502e-002 2.1543e-002 5.2819e-003
          20 8.9867e-011 7.7718e-010 5.3324e-009 4.4850e-008 3.1068e-007 1.8031e-006 9.1417e-006 3.8735e-005 1.3838e-004 4.1570e-004 1.0481e-003 2.1629e-003 3.6088e-003 4.6573e-003 4.4581e-003 3.0442e-003 1.3445e-003 4.9421e-005 4.5618e-001 2.2883e-001 4.3381e-002 3.1347e-002
          21 6.3413e-012 5.5722e-011 3.8022e-010 3.2070e-009 2.2175e-008 1.2859e-007 6.5189e-007 2.7624e-006 9.8773e-006 2.9705e-005 7.5009e-005 1.5514e-004 2.5976e-004 3.3700e-004 3.2526e-004 2.2502e-004 1.0325e-004 3.3939e-009 1.9904e-003 1.4347e-001 5.2347e-001 2.6491e-001
