   v'->v''           0           1           2           3           4           5           6           7           8           9
           0 1.8634e-002 9.5530e-001 1.9121e-002 6.8867e-003 5.5620e-005 1.0954e-006 3.6842e-008 9.5275e-007 5.1849e-007 9.4900e-008
           1 2.0459e-002 1.5598e-002 3.1940e-001 5.4692e-001 8.6472e-002 1.0912e-002 1.9815e-004 1.8489e-005 8.4939e-006 3.7216e-008
           2 6.6412e-002 1.5322e-004 1.5849e-001 2.3155e-003 3.0880e-001 3.3621e-001 1.0699e-001 1.8708e-002 1.6583e-003 3.0714e-005
           3 1.8356e-001 1.7527e-003 7.7439e-002 5.7439e-002 4.5226e-002 4.5957e-002 2.1568e-001 2.0450e-001 1.0390e-001 3.6709e-002
           4 3.2247e-001 8.2409e-003 1.9164e-003 4.3684e-002 1.3138e-002 6.0314e-002 5.2821e-004 5.3193e-002 1.1615e-001 9.7413e-002
           5 2.9529e-001 1.2445e-002 8.3085e-002 1.8549e-003 5.8401e-002 9.5066e-004 4.7025e-002 2.2182e-002 1.5758e-004 1.3554e-002
           6 9.0170e-002 6.1224e-003 2.2638e-001 1.3016e-001 3.1055e-004 5.3552e-002 1.3958e-003 2.1603e-002 2.9579e-002 1.1109e-002
           7 1.2461e-003 3.7243e-004 1.0921e-001 1.7549e-001 1.9242e-001 1.6484e-004 5.5048e-002 1.1148e-002 2.9543e-003 1.2944e-002
           8 1.3759e-003 5.6844e-005 3.7061e-003 3.4416e-002 2.6020e-001 2.1916e-001 5.0953e-004 4.5148e-002 2.3660e-002 2.0429e-003
           9 7.6849e-005 4.2894e-008 1.0799e-003 2.3889e-004 3.3547e-002 2.5153e-001 2.5236e-001 9.4693e-003 2.6500e-002 2.7325e-002
          10 7.8153e-005 8.0080e-006 1.1849e-004 8.0013e-005 8.9790e-004 1.9812e-002 2.9739e-001 2.2385e-001 4.1510e-002 2.2704e-003
          11 9.6570e-005 4.1345e-006 2.7806e-005 2.5547e-004 8.9448e-005 5.5326e-004 2.1345e-002 3.4504e-001 1.3320e-001 9.3180e-002
          12 1.4639e-005 6.8910e-008 8.2598e-005 8.4106e-005 1.1740e-004 6.2007e-004 1.0871e-006 4.0759e-002 3.9353e-001 9.5883e-003
          13 1.0949e-006 4.5237e-007 3.6372e-005 2.1639e-006 1.7663e-004 7.5037e-006 1.1461e-003 2.2673e-003 1.0277e-001 3.0959e-001
          14 9.3488e-006 6.7016e-007 4.7906e-006 7.0257e-006 7.6424e-005 4.2317e-005 1.7109e-004 1.6565e-003 1.9420e-002 2.3521e-001
          15 9.2597e-006 3.9252e-007 3.1443e-007 1.5623e-005 1.6004e-005 6.9818e-005 8.0961e-006 2.2306e-004 4.6522e-003 1.0948e-001
          16 4.5967e-006 1.3008e-007 3.7130e-006 1.2817e-005 1.4651e-007 5.5815e-005 7.0378e-006 8.9818e-005 1.6615e-005 3.4964e-002
          17 1.3420e-006 1.8919e-008 4.9531e-006 6.6091e-006 2.7524e-006 2.8912e-005 2.6331e-005 1.7185e-005 1.6370e-004 3.5208e-003
          18 1.9622e-007 1.3258e-011 3.8050e-006 2.5317e-006 5.4978e-006 1.1145e-005 2.7616e-005 1.4624e-007 5.6215e-005 9.3908e-004
          19 3.4171e-009 4.1709e-009 2.1483e-006 7.8839e-007 4.7350e-006 3.5551e-006 1.8269e-005 1.0749e-006 1.7451e-005 1.9988e-005
          20 3.3798e-009 3.6217e-009 7.6953e-007 1.8429e-007 2.0755e-006 8.6057e-007 7.1424e-006 1.0310e-006 4.9507e-006 1.0172e-005
