   v'->v''           0           1           2           3           4           5           6           7           8           9          10          11          12          13          14          15          16          17          18          19          20          21          22          23          24          25          26          27          28          29          30          31          32          33          34          35          36          37          38          39          40          41          42          43          44
           0 4.7914e-001 3.1978e-001 1.3494e-001 4.6423e-002 1.4180e-002 4.0360e-003 1.1038e-003 2.9275e-004 7.5127e-005 1.8853e-005 4.7939e-006 1.2686e-006 3.3392e-007 7.6623e-008 1.3087e-008 1.7077e-009 4.6869e-010 5.7046e-010 6.8195e-010 3.8290e-010 3.7944e-011 5.5932e-011 2.4097e-010 2.4891e-010 9.4104e-011 6.5570e-013 5.2283e-011 1.4240e-010 1.5543e-010 8.9119e-011 1.8544e-011 1.6316e-012 3.5250e-011 7.8143e-011 9.4737e-011 7.8085e-011 4.4390e-011 1.4694e-011 8.7133e-013 2.5041e-012 1.1736e-011 1.9900e-011 2.1619e-011 1.5547e-011 6.0450e-012
           1 3.7675e-001 3.1120e-002 2.1564e-001 1.9702e-001 1.0778e-001 4.6050e-002 1.7112e-002 5.8336e-003 1.8711e-003 5.7393e-004 1.7161e-004 5.0792e-005 1.4817e-005 4.1625e-006 1.1132e-006 2.9625e-007 8.7126e-008 2.9820e-008 1.0212e-008 2.4383e-009 1.5231e-010 6.0602e-011 1.3358e-010 2.0322e-011 3.1637e-011 1.5679e-010 1.7778e-010 7.4985e-011 1.4101e-012 3.5753e-011 1.1154e-010 1.3524e-010 9.0394e-011 2.8331e-011 2.1196e-013 1.4972e-011 4.7348e-011 6.8477e-011 6.6701e-011 4.8231e-011 2.6169e-011 1.0111e-011 2.3979e-012 2.4581e-013 6.9600e-015
           2 1.2349e-001 3.4196e-001 2.2171e-002 6.8263e-002 1.6113e-001 1.3874e-001 8.0793e-002 3.8198e-002 1.5888e-002 6.0588e-003 2.1788e-003 7.5423e-004 2.5373e-004 8.2985e-005 2.6467e-005 8.3584e-006 2.6638e-006 8.5375e-007 2.6356e-007 7.3580e-008 1.8144e-008 4.4900e-009 1.5876e-009 9.3211e-010 5.9436e-010 2.3993e-010 2.0097e-011 2.7588e-011 1.1606e-010 1.2461e-010 5.6576e-011 4.2018e-012 9.1606e-012 3.8434e-011 4.8150e-011 3.0858e-011 8.1347e-012 5.8629e-014 8.7484e-012 2.3287e-011 3.2432e-011 3.2049e-011 2.4434e-011 1.3821e-011 4.7582e-012
           3 1.9366e-002 2.4682e-001 2.0027e-001 9.8767e-002 4.4367e-003 8.9762e-002 1.2814e-001 1.0084e-001 5.9617e-002 2.9739e-002 1.3284e-002 5.5087e-003 2.1666e-003 8.1858e-004 3.0022e-004 1.0799e-004 3.8322e-005 1.3390e-005 4.5834e-006 1.5407e-006 5.1664e-007 1.7588e-007 6.0309e-008 1.9773e-008 5.6799e-009 1.3032e-009 2.3423e-010 4.7692e-011 2.7054e-011 3.0810e-011 2.6630e-011 1.0086e-011 1.3274e-014 8.7133e-012 2.5903e-011 3.4235e-011 2.8205e-011 1.5164e-011 4.5966e-012 2.8138e-013 4.2757e-013 1.7132e-012 2.1819e-012 1.5703e-012 5.9583e-013
           4 3.2476e-042 2.4899e-040 3.7716e-039 3.8986e-038 1.2925e-036 6.4544e-035 6.4375e-033 1.9540e-031 7.5272e-030 4.3848e-028 1.9809e-026 1.4534e-024 4.0457e-023 1.0880e-021 3.1780e-020 8.9011e-019 2.7189e-017 3.0590e-016 5.6789e-015 9.1257e-014 1.3028e-012 1.3830e-011 1.5790e-010 1.4491e-009 1.2740e-008 1.0269e-007 6.3649e-007 3.9821e-006 2.2297e-005 1.0506e-004 4.5473e-004 1.7199e-003 5.7233e-003 1.6657e-002 4.1832e-002 8.9176e-002 1.5758e-001 2.2227e-001 2.3515e-001 1.6552e-001 5.8681e-002 3.4764e-003 9.9782e-004 2.6525e-006 2.3039e-005
           5 1.3537e-029 6.3376e-028 3.6059e-027 1.0217e-027 1.5313e-027 6.7596e-029 3.6359e-028 1.2098e-027 3.6226e-028 1.8631e-026 4.7398e-025 3.5011e-023 9.3639e-022 2.4270e-020 6.7620e-019 1.7954e-017 5.1066e-016 5.6487e-015 9.8999e-014 1.4993e-012 2.0095e-011 2.0339e-010 2.1655e-009 1.8701e-008 1.5266e-007 1.1289e-006 6.5905e-006 3.7628e-005 1.8993e-004 8.1387e-004 3.1247e-003 1.0362e-002 2.9571e-002 7.1393e-002 1.4189e-001 2.2252e-001 2.5527e-001 1.8307e-001 5.2340e-002 1.3226e-004 1.5636e-002 6.4013e-004 4.6034e-003 8.3943e-004 3.3997e-005
           6 1.4868e-039 4.6716e-038 3.8761e-038 3.8783e-036 1.8974e-034 7.5411e-033 6.5494e-031 1.8902e-029 6.8426e-028 3.6797e-026 1.5500e-024 1.0243e-022 2.6907e-021 6.7853e-020 1.8289e-018 4.6765e-017 1.2654e-015 1.3824e-014 2.3264e-013 3.3793e-012 4.3329e-011 4.2389e-010 4.2971e-009 3.5540e-008 2.7537e-007 1.9177e-006 1.0711e-005 5.7323e-005 2.6906e-004 1.0753e-003 3.7872e-003 1.1402e-002 2.9004e-002 6.0703e-002 9.9980e-002 1.1917e-001 8.3791e-002 1.3887e-002 2.3113e-002 1.7594e-001 2.6576e-001 1.0560e-001 1.0584e-007 3.8519e-003 1.1085e-003
           7 1.1347e-038 6.7112e-038 5.6752e-036 3.7488e-034 1.1407e-032 4.1005e-031 3.0892e-029 8.4512e-028 2.8744e-026 1.4273e-024 5.6091e-023 3.3441e-021 8.2945e-020 1.9625e-018 4.8866e-017 1.1425e-015 2.7486e-014 2.9085e-013 4.4446e-012 5.8462e-011 6.7481e-010 6.0785e-009 5.4856e-008 4.0882e-007 2.7971e-006 1.6922e-005 8.4473e-005 3.8695e-004 1.5271e-003 5.1148e-003 1.4540e-002 3.4137e-002 6.3935e-002 8.9660e-002 8.2612e-002 3.3866e-002 5.6920e-005 4.5802e-002 8.3816e-002 9.4983e-003 9.8090e-002 3.2744e-001 7.4383e-002 2.3422e-002 1.6302e-003
           8 1.7741e-037 1.2697e-036 7.1707e-034 2.1273e-032 4.6741e-031 1.4475e-029 9.4597e-028 2.4485e-026 7.8149e-025 3.5829e-023 1.3136e-021 7.0752e-020 1.6571e-018 3.6796e-017 8.4702e-016 1.8129e-014 3.8893e-013 3.9765e-012 5.5243e-011 6.5885e-010 6.8585e-009 5.6812e-008 4.5732e-007 3.0688e-006 1.8562e-005 9.7904e-005 4.3306e-004 1.6953e-003 5.6156e-003 1.5531e-002 3.5025e-002 6.1857e-002 7.9387e-002 6.2882e-002 1.7513e-002 2.8060e-003 4.7516e-002 5.5003e-002 1.6203e-003 4.6860e-002 3.1957e-002 9.6471e-002 3.5081e-001 8.7701e-004 6.7042e-003
           9 1.2301e-036 7.2503e-034 6.4761e-032 1.0636e-030 1.4743e-029 3.7787e-028 2.1459e-026 5.2374e-025 1.5655e-023 6.6197e-022 2.2628e-020 1.1012e-018 2.4340e-017 5.0707e-016 1.0790e-014 2.1145e-013 4.0536e-012 3.9924e-011 5.0434e-010 5.4559e-009 5.1257e-008 3.8959e-007 2.7992e-006 1.6879e-005 9.0197e-005 4.1515e-004 1.6111e-003 5.3616e-003 1.4782e-002 3.3033e-002 5.7148e-002 7.0844e-002 5.2645e-002 1.2187e-002 4.1488e-003 4.3080e-002 4.2496e-002 5.6602e-004 3.7688e-002 3.2761e-002 9.9772e-003 1.6991e-002 1.9972e-001 1.2534e-001 6.2235e-002
          10 3.2679e-034 3.5139e-031 1.3380e-029 9.5944e-029 4.0747e-028 7.1525e-027 3.7182e-025 8.5082e-024 2.3773e-022 9.2718e-021 2.9551e-019 1.3014e-017 2.7155e-016 5.3094e-015 1.0454e-013 1.8787e-012 3.2295e-011 3.0561e-010 3.5158e-009 3.4556e-008 2.9360e-007 2.0453e-006 1.3143e-005 7.1153e-005 3.3609e-004 1.3511e-003 4.5612e-003 1.2825e-002 2.9073e-002 5.1050e-002 6.4120e-002 4.8510e-002 1.1900e-002 3.0618e-003 3.6628e-002 3.8053e-002 1.1003e-003 2.8201e-002 3.2162e-002 3.2665e-003 4.3122e-002 8.7557e-005 1.9752e-003 2.5950e-001 3.3498e-002
          11 1.2378e-022 4.7550e-020 1.2771e-018 4.6497e-018 4.7887e-019 1.7112e-018 3.5860e-019 8.8223e-020 8.0380e-019 7.3555e-019 4.2287e-018 3.7267e-017 1.0144e-015 1.8403e-014 3.5275e-013 6.0916e-012 9.9837e-011 9.2707e-010 1.0230e-008 9.6351e-008 7.8290e-007 5.2421e-006 3.2052e-005 1.6524e-004 7.3823e-004 2.7918e-003 8.8249e-003 2.2931e-002 4.7303e-002 7.3542e-002 7.7575e-002 4.2584e-002 2.5706e-003 1.7936e-002 5.6454e-002 2.6541e-002 3.6653e-003 5.1633e-002 1.4456e-002 2.6284e-002 3.2199e-002 1.2841e-002 5.1742e-003 8.6982e-002 4.1004e-002
          12 3.6203e-032 6.7797e-030 1.1319e-028 4.4923e-029 5.5172e-027 1.4226e-025 5.2362e-024 1.1358e-022 2.9682e-021 1.0657e-019 3.1663e-018 1.2628e-016 2.4869e-015 4.5636e-014 8.3181e-013 1.3719e-011 2.1208e-010 1.9226e-009 2.0161e-008 1.8021e-007 1.3864e-006 8.8364e-006 5.0832e-005 2.4659e-004 1.0282e-003 3.6033e-003 1.0472e-002 2.4596e-002 4.4831e-002 5.9019e-002 4.8052e-002 1.4520e-002 1.1769e-003 2.9575e-002 3.7325e-002 3.1845e-003 1.8953e-002 3.3675e-002 3.2036e-005 3.5646e-002 1.7047e-003 4.0468e-002 7.9010e-003 7.6567e-002 1.7980e-003
          13 2.3081e-031 1.8513e-029 7.9141e-029 2.0445e-027 1.1139e-025 1.9104e-024 6.1879e-023 1.2522e-021 3.0469e-020 1.0074e-018 2.7895e-017 1.0088e-015 1.8753e-014 3.2307e-013 5.4559e-012 8.2697e-011 1.1535e-009 9.9914e-009 9.5633e-008 7.7851e-007 5.4323e-006 3.1633e-005 1.6307e-004 7.0760e-004 2.6003e-003 7.9157e-003 1.9582e-002 3.7792e-002 5.3486e-002 4.8594e-002 1.9288e-002 1.3904e-005 2.1206e-002 3.6861e-002 7.6465e-003 9.7918e-003 3.3721e-002 2.2553e-003 2.4222e-002 1.2541e-002 1.7716e-002 4.9367e-003 5.7350e-002 5.7648e-002 5.3238e-003
          14 3.0733e-030 1.1793e-028 6.1759e-029 8.9829e-026 1.9494e-024 2.3561e-023 6.3322e-022 1.1963e-020 2.7040e-019 8.2241e-018 2.1214e-016 6.9645e-015 1.2218e-013 1.9764e-012 3.0945e-011 4.3156e-010 5.4487e-009 4.4967e-008 3.9331e-007 2.9192e-006 1.8497e-005 9.8239e-005 4.5395e-004 1.7573e-003 5.6722e-003 1.4901e-002 3.0916e-002 4.7757e-002 4.9404e-002 2.5781e-002 1.0946e-003 1.2607e-002 3.4911e-002 1.4555e-002 2.7214e-003 3.0279e-002 9.5210e-003 1.1211e-002 2.3639e-002 3.0161e-003 2.2674e-002 6.5487e-003 1.2869e-004 1.4363e-001 3.1269e-003
          15 5.5995e-029 7.8583e-028 3.9194e-026 3.2315e-024 3.6667e-023 2.6257e-022 5.5710e-021 9.8940e-020 2.0692e-018 5.7826e-017 1.3893e-015 4.1453e-014 6.8638e-013 1.0428e-011 1.5151e-010 1.9469e-009 2.2323e-008 1.7507e-007 1.4013e-006 9.4947e-006 5.4695e-005 2.6452e-004 1.0955e-003 3.7718e-003 1.0644e-002 2.3904e-002 4.0787e-002 4.8390e-002 3.2609e-002 5.3591e-003 4.9281e-003 2.9354e-002 2.2275e-002 3.3572e-006 2.1910e-002 1.8835e-002 1.7547e-003 2.6632e-002 9.5638e-004 2.3187e-002 7.6736e-004 2.1289e-002 9.9478e-004 4.2406e-002 4.6154e-002
          16 3.3555e-027 7.1012e-028 1.1479e-023 3.7649e-022 1.8479e-021 3.1444e-021 3.9876e-020 7.4409e-019 1.4136e-017 3.6219e-016 8.1063e-015 2.2002e-013 3.4380e-012 4.9062e-011 6.6205e-010 7.8482e-009 8.1975e-008 6.0933e-007 4.4677e-006 2.7662e-005 1.4497e-004 6.3712e-004 2.3624e-003 7.2031e-003 1.7648e-002 3.3406e-002 4.5534e-002 3.8585e-002 1.2753e-002 4.6699e-004 2.0642e-002 2.8063e-002 3.3248e-003 1.1051e-002 2.5269e-002 7.6003e-004 1.9457e-002 1.0602e-002 9.9756e-003 1.3411e-002 1.0629e-002 3.8454e-003 2.1170e-002 1.2664e-002 6.1653e-002
          17 1.2535e-016 3.4177e-016 8.0153e-013 1.9669e-011 5.7311e-011 2.6762e-012 1.6286e-011 6.5537e-012 1.8248e-014 4.8462e-012 8.8563e-012 1.5489e-011 1.7473e-015 1.6331e-010 1.3080e-009 1.6852e-008 1.6570e-007 1.2118e-006 8.5724e-006 5.1248e-005 2.5872e-004 1.0942e-003 3.8817e-003 1.1265e-002 2.6033e-002 4.5824e-002 5.6514e-002 4.0551e-002 8.2624e-003 3.9833e-003 3.2052e-002 2.7975e-002 2.9268e-004 2.2253e-002 2.4428e-002 5.3682e-004 2.9317e-002 4.1799e-003 2.1498e-002 6.6809e-003 2.1204e-002 1.6966e-004 2.0507e-002 3.4799e-004 1.4442e-002
          18 3.5332e-027 2.2244e-025 7.4495e-023 1.1766e-021 7.1249e-022 1.8421e-020 3.8389e-019 4.6783e-018 8.5825e-017 2.0197e-015 4.1951e-014 1.0380e-012 1.5304e-011 2.0522e-010 2.5742e-009 2.8194e-008 2.6913e-007 1.8915e-006 1.2721e-005 7.2039e-005 3.4365e-004 1.3698e-003 4.5391e-003 1.2194e-002 2.5694e-002 4.0201e-002 4.1848e-002 2.1921e-002 9.4275e-004 1.0455e-002 2.8606e-002 1.1679e-002 2.2021e-003 2.4108e-002 8.3189e-003 7.2820e-003 2.0685e-002 2.9245e-004 2.1281e-002 1.0591e-005 1.8205e-002 3.3959e-003 2.0422e-003 5.5948e-002 3.7582e-002
          19 8.1912e-029 1.3302e-024 1.3356e-022 8.5510e-022 2.8436e-021 1.8798e-019 2.4446e-018 2.8416e-017 4.7559e-016 1.0227e-014 1.9752e-013 4.4556e-012 6.1981e-011 7.8107e-010 9.1147e-009 9.2347e-008 8.0783e-007 5.3550e-006 3.3064e-005 1.7134e-004 7.4390e-004 2.6820e-003 7.9176e-003 1.8605e-002 3.3260e-002 4.1757e-002 3.0661e-002 6.7156e-003 2.5117e-003 2.2921e-002 2.0897e-002 3.5046e-004 1.5406e-002 1.8330e-002 1.5660e-004 2.0501e-002 4.4678e-003 1.3061e-002 8.2918e-003 1.1342e-002 3.9433e-003 1.4651e-002 1.0902e-003 8.3969e-003 8.9004e-002
          20 3.8300e-026 1.2359e-023 6.0563e-022 5.6533e-022 9.3308e-020 1.7866e-018 1.5323e-017 1.5584e-016 2.4052e-015 4.7138e-014 8.4539e-013 1.7410e-011 2.2848e-010 2.7066e-009 2.9412e-008 2.7606e-007 2.2195e-006 1.3847e-005 7.8573e-005 3.7279e-004 1.4724e-003 4.7882e-003 1.2542e-002 2.5547e-002 3.8038e-002 3.6618e-002 1.6152e-002 7.0010e-005 1.2971e-002 2.5516e-002 6.6285e-003 4.7098e-003 2.2184e-002 3.8724e-003 1.0172e-002 1.5614e-002 1.4802e-003 1.8369e-002 2.1215e-004 1.6448e-002 2.0762e-003 7.4885e-003 1.1412e-002 2.0328e-003 8.1775e-002
          21 1.0733e-024 1.6510e-022 4.2703e-021 6.1367e-021 2.1145e-018 2.0119e-017 9.4114e-017 7.7703e-016 1.1284e-014 2.0018e-013 3.3290e-012 6.2653e-011 7.7534e-010 8.6349e-009 8.7442e-008 7.6125e-007 5.6386e-006 3.3035e-005 1.7236e-004 7.4858e-004 2.6866e-003 7.8509e-003 1.8134e-002 3.1621e-002 3.8145e-002 2.6018e-002 4.3915e-003 3.6837e-003 2.2254e-002 1.6582e-002 6.9540e-007 1.6079e-002 1.4095e-002 8.4375e-004 1.8975e-002 2.4382e-003 1.3084e-002 6.4356e-003 1.0258e-002 4.6017e-003 1.2757e-002 1.3439e-005 5.8953e-003 2.2688e-002 5.1938e-002
          22 6.3627e-023 7.6641e-021 9.0034e-020 2.4982e-018 1.3738e-016 6.1838e-016 6.6865e-016 3.0409e-015 5.1150e-014 7.8954e-013 1.2155e-011 2.0965e-010 2.4441e-009 2.5601e-008 2.4179e-007 1.9550e-006 1.3372e-005 7.3426e-005 3.5245e-004 1.4007e-003 4.5605e-003 1.1924e-002 2.4099e-002 3.5378e-002 3.3161e-002 1.3704e-002 1.3447e-006 1.3000e-002 2.2883e-002 4.8518e-003 5.3888e-003 1.9938e-002 2.5365e-003 1.0329e-002 1.3107e-002 1.7490e-003 1.6378e-002 1.3805e-004 1.5309e-002 7.1593e-004 1.0659e-002 6.8538e-003 9.8997e-005 1.2301e-005 9.3397e-002
          23 1.2667e-009 1.5440e-007 1.0783e-006 8.7904e-005 3.1208e-003 8.9165e-003 3.5606e-004 1.8003e-003 1.0613e-003 2.2918e-005 3.5077e-004 1.0129e-003 1.2706e-003 1.0958e-003 8.3669e-004 4.2201e-004 4.8081e-004 1.6358e-006 1.1040e-003 1.6774e-003 7.7286e-003 1.6507e-002 3.3573e-002 4.3653e-002 3.6633e-002 1.0640e-002 8.9067e-004 2.1112e-002 2.4650e-002 1.7849e-003 1.2210e-002 2.1740e-002 2.4355e-004 1.8087e-002 9.5307e-003 7.2289e-003 1.5741e-002 3.2642e-003 1.5057e-002 5.1551e-003 7.2488e-003 1.2496e-002 7.9573e-004 7.5358e-005 2.3819e-002
          24 1.5495e-022 2.2006e-020 5.4864e-020 2.2142e-017 5.0440e-016 6.3847e-016 1.9327e-015 2.3928e-014 1.8274e-013 2.9154e-012 4.1463e-011 6.4993e-010 7.1601e-009 7.0461e-008 6.2132e-007 4.6704e-006 2.9558e-005 1.5183e-004 6.7053e-004 2.4365e-003 7.1783e-003 1.6700e-002 2.9220e-002 3.5259e-002 2.3946e-002 3.9392e-003 3.5150e-003 2.0523e-002 1.4847e-002 2.3860e-006 1.4884e-002 1.2480e-002 8.6567e-004 1.7161e-002 2.2352e-003 1.1508e-002 6.5339e-003 8.0696e-003 6.2017e-003 9.5643e-003 1.1234e-003 1.0681e-002 4.0839e-003 1.3224e-003 5.8946e-002
          25 2.3076e-023 1.1299e-020 1.0979e-020 2.8246e-017 3.0507e-016 1.0167e-017 1.3595e-014 9.2457e-014 7.2218e-013 1.0114e-011 1.3246e-010 1.9033e-009 1.9741e-008 1.8270e-007 1.5046e-006 1.0526e-005 6.1742e-005 2.9610e-004 1.2030e-003 3.9910e-003 1.0604e-002 2.1797e-002 3.2547e-002 3.1151e-002 1.3419e-002 2.5717e-005 1.1408e-002 2.1165e-002 4.8830e-003 4.4996e-003 1.8231e-002 2.6952e-003 8.7652e-003 1.2552e-002 1.0669e-003 1.5186e-002 3.5960e-006 1.4173e-002 3.4389e-006 1.2296e-002 2.3359e-003 3.8431e-003 7.8382e-003 7.5588e-003 4.6589e-002
          26 6.0385e-023 1.7003e-020 4.7247e-019 1.0259e-016 4.5709e-016 2.7883e-015 8.6365e-014 3.8934e-013 2.6033e-012 3.3190e-011 3.9829e-010 5.2396e-009 5.1176e-008 4.4526e-007 3.4277e-006 2.2339e-005 1.2161e-004 5.4359e-004 2.0306e-003 6.1391e-003 1.4648e-002 2.6373e-002 3.2955e-002 2.3647e-002 4.6923e-003 2.4255e-003 1.8243e-002 1.4865e-002 5.4917e-005 1.2644e-002 1.2612e-002 3.3495e-004 1.5316e-002 3.1710e-003 8.9177e-003 7.9383e-003 5.1234e-003 8.5076e-003 5.6295e-003 4.4913e-003 9.5248e-003 9.6897e-005 3.9065e-003 1.8643e-003 6.8872e-002
          27 4.0531e-021 4.1264e-020 7.6140e-018 6.2910e-016 5.8626e-016 5.5681e-014 6.6344e-013 1.6996e-012 8.6719e-012 1.0434e-010 1.1340e-009 1.3652e-008 1.2555e-007 1.0264e-006 7.3896e-006 4.4896e-005 2.2706e-004 9.4422e-004 3.2398e-003 8.9020e-003 1.8967e-002 2.9564e-002 3.0046e-002 1.4617e-002 3.0261e-004 8.7928e-003 1.9908e-002 6.1738e-003 2.7312e-003 1.6710e-002 3.9605e-003 6.1582e-003 1.3054e-002 1.9225e-004 1.3960e-002 5.6157e-004 1.2198e-002 7.7059e-004 1.1714e-002 2.8951e-005 8.8349e-003 4.9767e-003 1.9854e-005 3.5710e-003 2.9147e-002
          28 2.1659e-019 2.8530e-019 2.6391e-016 1.0956e-014 1.2477e-015 2.0552e-012 1.1655e-011 9.3308e-012 2.2728e-011 3.3092e-010 3.0705e-009 3.3862e-008 2.9410e-007 2.2533e-006 1.5194e-005 8.6079e-005 4.0479e-004 1.5631e-003 4.9198e-003 1.2245e-002 2.3134e-002 3.0739e-002 2.4348e-002 6.4954e-003 1.0368e-003 1.5290e-002 1.5810e-002 6.0374e-004 9.5506e-003 1.3596e-002 2.6059e-006 1.2892e-002 5.2057e-003 5.5811e-003 1.0021e-002 2.0711e-003 1.0767e-002 1.8744e-003 8.4591e-003 4.8590e-003 2.1156e-003 8.3513e-003 2.6404e-003 2.9349e-004 3.8316e-002
          29 1.4873e-008 8.0164e-009 1.6564e-005 4.6585e-004 7.9737e-004 1.2806e-001 4.4202e-001 2.8553e-002 5.9066e-002 4.6696e-002 2.7804e-003 8.4186e-003 3.3093e-002 4.7098e-002 4.4368e-002 3.6047e-002 2.1403e-002 1.7884e-002 4.5974e-003 1.0628e-002 3.0028e-006 7.4973e-003 2.9195e-004 1.1117e-003 8.8881e-004 9.6706e-004 1.4195e-003 4.6313e-005 9.8184e-004 9.3158e-004 1.3615e-004 1.1900e-003 1.3283e-004 8.9301e-004 4.5122e-004 5.3567e-004 5.6902e-004 5.2765e-004 3.4147e-004 7.5406e-004 3.5364e-006 5.8548e-004 4.5193e-004 1.3481e-004 4.5535e-004
          30 2.7193e-018 1.0199e-018 3.0353e-015 6.5998e-014 2.7845e-013 2.2954e-011 5.4191e-011 6.2627e-012 1.8787e-010 6.8793e-010 8.1599e-009 8.1200e-008 6.4799e-007 4.7242e-006 2.9648e-005 1.5710e-004 6.8651e-004 2.4582e-003 7.0824e-003 1.5900e-002 2.6398e-002 2.9276e-002 1.6851e-002 1.2863e-003 5.6613e-003 1.8409e-002 8.5281e-003 9.1338e-004 1.4689e-002 6.3122e-003 3.1418e-003 1.3589e-002 1.5377e-004 1.1771e-002 2.5448e-003 8.8154e-003 3.4678e-003 8.4881e-003 1.4962e-003 9.7803e-003 3.7334e-004 4.5422e-003 5.9607e-003 1.1351e-003 3.4280e-002
          31 8.2066e-019 3.3905e-019 1.1992e-015 1.2342e-014 2.8030e-013 7.9959e-012 3.8782e-012 7.0738e-011 4.3411e-010 2.1434e-009 2.0197e-008 1.8349e-007 1.3848e-006 9.4341e-006 5.5516e-005 2.7442e-004 1.1155e-003 3.6946e-003 9.7208e-003 1.9575e-002 2.8224e-002 2.5337e-002 9.3051e-003 8.6666e-005 1.1567e-002 1.6785e-002 2.2355e-003 5.8486e-003 1.4435e-002 7.7858e-004 9.4145e-003 8.0936e-003 2.1904e-003 1.1687e-002 1.3739e-004 1.1549e-002 1.4961e-005 1.0571e-002 6.7987e-004 7.2127e-003 5.1027e-003 2.2580e-004 4.3317e-003 4.4966e-003 1.3620e-002
          32 5.9175e-019 1.0840e-018 2.3235e-015 8.2595e-015 9.1433e-013 1.2062e-011 1.0396e-012 3.6961e-010 1.3499e-009 5.7006e-009 4.8884e-008 4.0116e-007 2.8364e-006 1.8136e-005 9.9845e-005 4.6088e-004 1.7416e-003 5.3250e-003 1.2753e-002 2.2882e-002 2.8212e-002 1.9572e-002 3.4012e-003 2.6017e-003 1.5952e-002 1.1508e-002 4.0513e-006 1.1495e-002 9.3796e-003 6.8601e-004 1.2915e-002 1.8551e-003 8.0756e-003 5.9486e-003 4.3897e-003 7.3193e-003 3.7320e-003 5.7332e-003 5.8427e-003 1.4620e-003 8.1581e-003 1.5938e-003 6.8617e-004 1.8295e-003 2.8088e-002
          33 3.3295e-020 6.2358e-018 8.7254e-015 3.3031e-015 4.7530e-012 2.9392e-011 8.4177e-011 2.1993e-009 4.6009e-009 1.4074e-008 1.1577e-007 8.4323e-007 5.5706e-006 3.3474e-005 1.7213e-004 7.4240e-004 2.6053e-003 7.3371e-003 1.5931e-002 2.5252e-002 2.6063e-002 1.2943e-002 3.2293e-004 7.3229e-003 1.6882e-002 5.2445e-003 2.3149e-003 1.4016e-002 3.2641e-003 5.1470e-003 1.0857e-002 1.2570e-004 1.1480e-002 7.2300e-004 9.5799e-003 1.4744e-003 8.9162e-003 5.8331e-004 9.1360e-003 3.9480e-004 5.2089e-003 5.5725e-003 4.7615e-004 3.9730e-004 9.8329e-003
          34 6.4524e-017 5.3334e-017 8.0878e-014 3.2491e-014 5.3800e-011 1.2881e-010 2.3505e-009 2.3762e-008 2.0596e-008 2.8700e-008 2.8400e-007 1.7060e-006 1.0528e-005 5.9838e-005 2.8566e-004 1.1543e-003 3.7519e-003 9.7127e-003 1.9014e-002 2.6340e-002 2.2076e-002 6.7925e-003 4.6200e-004 1.2154e-002 1.4179e-002 9.2096e-004 7.1599e-003 1.2059e-002 9.1029e-005 1.0111e-002 5.3472e-003 3.5549e-003 9.3813e-003 7.4757e-004 9.9934e-003 2.9775e-004 9.1799e-003 1.0271e-003 6.4369e-003 4.4682e-003 7.8520e-004 6.0582e-003 3.3058e-003 4.9170e-004 1.0302e-002
          35 6.3477e-009 3.9489e-010 1.9194e-006 5.6039e-006 1.4080e-003 8.8389e-004 9.7995e-002 5.2225e-001 6.8256e-002 4.1613e-002 4.8104e-002 3.4510e-003 5.4115e-003 2.7286e-002 4.1883e-002 4.2677e-002 3.5556e-002 2.4388e-002 1.6935e-002 9.1637e-003 6.0296e-003 2.9805e-003 1.5929e-003 1.0246e-003 3.6993e-004 2.2951e-004 1.6545e-004 3.4151e-005 2.3870e-005 3.5762e-005 3.6580e-006 3.3343e-008 7.7829e-006 4.8786e-006 9.2484e-007 4.0952e-007 3.3918e-006 2.4925e-006 6.4902e-007 2.5129e-006 3.1908e-008 1.5217e-006 1.9889e-006 8.1437e-007 2.4667e-007
          36 2.9668e-014 9.6892e-016 7.5537e-012 2.6702e-011 5.5986e-009 2.5378e-009 4.1375e-007 1.9935e-006 1.2736e-007 5.4969e-007 8.1746e-008 3.9036e-006 2.0871e-005 9.5580e-005 4.7983e-004 1.6939e-003 5.2807e-003 1.2290e-002 2.1797e-002 2.5831e-002 1.6897e-002 2.2682e-003 3.2561e-003 1.5220e-002 9.1708e-003 1.7303e-004 1.1474e-002 7.1196e-003 1.3672e-003 1.1787e-002 8.2721e-004 8.4447e-003 4.1035e-003 5.0884e-003 5.6002e-003 4.1648e-003 4.6361e-003 5.5471e-003 1.5306e-003 7.6494e-003 5.4710e-004 2.6808e-003 4.7284e-003 1.9521e-003 1.2595e-002
          37 3.2245e-015 1.6743e-016 2.9545e-013 2.9601e-012 2.2833e-010 1.1014e-011 2.4345e-008 5.1777e-008 3.7021e-008 3.8222e-007 9.2939e-007 6.8205e-006 3.5173e-005 1.6806e-004 7.2288e-004 2.4920e-003 7.0140e-003 1.5078e-002 2.3627e-002 2.3756e-002 1.1171e-002 1.3884e-004 7.4488e-003 1.5359e-002 3.9950e-003 2.7749e-003 1.2821e-002 2.2255e-003 5.5578e-003 9.1803e-003 3.5605e-004 1.0470e-002 3.3392e-004 9.0347e-003 9.9324e-004 8.2839e-003 4.9000e-004 8.3548e-003 1.4393e-004 5.9993e-003 4.0234e-003 7.8569e-005 2.9287e-003 2.8523e-003 2.2752e-003
          38 6.1410e-015 2.0537e-015 2.6089e-013 5.5042e-012 2.0185e-010 2.9540e-010 2.8584e-008 1.7655e-008 2.1649e-007 9.0016e-007 2.0409e-006 1.2928e-005 6.0669e-005 2.7163e-004 1.0879e-003 3.4899e-003 9.0716e-003 1.7696e-002 2.4448e-002 2.0197e-002 5.9890e-003 5.3131e-004 1.1454e-002 1.2722e-002 6.4883e-004 6.9774e-003 1.0695e-002 2.3130e-005 9.5228e-003 4.4090e-003 3.6130e-003 8.2177e-003 8.3869e-004 8.9672e-003 2.9702e-004 8.3868e-003 7.4219e-004 6.4598e-003 3.1661e-003 1.8725e-003 6.3740e-003 1.1798e-003 4.5283e-004 1.6185e-003 9.4304e-003
          39 2.0417e-014 1.7981e-014 4.5554e-013 1.8664e-011 3.4959e-010 2.0239e-009 6.2955e-008 4.9019e-010 1.0802e-006 2.4874e-006 4.1178e-006 2.4624e-005 1.0223e-004 4.2572e-004 1.5975e-003 4.7334e-003 1.1375e-002 1.9979e-002 2.4079e-002 1.5683e-002 2.1650e-003 2.9828e-003 1.3950e-002 8.4121e-003 1.6950e-004 1.0535e-002 6.4348e-003 1.2959e-003 1.0723e-002 7.2592e-004 7.6885e-003 3.7513e-003 4.5231e-003 5.2691e-003 3.4789e-003 4.7039e-003 4.4015e-003 2.2362e-003 6.6009e-003 4.2448e-006 4.8669e-003 4.0473e-003 2.7875e-004 2.2239e-004 1.7395e-003
          40 1.1755e-013 2.1615e-013 1.4115e-012 1.1900e-010 1.1156e-009 1.8014e-008 2.5257e-007 1.2994e-007 7.6369e-006 8.9712e-006 7.3487e-006 4.9387e-005 1.6693e-004 6.4451e-004 2.2956e-003 6.1796e-003 1.3834e-002 2.1561e-002 2.2447e-002 1.0756e-002 2.1821e-004 6.5580e-003 1.4143e-002 3.9846e-003 2.3213e-003 1.1741e-002 2.2611e-003 4.8169e-003 8.5910e-003 2.2555e-004 9.5130e-003 4.5493e-004 7.9657e-003 1.2596e-003 7.1292e-003 8.9063e-004 7.3725e-003 1.0335e-005 6.6554e-003 1.9407e-003 1.5111e-003 5.0433e-003 2.1931e-003 1.7703e-004 2.5121e-003
          41 5.8833e-012 2.1345e-011 3.3321e-011 7.4405e-009 3.1258e-008 1.3483e-006 9.1978e-006 2.8570e-005 4.4316e-004 1.7683e-004 5.0658e-007 2.1153e-004 2.3590e-004 8.7365e-004 3.5912e-003 7.1189e-003 1.7355e-002 2.1095e-002 2.0560e-002 5.7294e-003 1.9759e-004 1.0438e-002 1.1789e-002 9.5967e-004 5.9533e-003 1.0061e-002 1.1430e-004 8.3490e-003 4.5834e-003 2.7112e-003 7.9833e-003 4.2518e-004 8.4101e-003 5.2147e-005 7.9490e-003 1.9320e-004 6.8217e-003 1.5332e-003 3.5379e-003 5.0429e-003 2.6266e-006 3.1773e-003 3.6650e-003 1.3301e-003 3.4263e-003
          42 6.8657e-009 2.9267e-008 3.0911e-008 9.3547e-006 3.1673e-005 1.7440e-003 1.0036e-002 4.2724e-002 5.3596e-001 1.4349e-001 1.9172e-002 4.9130e-002 2.1385e-003 3.4164e-003 2.2960e-002 3.4454e-002 3.7528e-002 3.3094e-002 2.2370e-002 1.7216e-002 9.6833e-003 5.8274e-003 3.9292e-003 1.6875e-003 1.0339e-003 7.4998e-004 2.2608e-004 1.2075e-004 1.5647e-004 4.1662e-005 2.5321e-006 2.1782e-005 2.7797e-005 3.9169e-008 1.9504e-006 4.9872e-006 1.2316e-005 3.2623e-008 5.8172e-006 1.2247e-006 2.4839e-006 6.3933e-006 2.7099e-006 2.6247e-007 1.9651e-006
          43 8.7255e-013 6.6532e-012 1.1336e-012 1.6632e-009 2.3563e-009 3.3272e-007 1.0404e-006 1.1677e-005 7.9088e-005 6.4947e-007 7.3129e-005 6.4093e-005 4.7074e-004 1.4725e-003 3.9083e-003 1.0470e-002 1.7277e-002 2.3230e-002 1.5083e-002 2.9097e-003 2.2085e-003 1.2184e-002 8.8102e-003 2.5412e-005 8.9474e-003 6.8343e-003 7.0780e-004 9.7521e-003 1.1914e-003 6.2531e-003 4.3419e-003 3.1593e-003 5.8097e-003 2.1262e-003 5.4829e-003 2.6874e-003 3.5627e-003 4.7897e-003 5.3438e-004 5.9376e-003 1.5310e-003 6.9193e-004 3.0860e-003 2.1642e-003 1.0398e-004
          44 2.1492e-013 4.4688e-012 2.1890e-013 8.8524e-010 1.5911e-010 1.8673e-007 2.1116e-007 8.8600e-006 2.8560e-005 1.2084e-005 1.2737e-004 1.5137e-004 7.3296e-004 2.0608e-003 5.2587e-003 1.2467e-002 1.9035e-002 2.1928e-002 1.1063e-002 6.3398e-004 5.1325e-003 1.2936e-002 4.8621e-003 1.3836e-003 1.0560e-002 3.0676e-003 3.3793e-003 8.6044e-003 6.5938e-006 8.4533e-003 1.0603e-003 6.4001e-003 2.1896e-003 5.4192e-003 1.9331e-003 5.8111e-003 5.7505e-004 6.5145e-003 2.9349e-004 3.9023e-003 4.0805e-003 8.9452e-005 1.2191e-003 1.8167e-003 3.3910e-003
          45 4.1616e-014 7.0429e-012 4.3729e-012 1.2078e-009 1.0609e-010 2.6206e-007 4.7131e-008 1.5171e-005 2.0958e-005 7.4483e-005 2.8640e-004 2.7487e-004 1.1784e-003 2.8625e-003 6.7362e-003 1.4721e-002 1.9809e-002 1.9918e-002 6.8935e-003 7.2076e-006 8.4129e-003 1.1694e-002 1.7149e-003 4.2036e-003 9.9190e-003 5.4080e-004 6.5751e-003 5.5283e-003 1.3993e-003 8.0749e-003 2.1314e-005 7.8115e-003 1.0192e-004 7.2526e-003 3.9608e-005 6.8431e-003 2.3400e-004 5.2468e-003 2.5977e-003 1.0696e-003 4.9582e-003 1.6521e-003 3.2523e-005 7.4198e-004 1.4402e-005
          46 1.3237e-013 1.8234e-011 3.5023e-011 2.9584e-009 3.0496e-009 6.5387e-007 2.4613e-008 4.3416e-005 1.7083e-005 4.0778e-004 8.1991e-004 4.6777e-004 2.0331e-003 3.9215e-003 8.3379e-003 1.7283e-002 1.9323e-002 1.7444e-002 3.1758e-003 7.8186e-004 1.1392e-002 8.7960e-003 1.3329e-004 7.3958e-003 7.3454e-003 9.6540e-005 8.7078e-003 2.1656e-003 4.2496e-003 5.4957e-003 1.5573e-003 6.5486e-003 7.1330e-004 6.3518e-003 9.5264e-004 5.0822e-003 2.4231e-003 2.2874e-003 5.0211e-003 1.3457e-005 3.4322e-003 3.5372e-003 5.5160e-004 2.3797e-005 9.6908e-004
          47 9.9477e-012 1.1179e-010 5.0994e-010 1.9056e-008 6.0535e-008 4.3009e-006 2.9201e-006 3.1416e-004 2.9411e-006 4.4867e-003 4.6662e-003 7.0619e-004 4.8915e-003 5.2819e-003 9.6932e-003 2.1749e-002 1.5574e-002 1.6151e-002 3.1155e-004 1.9497e-003 1.4545e-002 4.4205e-003 2.2838e-004 1.0264e-002 3.5835e-003 1.5488e-003 8.8988e-003 1.3412e-004 6.6731e-003 2.2375e-003 4.5008e-003 3.4405e-003 3.2659e-003 3.4328e-003 3.6621e-003 1.9848e-003 5.0038e-003 1.6432e-004 5.2893e-003 1.4285e-003 1.0201e-003 3.8002e-003 2.0288e-003 3.1892e-004 4.6610e-004
          48 1.8238e-009 6.8632e-009 5.7019e-008 1.3212e-006 7.5496e-006 3.0501e-004 5.1168e-004 2.3400e-002 1.9511e-003 4.1714e-001 2.4153e-001 5.3429e-004 6.2364e-002 3.5228e-004 4.7726e-005 2.9126e-002 1.8939e-002 2.7831e-002 3.4781e-002 1.0236e-002 1.8212e-002 1.0928e-002 1.7156e-003 5.7702e-003 3.1345e-003 6.3640e-006 9.7808e-004 1.8313e-003 3.3539e-005 5.4143e-005 9.2348e-004 2.9473e-004 3.9489e-004 7.3294e-005 5.7092e-004 2.8363e-004 2.2346e-004 4.2149e-004 1.3700e-005 4.8019e-004 2.4229e-004 4.4085e-006 1.7097e-004 1.7476e-004 1.0459e-005
          49 2.3012e-010 5.3098e-010 6.0267e-009 1.1254e-007 8.3085e-007 2.6368e-005 6.2279e-005 2.0626e-003 4.8254e-004 4.0331e-002 1.6284e-002 2.2918e-003 4.8226e-004 6.4337e-003 1.3360e-002 7.5733e-003 3.3513e-002 1.8428e-003 4.8743e-003 1.2352e-002 4.6379e-003 7.8461e-003 3.9147e-003 5.8336e-003 3.3455e-003 4.7281e-003 5.4757e-003 1.9412e-005 7.8937e-003 3.5576e-004 5.4282e-003 1.3993e-003 5.1265e-003 1.1090e-003 4.9915e-003 3.4438e-004 5.4886e-003 2.3129e-004 3.5831e-003 3.0252e-003 3.6360e-005 2.5423e-003 2.6398e-003 9.4118e-004 3.6323e-008
          50 5.4686e-011 2.7266e-011 9.5982e-010 9.7999e-009 1.4611e-007 2.4493e-006 1.3170e-005 2.0012e-004 2.4411e-004 4.9210e-003 3.1147e-004 3.2847e-003 1.5771e-003 9.5073e-003 1.5147e-002 1.5264e-002 2.1711e-002 2.9253e-003 5.0437e-005 1.1677e-002 7.4970e-003 1.6682e-003 6.0525e-003 7.1324e-003 2.7894e-004 7.3221e-003 3.5709e-003 1.7967e-003 6.9468e-003 2.5565e-004 6.7430e-003 1.1363e-007 6.5678e-003 7.3162e-006 5.9221e-003 3.7734e-004 4.5127e-003 2.3808e-003 1.1656e-003 4.6428e-003 7.9673e-004 7.2369e-004 2.4649e-003 1.6814e-003 1.2037e-003
          51 6.2992e-011 2.1148e-012 8.0865e-010 4.4095e-009 1.3563e-007 1.2398e-006 1.3544e-005 1.0416e-004 3.6452e-004 3.0972e-003 1.2114e-004 6.1365e-003 3.4868e-003 1.3065e-002 1.7049e-002 1.5791e-002 1.7519e-002 9.0771e-004 4.2678e-004 1.4079e-002 5.1920e-003 1.0281e-004 8.9970e-003 4.7320e-003 2.2650e-004 8.6921e-003 1.0009e-003 4.3499e-003 4.2357e-003 2.1985e-003 5.0922e-003 1.0846e-003 5.2297e-003 1.3001e-003 4.0588e-003 2.4527e-003 1.9021e-003 4.5187e-003 4.7993e-007 3.7358e-003 2.7008e-003 8.2362e-006 1.1070e-003 1.4709e-003 2.2655e-004
          52 1.1886e-010 4.9085e-012 1.1671e-009 3.0804e-009 2.1874e-007 1.0768e-006 2.3241e-005 9.1794e-005 7.6798e-004 3.2177e-003 1.8723e-003 1.3280e-002 5.8613e-003 1.8647e-002 1.8615e-002 1.4059e-002 1.3633e-002 2.3843e-005 1.6111e-003 1.6244e-002 1.9236e-003 2.8983e-004 1.1283e-002 1.6648e-003 1.8074e-003 8.1231e-003 9.9131e-006 6.0827e-003 1.3617e-003 4.9584e-003 2.2039e-003 3.5307e-003 2.4437e-003 3.8366e-003 1.3372e-003 4.6363e-003 1.0551e-004 4.8140e-003 1.0587e-003 1.4937e-003 3.8160e-003 9.8195e-004 6.6871e-005 6.2954e-004 7.3761e-004
          53 3.3288e-010 8.9111e-011 2.5607e-009 2.5161e-009 5.4916e-007 1.3685e-006 6.0752e-005 1.1698e-004 2.2726e-003 4.7951e-003 1.1353e-002 3.5862e-002 9.1309e-003 2.8997e-002 1.8286e-002 9.1076e-003 9.3065e-003 3.4216e-003 2.1375e-003 1.7799e-002 3.4461e-005 1.3397e-003 1.1972e-002 1.7716e-005 3.6606e-003 5.3194e-003 1.9261e-003 5.2205e-003 1.2061e-007 6.5598e-003 6.7189e-005 5.2343e-003 1.5957e-004 5.3942e-003 7.5527e-006 4.6460e-003 7.7055e-004 2.6020e-003 3.3114e-003 8.3841e-006 2.7204e-003 2.5749e-003 4.2615e-004 8.5847e-006 2.4671e-006
          54 1.2340e-009 7.4109e-010 7.6421e-009 1.3622e-009 1.9094e-006 2.2233e-006 2.1702e-004 1.8820e-004 8.7363e-003 9.1057e-003 6.3751e-002 1.1557e-001 1.0372e-002 4.4701e-002 9.0917e-003 4.8757e-004 3.4226e-003 2.1821e-002 9.3182e-005 1.5613e-002 1.0067e-002 7.0915e-004 8.0472e-003 6.1919e-003 2.0987e-003 8.2079e-004 7.1011e-003 6.6667e-004 1.8013e-003 3.4551e-003 2.1501e-003 2.4954e-003 1.3773e-003 2.5158e-003 2.4258e-003 9.4586e-004 3.2394e-003 2.0503e-006 2.9696e-003 1.6374e-003 1.1448e-004 1.8724e-003 1.7141e-003 5.7484e-004 3.6189e-005
          55 1.8628e-009 1.7594e-009 9.6892e-009 2.8650e-011 2.8051e-006 1.4557e-006 3.2453e-004 1.2037e-004 1.3597e-002 7.0716e-003 1.2249e-001 1.4575e-001 9.7373e-004 2.1221e-002 1.0195e-003 1.0295e-002 6.8013e-005 3.1681e-002 6.8581e-003 2.4947e-003 2.7536e-002 1.6274e-003 1.8266e-004 1.3925e-002 1.0203e-003 1.2353e-003 3.8301e-003 3.7042e-003 1.7502e-003 3.6030e-004 4.2306e-003 8.0919e-004 2.6907e-003 6.5145e-004 2.4988e-003 1.8796e-003 7.3308e-004 2.7867e-003 5.2252e-005 1.8427e-003 2.0486e-003 1.5652e-004 2.9828e-004 6.5507e-004 4.5292e-004
          56 7.6449e-010 1.1218e-009 3.1923e-009 1.5608e-009 1.1471e-006 1.1645e-007 1.3526e-004 8.6953e-006 5.8542e-003 8.9801e-004 6.3698e-002 4.3813e-002 3.6362e-003 9.1347e-005 1.4963e-002 1.9439e-002 1.2960e-003 8.2057e-003 1.6645e-002 5.3111e-004 1.2298e-002 8.6006e-003 1.7566e-003 3.9976e-003 7.8805e-003 2.0053e-003 8.9997e-005 7.5347e-003 7.3391e-005 4.2824e-003 2.9493e-004 5.3829e-003 4.5307e-005 4.3612e-003 1.5147e-005 4.1837e-003 1.0706e-003 1.7679e-003 3.1818e-003 2.5048e-005 1.9873e-003 2.5473e-003 7.0221e-004 1.4981e-005 5.3810e-008
          57 3.1755e-010 7.4414e-010 9.8070e-010 2.8734e-009 4.9803e-007 1.1244e-008 6.0033e-005 1.4147e-006 2.6568e-003 4.1952e-007 3.4202e-002 9.9256e-003 1.2147e-002 2.9358e-003 2.1434e-002 1.5773e-002 4.6691e-004 7.3969e-004 1.9621e-002 1.0886e-003 3.0280e-003 1.3012e-002 1.7166e-003 1.4973e-004 1.0465e-002 3.3976e-004 2.3940e-003 4.6733e-003 2.2851e-003 3.7423e-003 6.7958e-004 4.7806e-003 1.1843e-003 3.3180e-003 1.8731e-003 1.8454e-003 3.7332e-003 3.8576e-005 3.5670e-003 1.6484e-003 2.1955e-004 2.3230e-003 2.0144e-003 6.6379e-004 7.2747e-005
          58 1.7560e-010 6.6563e-010 3.6150e-010 4.1972e-009 3.1132e-007 1.2925e-007 3.8432e-005 1.2591e-005 1.7129e-003 2.5071e-004 2.5028e-002 1.3979e-003 2.2211e-002 6.7814e-003 2.3162e-002 1.0428e-002 2.9042e-005 1.0083e-004 2.0650e-002 2.4500e-004 2.8227e-004 1.5348e-002 3.5495e-004 4.8059e-004 9.7258e-003 2.3701e-004 4.1381e-003 1.5290e-003 5.1397e-003 1.4294e-003 2.8847e-003 2.1666e-003 3.6815e-003 9.8754e-004 3.9717e-003 1.0896e-004 4.3321e-003 7.6291e-004 1.7242e-003 3.2783e-003 2.7571e-004 8.1874e-004 1.9818e-003 1.2610e-003 4.6408e-004
          59 1.0877e-010 7.0949e-010 1.1776e-010 6.0514e-009 2.4645e-007 3.3554e-007 3.1229e-005 3.1428e-005 1.3810e-003 8.7776e-004 2.2037e-002 1.6839e-004 3.5677e-002 8.8974e-003 2.2181e-002 5.0026e-003 1.4889e-003 1.1064e-003 1.9802e-002 2.7300e-004 1.0323e-004 1.5441e-002 2.4627e-004 1.8564e-003 6.8553e-003 2.5252e-003 3.8179e-003 3.1644e-005 6.6021e-003 2.1148e-005 4.3673e-003 2.0944e-004 5.1186e-003 7.1416e-006 4.1870e-003 5.4748e-004 2.7208e-003 2.7578e-003 1.3458e-004 3.1327e-003 1.7366e-003 9.8009e-007 9.1669e-004 1.1293e-003 4.0890e-004
          60 6.1617e-011 8.1586e-010 1.2821e-011 8.6957e-009 2.2203e-007 6.6623e-007 2.8957e-005 6.1324e-005 1.2521e-003 1.9397e-003 2.1090e-002 4.2447e-003 5.3217e-002 8.3709e-003 1.8184e-002 8.2432e-004 5.6384e-003 1.8932e-003 1.6324e-002 3.5752e-003 6.2758e-004 1.2736e-002 3.3600e-003 2.3892e-003 3.0807e-003 6.5173e-003 1.6875e-003 7.2786e-004 5.4753e-003 1.0646e-003 3.6290e-003 4.3899e-004 4.1145e-003 1.3995e-003 2.2445e-003 2.5540e-003 5.2767e-004 3.8331e-003 5.0665e-004 1.3455e-003 2.8489e-003 7.3443e-004 3.5317e-005 4.1917e-004 2.8716e-004
          61 2.1345e-011 9.0796e-010 1.6019e-011 1.1730e-008 2.0342e-007 1.1324e-006 2.7380e-005 1.0312e-004 1.1402e-003 3.4661e-003 1.9636e-002 1.4847e-002 7.0437e-002 4.7050e-003 1.0997e-002 5.7983e-004 1.1662e-002 1.3591e-003 1.0098e-002 1.1565e-002 5.2412e-004 7.5055e-003 1.0033e-002 1.1676e-003 3.7186e-004 9.5678e-003 7.6422e-006 2.5068e-003 2.2653e-003 4.1526e-003 1.1279e-003 2.5056e-003 1.3456e-003 3.8669e-003 1.5688e-004 3.6949e-003 2.2945e-004 2.4634e-003 2.4842e-003 8.0326e-006 2.0338e-003 2.0769e-003 4.5633e-004 8.2621e-007 1.7105e-005
          62 1.9085e-013 8.5107e-010 1.2891e-010 1.3327e-008 1.6472e-007 1.5617e-006 2.2946e-005 1.4114e-004 9.0426e-004 4.8959e-003 1.5413e-002 2.9794e-002 7.4450e-002 5.0681e-004 3.3227e-003 6.0912e-003 1.5266e-002 1.1533e-004 3.4650e-003 2.0668e-002 2.1404e-008 2.2487e-003 1.6029e-002 3.2254e-006 2.7035e-004 8.2214e-003 1.9247e-003 2.7369e-003 4.5658e-005 5.8951e-003 7.5488e-005 3.5284e-003 2.0552e-005 4.1152e-003 8.5074e-004 2.0943e-003 2.2541e-003 2.6649e-004 3.2042e-003 1.1040e-003 2.7088e-004 1.9215e-003 1.5533e-003 4.9163e-004 9.0513e-005
          63 1.5891e-011 6.0680e-010 2.7637e-010 1.1874e-008 1.0686e-007 1.6714e-006 1.5460e-005 1.5010e-004 5.6249e-004 5.2857e-003 9.1149e-003 4.0303e-002 5.7978e-002 1.3191e-003 2.4764e-005 1.3219e-002 1.2485e-002 7.4738e-004 2.1528e-004 2.3013e-002 1.3285e-003 6.4792e-005 1.5363e-002 2.1846e-003 1.3670e-003 3.5034e-003 6.3376e-003 9.2392e-004 1.0195e-003 3.8460e-003 2.3817e-003 1.8216e-003 1.7125e-003 1.6222e-003 3.3839e-003 1.1260e-004 3.3051e-003 5.3016e-004 1.4245e-003 2.8320e-003 3.7210e-004 4.5339e-004 1.4481e-003 1.0347e-003 3.3298e-004
          64 5.8930e-011 3.3054e-010 3.6077e-010 8.7048e-009 5.6951e-008 1.4806e-006 8.5944e-006 1.3221e-004 2.7730e-004 4.6720e-003 3.9996e-003 4.1786e-002 3.3920e-002 8.1606e-003 1.2911e-003 1.5991e-002 6.3422e-003 4.0193e-003 2.7167e-004 1.7703e-002 5.3211e-003 2.7646e-004 9.5418e-003 6.9602e-003 1.2872e-003 3.6476e-004 8.4880e-003 1.7888e-005 2.7741e-003 8.8984e-004 4.9419e-003 1.0200e-004 3.4000e-003 1.8346e-005 3.9885e-003 6.9818e-004 1.8692e-003 2.4438e-003 2.6686e-005 2.4604e-003 1.9553e-003 7.6275e-005 4.0914e-004 7.4578e-004 3.5414e-004
          65 1.0947e-010 1.4123e-010 3.7385e-010 5.8368e-009 2.7191e-008 1.2187e-006 4.2995e-006 1.0821e-004 1.1440e-004 3.8011e-003 1.2765e-003 3.8159e-002 1.5572e-002 1.7409e-002 3.4563e-003 1.4182e-002 1.7033e-003 8.0783e-003 8.7752e-004 1.0437e-002 1.0211e-002 5.2248e-004 4.0054e-003 1.0982e-002 3.4980e-004 2.0859e-004 7.1555e-003 1.4249e-003 2.8391e-003 1.8892e-005 5.0672e-003 5.4560e-004 2.9726e-003 7.8514e-004 2.3578e-003 2.6593e-003 2.5478e-004 3.1665e-003 6.4716e-004 8.7567e-004 2.6378e-003 1.0717e-003 9.4506e-006 1.7044e-004 1.3932e-004
          66 1.6090e-010 4.1264e-011 3.4883e-010 3.8377e-009 1.2159e-008 1.0058e-006 2.0216e-006 8.8751e-005 3.8095e-005 3.0733e-003 2.0834e-004 3.3465e-002 5.1299e-003 2.6475e-002 4.3866e-003 1.0332e-002 1.9858e-005 1.1293e-002 7.8442e-004 4.8363e-003 1.4276e-002 2.1234e-004 9.5820e-004 1.2597e-002 4.3934e-005 1.2816e-003 4.2482e-003 4.0068e-003 1.5462e-003 9.9795e-004 3.2954e-003 2.4234e-003 1.3538e-003 2.4188e-003 5.6697e-004 3.7652e-003 1.7535e-004 2.2023e-003 2.0999e-003 1.1878e-005 1.8814e-003 2.0388e-003 5.4538e-004 1.4135e-005 6.0272e-006
          67 2.1492e-010 2.7294e-012 3.0726e-010 2.5285e-009 4.9557e-009 8.5572e-007 8.6761e-007 7.4966e-005 7.4265e-006 2.5395e-003 4.7029e-006 2.9148e-002 6.1884e-004 3.4466e-002 3.8335e-003 6.2634e-003 8.0858e-004 1.2956e-002 2.5246e-004 1.5759e-003 1.6670e-002 1.3012e-005 2.3401e-005 1.1830e-002 1.1983e-003 1.9860e-003 1.6149e-003 6.2125e-003 2.7561e-004 2.3634e-003 1.2325e-003 4.1579e-003 1.3951e-004 3.3070e-003 1.2918e-005 3.2821e-003 1.4171e-003 7.3497e-004 2.8792e-003 4.5918e-004 6.5012e-004 2.0772e-003 1.3235e-003 3.4009e-004 4.8420e-005
          68 2.7402e-010 7.4692e-012 2.5682e-010 1.6594e-009 1.6255e-009 7.5175e-007 2.9841e-007 6.5273e-005 1.2245e-009 2.1471e-003 2.4813e-004 2.5327e-002 3.0484e-004 4.0925e-002 2.3052e-003 2.9078e-003 3.2222e-003 1.2830e-002 1.3138e-005 2.0953e-004 1.7059e-002 7.9375e-004 1.7832e-004 9.3606e-003 3.8001e-003 1.7332e-003 1.9226e-004 7.0362e-003 1.0652e-004 2.9613e-003 8.3346e-005 4.6719e-003 2.3072e-004 2.8614e-003 8.0514e-004 1.7812e-003 2.8529e-003 4.6860e-006 2.4243e-003 1.6171e-003 8.1456e-006 1.2721e-003 1.6371e-003 7.9326e-004 2.1357e-004
          69 3.3727e-010 4.8107e-011 1.9917e-010 1.0611e-009 2.7380e-010 6.7322e-007 5.0955e-008 5.7797e-005 5.5973e-006 1.8318e-003 7.4774e-004 2.1681e-002 3.2291e-003 4.5055e-002 6.5270e-004 7.4939e-004 6.3528e-003 1.0928e-002 7.8794e-004 2.3375e-005 1.5385e-002 3.1470e-003 5.0487e-004 6.0799e-003 7.1637e-003 7.9202e-004 1.0680e-004 6.1646e-003 1.4016e-003 2.3867e-003 2.6626e-004 3.7219e-003 1.5768e-003 1.4911e-003 2.1533e-003 3.8208e-004 3.3941e-003 5.2444e-004 1.1713e-003 2.4637e-003 3.8779e-004 3.2912e-004 1.2513e-003 9.7865e-004 3.3986e-004
          70 3.9717e-010 1.2018e-010 1.3639e-010 6.3945e-010 7.8807e-012 6.0109e-007 2.6720e-009 5.0862e-005 1.9121e-005 1.5403e-003 1.3847e-003 1.7853e-002 8.6506e-003 4.5597e-002 1.9336e-005 1.3900e-006 9.1378e-003 7.6343e-003 2.9774e-003 2.8149e-004 1.1961e-002 7.0217e-003 4.6663e-004 2.9693e-003 1.0069e-002 3.5421e-005 8.3817e-004 4.0211e-003 3.6602e-003 1.0738e-003 1.3659e-003 1.9110e-003 3.2942e-003 2.4344e-004 2.9488e-003 3.9436e-005 2.6317e-003 1.8530e-003 1.3860e-004 2.2839e-003 1.3930e-003 9.7429e-006 4.9873e-004 7.3967e-004 3.2472e-004
          71 4.4022e-010 2.1340e-010 7.5730e-011 3.4981e-010 3.3732e-010 5.2258e-007 8.4359e-008 4.3405e-005 3.6431e-005 1.2443e-003 2.0273e-003 1.3752e-002 1.5396e-002 4.1608e-002 1.5524e-003 4.8766e-004 1.0500e-002 3.9214e-003 6.2821e-003 4.0344e-004 7.6857e-003 1.1426e-002 1.1788e-004 8.6876e-004 1.1211e-002 4.6081e-004 1.5017e-003 1.6744e-003 5.6624e-003 7.9395e-005 2.3781e-003 3.8752e-004 4.1754e-003 1.2010e-004 2.5292e-003 8.8731e-004 1.1528e-003 2.8917e-003 1.7172e-004 1.2271e-003 2.1072e-003 5.3390e-004 1.9535e-005 2.8385e-004 1.8377e-004
          72 4.5523e-010 3.0977e-010 2.8577e-011 1.6832e-010 9.1088e-010 4.3649e-007 2.3633e-007 3.5408e-005 5.3253e-005 9.5014e-004 2.5406e-003 9.7054e-003 2.1845e-002 3.3680e-002 5.7202e-003 1.5661e-003 9.9234e-003 1.0914e-003 9.6559e-003 2.1590e-004 3.8340e-003 1.4793e-002 6.0738e-005 4.8790e-005 1.0083e-002 2.4237e-003 1.4502e-003 2.3570e-004 6.2493e-003 3.2236e-004 2.4517e-003 3.5857e-005 3.6148e-003 1.2485e-003 1.2613e-003 2.0976e-003 1.0881e-004 2.7973e-003 1.1926e-003 2.1547e-004 1.9038e-003 1.3672e-003 1.9078e-004 8.7919e-006 3.5120e-005
          73 4.4102e-010 3.9191e-010 3.5133e-012 6.9423e-011 1.4805e-009 3.5044e-007 4.0531e-007 2.7590e-005 6.6446e-005 6.8329e-004 2.8492e-003 6.1906e-003 2.6668e-002 2.3884e-002 1.1964e-002 2.4489e-003 7.7940e-003 5.6431e-006 1.1929e-002 4.3836e-006 1.3006e-003 1.5992e-002 9.6049e-004 9.0526e-005 7.3542e-003 5.3010e-003 7.6746e-004 7.1308e-005 5.2001e-003 1.8232e-003 1.5837e-003 7.9097e-004 2.0904e-003 2.7849e-003 1.9058e-004 2.6488e-003 1.8838e-004 1.7201e-003 2.3066e-003 6.5912e-005 1.0138e-003 1.7614e-003 7.8808e-004 1.1910e-004 7.1316e-006
          74 4.0235e-010 4.4774e-010 2.1691e-012 2.3875e-011 1.9112e-009 2.7121e-007 5.5320e-007 2.0558e-005 7.4481e-005 4.6101e-004 2.9392e-003 3.4846e-003 2.9169e-002 1.4418e-002 1.9007e-002 2.6300e-003 5.0019e-003 6.7678e-004 1.2398e-002 2.3465e-004 1.8148e-004 1.4819e-002 3.0373e-003 3.2835e-004 4.2376e-003 7.9366e-003 1.0139e-004 7.1139e-004 3.2124e-003 3.7641e-003 4.9418e-004 1.8500e-003 6.2657e-004 3.6817e-003 1.0106e-004 2.1736e-003 1.1303e-003 5.2188e-004 2.6576e-003 8.0515e-004 1.9352e-004 1.4313e-003 1.2689e-003 4.7198e-004 1.0194e-004
          75 3.4662e-010 4.7095e-010 2.0155e-011 6.9317e-012 2.1549e-009 2.0296e-007 6.5748e-007 1.4665e-005 7.7049e-005 2.9001e-004 2.8350e-003 1.6500e-003 2.9229e-002 6.9207e-003 2.5295e-002 2.0644e-003 2.4624e-003 2.4454e-003 1.1035e-002 1.2044e-003 1.1807e-005 1.1889e-002 5.8887e-003 3.4055e-004 1.7736e-003 9.3053e-003 1.2992e-004 1.3675e-003 1.3098e-003 5.1105e-003 3.4668e-007 2.3778e-003 5.9341e-006 3.4364e-003 9.8691e-004 1.1061e-003 2.1010e-003 2.0208e-006 2.0655e-003 1.7854e-003 3.4166e-005 6.9503e-004 1.2641e-003 7.5509e-004 2.2760e-004
          76 2.8576e-010 4.6720e-010 4.9858e-011 2.1650e-012 2.2488e-009 1.4915e-007 7.1870e-007 1.0148e-005 7.5710e-005 1.7047e-004 2.6174e-003 5.9449e-004 2.7549e-002 2.2150e-003 2.9885e-002 1.1228e-003 7.7859e-004 4.4368e-003 8.5298e-003 2.8696e-003 1.8294e-004 8.3612e-003 8.7934e-003 1.3557e-004 4.1837e-004 9.1303e-003 1.1033e-003 1.5200e-003 2.1362e-004 5.3251e-003 4.4888e-004 2.0959e-003 3.2406e-004 2.3522e-003 2.2115e-003 2.2377e-004 2.4324e-003 3.4144e-004 1.0417e-003 2.3140e-003 5.4869e-004 1.1725e-004 8.3984e-004 7.7190e-004 2.9060e-004
          77 2.2809e-010 4.4646e-010 8.4711e-011 1.4706e-012 2.2619e-009 1.0919e-007 7.5045e-007 6.8874e-006 7.2419e-005 9.2754e-005 2.3621e-003 1.1052e-004 2.4982e-002 1.7720e-004 3.2612e-002 2.9445e-004 5.6511e-005 6.0268e-003 5.7020e-003 4.9644e-003 2.8945e-004 5.1530e-003 1.1162e-002 2.8543e-007 5.8410e-006 7.7746e-003 2.8123e-003 1.1397e-003 2.6130e-005 4.5188e-003 1.6294e-003 1.2855e-003 1.1428e-003 1.0964e-003 3.0970e-003 2.3348e-005 2.0203e-003 1.1601e-003 2.3196e-004 2.1439e-003 1.3233e-003 3.1521e-005 3.2414e-004 5.5037e-004 2.5515e-004
          78 1.7509e-010 4.1188e-010 1.1928e-010 2.7619e-012 2.2258e-009 7.9501e-008 7.5801e-007 4.5573e-006 6.7799e-005 4.4645e-005 2.0906e-003 1.4850e-006 2.1880e-002 3.0736e-004 3.3298e-002 5.5621e-006 1.0826e-004 6.8469e-003 3.1266e-003 7.0826e-003 2.1294e-004 2.6856e-003 1.2523e-002 2.6507e-004 1.1595e-004 5.7503e-003 4.7737e-003 5.1482e-004 4.4304e-004 3.1082e-003 3.0304e-003 4.3947e-004 1.8968e-003 2.2607e-004 3.2486e-003 5.4377e-004 1.1713e-003 1.9056e-003 7.9105e-006 1.4439e-003 1.8787e-003 4.1671e-004 2.2953e-005 2.4668e-004 1.5357e-004
          79 1.2894e-010 3.6938e-010 1.5021e-010 7.0264e-012 2.1780e-009 5.7882e-008 7.5121e-007 2.9388e-006 6.2755e-005 1.7398e-005 1.8304e-003 1.2158e-004 1.8670e-002 2.0361e-003 3.2237e-002 5.6699e-004 6.2714e-004 6.8416e-003 1.2351e-003 8.8552e-003 5.3451e-005 1.1059e-003 1.2755e-002 1.1438e-003 3.4193e-004 3.6602e-003 6.4753e-003 5.7911e-005 1.0223e-003 1.6515e-003 4.1301e-003 1.1724e-005 2.1953e-003 9.9585e-006 2.6913e-003 1.4703e-003 3.7444e-004 2.1851e-003 3.7130e-004 6.3411e-004 1.9469e-003 1.0037e-003 7.1850e-005 3.6859e-005 5.2680e-005
          80 8.9824e-011 3.2218e-010 1.7545e-010 1.6340e-011 2.1380e-009 4.2085e-008 7.3572e-007 1.8271e-006 5.7675e-005 4.0915e-006 1.5901e-003 3.7003e-004 1.5557e-002 4.8426e-003 2.9749e-002 2.1472e-003 1.2977e-003 6.1338e-003 2.0335e-004 1.0010e-002 1.4046e-005 2.9303e-004 1.1952e-002 2.6750e-003 4.3057e-004 1.9192e-003 7.5400e-003 9.5912e-005 1.4006e-003 5.6346e-004 4.5951e-003 2.1826e-004 1.9404e-003 3.8054e-004 1.7288e-003 2.3653e-003 6.0428e-006 1.9071e-003 1.0459e-003 9.8157e-005 1.5440e-003 1.4739e-003 4.0432e-004 1.6171e-005 1.8874e-006
          81 5.7239e-011 2.7014e-010 1.9184e-010 3.2418e-011 2.0961e-009 3.0209e-008 7.0826e-007 1.0667e-006 5.2262e-005 3.1092e-008 1.3596e-003 6.7470e-004 1.2544e-002 8.2060e-003 2.5942e-002 4.7350e-003 1.8408e-003 4.9005e-003 3.3437e-005 1.0291e-002 3.0270e-004 1.7326e-005 1.0262e-002 4.6778e-003 3.1602e-004 7.3476e-004 7.7093e-003 7.7147e-004 1.3849e-003 4.5516e-005 4.2962e-003 1.0053e-003 1.2804e-003 1.0459e-003 7.5886e-004 2.8387e-003 2.0589e-004 1.2364e-003 1.6506e-003 3.3228e-005 8.8875e-004 1.5969e-003 8.2324e-004 1.7486e-004 2.0516e-005
          82 3.1899e-011 2.1698e-010 1.9868e-010 5.6030e-011 2.0605e-009 2.1353e-008 6.7267e-007 5.6822e-007 4.6811e-005 1.9516e-006 1.1462e-003 9.8567e-004 9.7854e-003 1.1676e-002 2.1344e-002 8.1512e-003 2.0790e-003 3.4515e-003 5.7539e-004 9.7050e-003 1.0482e-003 2.5076e-005 8.0843e-003 6.8355e-003 1.0568e-004 1.4084e-004 7.0339e-003 1.9981e-003 1.0145e-003 7.4541e-005 3.4041e-003 2.0965e-003 5.4771e-004 1.6455e-003 1.3721e-004 2.7349e-003 8.4904e-004 5.1658e-004 1.8980e-003 3.9426e-004 2.9938e-004 1.3453e-003 1.1169e-003 4.1720e-004 9.3470e-005
          83 1.3869e-011 1.6338e-010 1.9315e-010 8.5248e-011 2.0025e-009 1.4583e-008 6.2195e-007 2.5730e-007 4.0872e-005 7.2925e-006 9.3903e-004 1.2499e-003 7.2600e-003 1.4651e-002 1.6231e-002 1.1891e-002 1.9279e-003 2.0458e-003 1.5415e-003 8.2846e-003 2.2168e-003 1.0152e-004 5.7359e-003 8.6477e-003 5.1241e-007 5.6196e-007 5.6708e-003 3.4532e-003 4.8891e-004 4.3751e-004 2.2116e-003 3.0790e-003 7.1935e-005 1.8840e-003 1.6017e-005 2.1153e-003 1.6119e-003 6.5526e-005 1.6815e-003 9.3659e-004 1.2561e-005 8.5235e-004 1.1441e-003 6.1145e-004 1.7691e-004
          84 3.5293e-012 1.1387e-010 1.7592e-010 1.1544e-010 1.9105e-009 9.5493e-009 5.5728e-007 8.7474e-008 3.4640e-005 1.3757e-005 7.4451e-004 1.4255e-003 5.0922e-003 1.6611e-002 1.1267e-002 1.5238e-002 1.4663e-003 9.5075e-004 2.5529e-003 6.3603e-003 3.5735e-003 1.2353e-004 3.6296e-003 9.6695e-003 1.8244e-004 9.3765e-005 4.0201e-003 4.6870e-003 9.2990e-005 8.3587e-004 1.1139e-003 3.5930e-003 4.5616e-005 1.6821e-003 3.0540e-004 1.2789e-003 2.1346e-003 4.1217e-005 1.1479e-003 1.3523e-003 8.6364e-005 3.6354e-004 9.1789e-004 6.6410e-004 2.2596e-004
