   v'->v''           0           1           2           3           4           5           6           7           8           9          10
           0 1.0655e-002 9.5598e-001 2.0870e-002 1.2122e-002 3.5037e-004 1.9433e-005 3.7031e-006 2.2476e-006 7.8944e-007 1.3101e-007 8.8719e-009
           1 1.2706e-002 2.4587e-002 2.7078e-001 5.6990e-001 1.0243e-001 1.8524e-002 1.0279e-003 2.3216e-005 2.1599e-006 4.1038e-006 3.7130e-006
           2 4.3538e-002 7.4441e-004 1.6090e-001 1.1670e-003 2.7693e-001 3.5897e-001 1.2779e-001 2.6525e-002 3.1851e-003 1.9419e-004 3.3347e-006
           3 1.3796e-001 3.0923e-004 1.0219e-001 4.1146e-002 7.8877e-002 2.0173e-002 2.0258e-001 2.2671e-001 1.2210e-001 4.3975e-002 1.2670e-002
           4 2.8755e-001 3.6231e-003 2.0012e-002 5.3031e-002 1.9384e-003 7.1612e-002 8.0054e-003 3.7472e-002 1.2137e-001 1.2210e-001 7.0286e-002
           5 3.2912e-001 7.6731e-003 2.8673e-002 2.7574e-003 5.7474e-002 1.6055e-003 4.2653e-002 3.7025e-002 5.5252e-004 1.4759e-002 2.6844e-002
           6 1.6090e-001 5.9346e-003 1.9002e-001 6.4649e-002 1.0515e-002 4.4365e-002 1.1908e-002 1.1837e-002 3.5604e-002 1.8637e-002 3.3348e-003
           7 1.6434e-002 1.1775e-003 1.7833e-001 1.7648e-001 9.4264e-002 1.0203e-002 3.6191e-002 2.3377e-002 1.1833e-004 1.2444e-002 1.3672e-002
           8 6.3118e-004 2.6110e-007 2.7508e-002 7.6436e-002 2.8212e-001 1.1718e-001 1.7133e-002 2.2405e-002 2.9501e-002 5.5863e-003 1.0032e-006
           9 1.6159e-004 1.6610e-005 4.4084e-004 1.1834e-003 9.3907e-002 2.9338e-001 1.3887e-001 3.0469e-002 9.2109e-003 2.4974e-002 1.2831e-002
          10 1.8931e-004 4.8154e-006 1.3177e-004 7.7020e-004 4.4821e-005 6.3028e-002 3.5239e-001 1.2298e-001 5.3912e-002 5.9950e-005 7.5080e-003
          11 1.6152e-005 7.3667e-009 2.3690e-004 1.7978e-004 3.7491e-004 3.0957e-004 6.0356e-002 3.8791e-001 7.9588e-002 8.3273e-002 1.2594e-002
          12 8.0831e-006 9.9340e-007 4.7944e-005 6.0166e-007 4.8075e-004 1.7645e-005 2.0257e-004 7.1313e-002 4.2246e-001 1.2163e-002 6.1960e-002
          13 1.6514e-005 6.7198e-007 2.2822e-007 3.9022e-005 1.0138e-004 2.1695e-004 5.6223e-004 2.2433e-004 1.1294e-001 3.8781e-001 2.9077e-002
          14 7.7093e-006 1.0729e-007 1.1907e-005 3.0840e-005 6.8857e-008 2.0562e-004 7.8933e-006 1.4333e-003 6.0093e-003 2.1808e-001 1.4278e-001
          15 1.4062e-006 7.4131e-011 1.3312e-005 1.0972e-005 1.5680e-005 7.4806e-005 1.0842e-004 5.9200e-005 3.0858e-003 4.3870e-002 3.0039e-001
          16 5.5441e-010 1.7771e-008 7.2268e-006 1.6000e-006 2.4694e-005 1.4069e-005 1.0836e-004 2.1852e-006 1.2449e-004 1.1686e-002 1.9547e-001
          17 3.6614e-007 3.2468e-008 2.4310e-006 8.7715e-009 1.9082e-005 1.7677e-007 7.0739e-005 3.1055e-005 4.1226e-005 1.6060e-005 9.0918e-002
          18 6.6509e-007 3.1883e-008 4.9926e-007 5.6426e-007 1.0405e-005 1.6443e-006 3.3762e-005 4.3920e-005 3.1441e-006 1.4730e-004 1.6189e-002
          19 5.8905e-007 2.2717e-008 4.5157e-008 8.1463e-007 4.6069e-006 3.1326e-006 1.3092e-005 3.3450e-005 8.9956e-007 3.4868e-005 3.2336e-003
          20 3.2081e-007 1.1304e-008 3.7579e-011 5.3216e-007 1.6473e-006 2.2020e-006 4.2087e-006 1.6695e-005 2.1445e-006 6.0075e-006 7.5035e-006
          21 9.2872e-008 3.1741e-009 6.5041e-010 1.6360e-007 4.0067e-007 6.9148e-007 9.7340e-007 4.6780e-006 8.4551e-007 1.1265e-006 3.1121e-006
