   v'->v''           0           1           2           3           4           5           6           7           8           9          10          11          12          13          14          15          16
           0 9.9367e-001 6.3204e-003 4.8213e-006 1.5582e-008 9.7319e-009 9.5773e-009 1.3031e-008 9.7937e-010 3.0678e-009 8.0965e-010 1.9372e-009 1.5017e-012 8.7773e-010 7.9251e-010 1.2859e-010 9.5151e-012 7.6221e-011
           1 6.1981e-003 9.8061e-001 1.3173e-002 1.7949e-005 8.0514e-008 1.4807e-008 3.8957e-009 1.3526e-008 3.0099e-009 1.0678e-009 2.1919e-009 8.9985e-010 3.2676e-010 1.0829e-009 3.6552e-010 2.6023e-012 4.8289e-011
           2 1.2323e-004 1.2649e-002 9.6676e-001 2.0425e-002 4.6103e-005 2.2300e-007 2.6031e-008 6.1149e-010 1.3062e-008 3.2207e-009 2.5066e-010 2.4155e-009 4.3482e-010 4.5474e-010 8.5345e-010 2.6209e-010 1.3468e-011
           3 4.2128e-006 3.9946e-004 1.9153e-002 9.5246e-001 2.7880e-002 1.0179e-004 5.0758e-007 4.6978e-008 7.9182e-011 1.5720e-008 2.5765e-009 1.0111e-010 2.4978e-009 5.5556e-010 2.3962e-010 6.7626e-010 3.4017e-010
           4 1.9171e-007 1.8866e-005 8.5643e-004 2.5450e-002 9.3819e-001 3.5271e-002 2.0803e-004 1.0891e-006 9.7133e-008 6.3320e-011 4.0580e-008 2.5405e-009 1.9096e-009 3.2489e-009 3.5914e-009 2.5570e-010 1.1876e-010
           5 2.8817e-008 1.1206e-006 5.2419e-005 1.5181e-003 3.1232e-002 9.2457e-001 4.2215e-002 4.0544e-004 2.5685e-006 1.2782e-007 6.6871e-009 3.1022e-008 1.8762e-010 1.2559e-010 2.0471e-009 2.0407e-009 4.6750e-010
           6 7.1777e-012 1.7472e-007 3.9284e-006 1.1517e-004 2.3975e-003 3.6107e-002 9.1242e-001 4.8185e-002 7.6636e-004 6.4982e-006 1.8456e-007 3.3254e-008 1.9019e-008 2.0108e-009 1.2350e-009 1.2724e-009 5.8550e-010
           7 4.5883e-010 1.2677e-009 6.3037e-007 1.0964e-005 2.2158e-004 3.4979e-003 3.9617e-002 9.0275e-001 5.2467e-002 1.4149e-003 1.7526e-005 4.7521e-007 1.0068e-008 8.3232e-008 9.7144e-009 1.7859e-010 6.1231e-011
           8 8.9244e-010 2.8029e-009 1.9414e-008 1.6149e-006 2.4700e-005 3.8477e-004 4.8008e-003 4.1233e-002 8.9684e-001 5.4111e-002 2.5485e-003 5.1609e-005 1.3148e-006 2.6586e-008 8.5186e-008 3.0194e-008 3.0473e-009
           9 3.0922e-011 4.2144e-009 1.2126e-008 1.4385e-007 4.2699e-006 5.0975e-005 6.2029e-004 6.2634e-003 4.0371e-002 8.9618e-001 5.1890e-002 4.4540e-003 1.5768e-004 5.3393e-006 1.6793e-007 7.8328e-008 3.7497e-008
          10 3.1537e-010 1.2004e-011 1.2296e-008 5.0962e-008 4.5680e-007 9.3371e-006 9.6254e-005 9.4280e-004 7.8184e-003 3.6440e-002 9.0229e-001 4.4443e-002 7.4442e-003 4.7924e-004 2.9550e-005 1.5767e-006 2.0252e-007
          11 5.0517e-012 1.0036e-009 7.8129e-011 1.9140e-008 1.4481e-007 1.4163e-006 1.9053e-005 1.6749e-004 1.3572e-003 9.3780e-003 2.9043e-002 9.1612e-001 3.0852e-002 1.1475e-002 1.3990e-003 1.5976e-004 2.0891e-005
          12 1.4532e-010 4.1815e-011 1.5125e-009 5.9855e-010 6.7980e-008 4.2128e-007 3.7361e-006 3.7892e-005 2.7520e-004 1.8506e-003 1.0842e-002 1.8372e-002 9.3618e-001 1.2728e-002 1.5012e-002 3.5182e-003 7.1965e-004
          13 1.5216e-010 4.2974e-010 1.1335e-010 1.1108e-010 7.3531e-009 1.5707e-007 1.1119e-006 8.3843e-006 7.0493e-005 4.3348e-004 2.4004e-003 1.2170e-002 6.4219e-003 9.5336e-001 7.3406e-005 1.2963e-002 5.7077e-003
          14 1.7109e-011 5.9395e-010 6.8558e-010 1.4371e-010 1.1551e-011 2.9580e-008 3.7651e-007 2.6481e-006 1.7788e-005 1.2006e-004 6.3884e-004 2.9378e-003 1.3529e-002 2.9986e-005 9.3704e-001 2.2754e-002 1.6080e-003
          15 1.4817e-011 1.4194e-010 1.2352e-009 1.0009e-009 1.5030e-011 3.4294e-009 1.0167e-007 1.0207e-006 5.9853e-006 3.6590e-005 1.9955e-004 8.8433e-004 3.3457e-003 1.5732e-002 1.8418e-002 8.0474e-001 1.1677e-001
          16 5.9490e-011 4.4025e-012 5.1175e-010 8.7736e-010 1.1625e-009 1.6431e-009 2.8311e-008 3.4757e-007 2.5072e-006 1.3447e-005 6.8073e-005 3.1236e-004 1.1324e-003 3.4205e-003 2.1819e-002 1.0603e-001 4.0905e-001
          17 6.1783e-011 1.0656e-010 3.3834e-011 2.7089e-010 2.1331e-009 2.5258e-009 1.2646e-008 1.1238e-007 1.0238e-006 5.5488e-006 2.7282e-005 1.1767e-004 4.5342e-004 1.3175e-003 2.8161e-003 4.5266e-002 2.9345e-001
          18 3.8007e-011 1.5632e-010 3.0928e-011 1.7833e-011 1.6135e-009 2.7601e-009 8.1487e-009 4.3327e-008 4.0252e-007 2.4059e-006 1.2129e-005 5.0523e-005 1.8515e-004 5.8028e-004 1.3235e-003 9.4287e-004 1.6303e-001
          19 1.7130e-011 1.2130e-010 9.8643e-011 6.3573e-012 7.7473e-010 1.9542e-009 5.2115e-009 2.0552e-008 1.6258e-007 1.0657e-006 5.4972e-006 2.3104e-005 8.0848e-005 2.4830e-004 6.0585e-004 1.0183e-003 5.9203e-003
          20 5.8803e-012 6.0073e-011 7.9061e-011 1.6647e-011 2.6759e-010 9.1941e-010 2.5174e-009 9.0577e-009 6.0836e-008 4.1804e-007 2.1694e-006 9.2559e-006 3.2026e-005 9.5572e-005 2.3178e-004 4.2979e-004 1.1720e-003
          21 1.3816e-012 1.6658e-011 2.5751e-011 6.8373e-012 6.2568e-011 2.4935e-010 7.0101e-010 2.4864e-009 1.5523e-008 1.0814e-007 5.6104e-007 2.4093e-006 8.3374e-006 2.4613e-005 5.9307e-005 1.0853e-004 1.7090e-004
