   v'->v''           0           1           2           3           4           5           6           7           8           9          10          11          12          13          14          15          16          17          18          19          20          21          22          23          24
           0 9.9953e-001 3.1806e-004 1.0865e-004 3.6641e-005 4.1912e-006 3.7001e-008 3.5418e-007 4.1977e-007 2.3094e-007 2.7471e-008 4.1969e-009 1.9119e-008 1.6059e-008 1.0583e-008 7.9844e-009 6.3527e-009 4.3725e-009 2.3037e-009 8.7786e-010 2.3727e-010 5.9420e-011 1.3239e-011 1.6772e-012 1.7271e-014 4.7618e-014
           1 3.1083e-004 9.9882e-001 6.8487e-004 1.1882e-004 5.8269e-005 9.7471e-006 1.9563e-007 1.6433e-007 5.2616e-007 3.6055e-007 9.2957e-008 1.0590e-008 4.7329e-011 2.6823e-009 9.5655e-009 1.5209e-008 1.5274e-008 1.1082e-008 6.3413e-009 3.0003e-009 1.5042e-009 8.7099e-010 5.0350e-010 2.6917e-010 1.0637e-010
           2 1.2242e-004 6.5775e-004 9.9764e-001 1.3934e-003 8.2519e-005 7.5471e-005 2.0432e-005 1.9984e-006 2.1867e-008 3.3978e-007 4.7521e-007 2.3114e-007 9.4253e-008 4.1569e-008 1.2019e-008 2.1475e-010 3.2659e-009 8.5916e-009 9.3995e-009 6.6525e-009 4.3018e-009 2.9973e-009 1.9881e-009 1.1673e-009 4.8575e-010
           3 3.1433e-005 1.5058e-004 1.3486e-003 9.9609e-001 2.2070e-003 4.4553e-005 8.6498e-005 3.2697e-005 6.0816e-006 6.3575e-007 7.5106e-008 3.6790e-007 3.1694e-007 2.3049e-007 1.5667e-007 7.9999e-008 2.6337e-008 4.4685e-009 9.4285e-011 2.0610e-010 4.2480e-010 4.7897e-010 4.1363e-010 2.8197e-010 1.2632e-010
           4 2.6528e-006 4.9879e-005 1.3005e-004 2.1482e-003 9.9447e-001 3.0419e-003 1.2647e-005 8.5477e-005 4.3256e-005 1.1832e-005 2.3986e-006 4.7725e-008 1.1745e-007 2.3800e-007 2.7905e-007 2.5654e-007 1.7799e-007 9.6207e-008 4.3947e-008 1.8042e-008 8.4144e-009 4.6931e-009 2.6655e-009 1.4154e-009 5.5835e-010
           5 1.4990e-009 6.4338e-006 6.7052e-005 1.0099e-004 2.9824e-003 9.9280e-001 3.8912e-003 7.1204e-008 7.3379e-005 5.1234e-005 1.8011e-005 5.8641e-006 7.2959e-007 2.2682e-009 5.5885e-008 1.4940e-007 2.2534e-007 2.2507e-007 1.6363e-007 9.2620e-008 5.2845e-008 3.3945e-008 2.1320e-008 1.2098e-008 4.9454e-009
           6 4.9209e-007 1.9082e-007 1.3970e-005 8.2231e-005 6.3609e-005 3.8545e-003 9.9115e-001 4.6653e-003 2.1103e-005 5.4754e-005 5.4287e-005 2.4527e-005 1.0426e-005 2.4657e-006 3.6505e-007 2.6048e-008 1.2189e-008 8.3272e-008 1.2620e-007 1.0525e-007 7.4130e-008 5.4487e-008 3.7442e-008 2.2479e-008 9.4635e-009
           7 3.0054e-007 3.3327e-007 1.4826e-006 2.3115e-005 8.9381e-005 2.5998e-005 4.6814e-003 9.8971e-001 5.2423e-003 8.6318e-005 3.3436e-005 5.1172e-005 3.0439e-005 1.4954e-005 5.2806e-006 1.6579e-006 4.6423e-007 7.6459e-008 8.1103e-010 6.4956e-009 1.1955e-008 1.3255e-008 1.1429e-008 7.8038e-009 3.5013e-009
           8 9.7095e-008 3.1837e-007 2.0427e-008 4.3973e-006 3.2101e-005 8.8551e-005 2.3421e-006 5.3409e-003 9.8870e-001 5.5030e-003 2.0482e-004 1.3357e-005 4.3604e-005 3.2504e-005 1.9415e-005 8.7374e-006 3.7353e-006 1.5948e-006 6.1864e-007 2.0995e-007 8.0173e-008 3.6487e-008 1.7109e-008 7.7839e-009 2.7931e-009
           9 2.1261e-008 1.8983e-007 2.0829e-007 1.0869e-007 8.4733e-006 3.9829e-005 8.0761e-005 7.4355e-006 5.7041e-003 9.8834e-001 5.3231e-003 3.8459e-004 1.0652e-006 3.1265e-005 3.1220e-005 2.2169e-005 1.1862e-005 6.0729e-006 3.1452e-006 1.5072e-006 7.8341e-007 4.7068e-007 2.8104e-007 1.5393e-007 6.1692e-008
          10 4.3993e-011 9.4765e-008 2.9221e-007 4.4490e-008 8.6877e-007 1.3811e-005 4.5870e-005 6.6255e-005 6.0907e-005 5.6283e-003 9.8884e-001 4.6046e-003 6.3119e-004 3.5463e-006 1.5762e-005 2.5058e-005 2.2641e-005 1.4059e-005 7.7869e-006 4.0234e-006 2.2591e-006 1.4558e-006 9.2103e-007 5.2586e-007 2.1575e-007
          11 1.3995e-008 1.4479e-008 2.2192e-007 2.4376e-007 2.8441e-008 2.5100e-006 1.9729e-005 4.9550e-005 4.6111e-005 1.8963e-004 4.9760e-003 9.9040e-001 3.2098e-003 9.9192e-004 2.2765e-005 4.3979e-006 1.3643e-005 1.7388e-005 1.2914e-005 7.3894e-006 4.3679e-006 2.9276e-006 1.9114e-006 1.1162e-006 4.6376e-007
          12 2.3916e-008 1.6123e-009 8.1728e-008 3.3210e-007 9.4228e-008 4.6155e-007 5.1869e-006 2.4853e-005 4.8893e-005 2.2181e-005 4.2818e-004 3.5441e-003 9.9308e-001 1.1347e-003 1.5626e-003 6.6316e-005 1.3278e-009 4.9892e-006 9.2866e-006 7.2594e-006 4.7883e-006 3.3865e-006 2.2840e-006 1.3611e-006 5.7171e-007
          13 1.7570e-008 1.2196e-008 1.4599e-008 2.0095e-007 2.8291e-007 2.9056e-009 1.5996e-006 8.9877e-006 2.9326e-005 4.3144e-005 3.3326e-006 8.5644e-004 1.2758e-003 9.9508e-001 4.1936e-005 2.4472e-003 1.3308e-004 6.1121e-006 3.1013e-009 1.5179e-006 2.0456e-006 1.9195e-006 1.4834e-006 9.4656e-007 4.1023e-007
          14 8.1773e-009 1.2525e-008 9.1065e-010 7.7338e-008 2.4836e-007 1.1133e-007 2.8822e-007 3.5467e-006 1.2720e-005 3.1365e-005 2.9014e-005 4.5556e-006 1.5352e-003 6.1229e-005 9.8812e-001 5.6644e-003 4.2114e-003 2.3858e-004 2.2356e-005 3.2132e-006 3.7092e-007 1.0648e-008 1.3988e-008 3.3311e-008 2.1822e-008
          15 2.9258e-009 8.0315e-009 8.3123e-011 2.7230e-008 1.4311e-007 1.8286e-007 8.7727e-010 1.1509e-006 6.0968e-006 1.6249e-005 2.8911e-005 1.3037e-005 8.2181e-005 2.1365e-003 7.0852e-003 9.4864e-001 3.3771e-002 7.6117e-003 4.9171e-004 4.6538e-005 1.1797e-005 4.5023e-006 1.9249e-006 8.3737e-007 2.9525e-007
          16 9.4191e-010 4.7370e-009 7.1927e-010 1.1101e-008 7.8555e-008 1.4498e-007 3.7071e-008 2.6597e-007 2.8316e-006 8.7314e-006 1.8241e-005 1.9383e-005 1.6737e-007 3.8214e-004 1.5910e-003 4.0588e-002 8.3638e-001 1.0720e-001 1.1784e-002 1.6420e-003 2.3468e-004 5.6349e-005 1.8016e-005 6.6452e-006 2.1660e-006
          17 3.0906e-010 3.0531e-009 1.3323e-009 5.2786e-009 4.8066e-008 1.0059e-007 6.1801e-008 4.4142e-008 1.2335e-006 4.9249e-006 1.1447e-005 1.5444e-005 8.4353e-006 3.8773e-005 1.0304e-003 1.0533e-005 1.1403e-001 6.5550e-001 2.1591e-001 5.5342e-003 4.5452e-003 1.8206e-003 6.9997e-004 2.7194e-004 8.9095e-005
          18 1.0505e-010 2.1938e-009 1.8062e-009 2.6107e-009 3.2533e-008 7.2837e-008 6.1107e-008 3.2315e-009 5.3242e-007 2.8436e-006 7.5342e-006 1.1630e-005 1.0561e-005 5.0588e-007 3.0616e-004 9.4999e-004 9.1149e-003 1.7782e-001 5.1546e-001 2.8096e-001 6.1677e-003 4.4196e-004 1.4128e-003 1.0891e-003 4.7719e-004
          19 3.4429e-011 1.6330e-009 2.0242e-009 1.1786e-009 2.2406e-008 5.4189e-008 5.1853e-008 3.4952e-010 2.3088e-007 1.6312e-006 4.8886e-006 8.6073e-006 9.1048e-006 1.5754e-006 6.9978e-005 7.6218e-004 8.5300e-005 4.0754e-002 1.5023e-001 5.4908e-001 1.9154e-001 4.8608e-002 9.7548e-003 1.9005e-003 3.5214e-004
          20 1.0065e-011 1.1635e-009 1.8769e-009 4.4809e-010 1.4634e-008 3.8796e-008 3.9795e-008 2.7150e-009 1.0090e-007 9.1040e-007 2.9945e-006 5.9427e-006 6.7969e-006 2.9832e-006 1.3680e-005 3.6410e-004 2.3253e-004 7.5274e-003 6.2180e-002 5.1137e-002 7.1461e-001 6.7580e-002 4.1307e-002 1.8446e-002 6.2800e-003
          21 2.4635e-012 7.1219e-010 1.3482e-009 1.3810e-010 8.2913e-009 2.3933e-008 2.5683e-008 3.3962e-009 4.2529e-008 4.6338e-007 1.6173e-006 3.5042e-006 4.2366e-006 2.4694e-006 2.3580e-006 1.4560e-004 2.9909e-004 1.1775e-003 2.1055e-002 3.6852e-002 4.2525e-003 8.2451e-001 4.3771e-002 1.0620e-002 4.9992e-003
          22 4.8821e-013 2.9309e-010 6.0090e-010 3.3095e-011 3.2514e-009 9.9067e-009 1.0910e-008 1.8627e-009 1.4136e-008 1.7206e-007 6.1871e-007 1.4057e-006 1.7557e-006 1.1351e-006 3.6695e-007 4.5588e-005 1.4059e-004 1.7139e-004 5.8248e-003 1.3489e-002 5.3518e-003 4.4190e-003 7.2560e-001 2.1891e-001 1.0120e-003
