   v'->v''           0           1           2           3           4           5           6           7           8           9          10          11
           0 9.4177e-001 5.5117e-002 2.9219e-003 1.8130e-004 1.2021e-005 1.2493e-006 1.8812e-007 1.4463e-008 9.1813e-009 4.6159e-009 2.4611e-009 1.2662e-009
           1 5.6990e-002 8.1119e-001 1.1917e-001 1.1366e-002 1.1244e-003 1.2666e-004 1.8810e-005 1.7260e-006 1.1756e-006 6.3501e-007 3.5765e-007 1.9115e-007
           2 1.2264e-003 1.2813e-001 6.4811e-001 1.8753e-001 2.9432e-002 4.4639e-003 7.5691e-004 7.1831e-005 4.9233e-005 2.6741e-005 1.5120e-005 8.1023e-006
           3 1.2697e-005 5.4456e-003 2.1275e-001 4.5225e-001 2.4683e-001 6.1502e-002 1.3496e-002 1.4177e-003 9.9028e-004 5.4625e-004 3.1196e-004 1.6822e-004
           4 1.8205e-007 1.1214e-004 1.6379e-002 3.0325e-001 2.3576e-001 2.6336e-001 9.9285e-002 1.2646e-002 9.1520e-003 5.1958e-003 3.0230e-003 1.6491e-003
           5 1.5788e-009 2.3406e-006 6.4178e-004 4.2131e-002 3.7355e-001 4.8984e-002 1.6791e-001 3.5215e-002 2.7726e-002 1.6834e-002 1.0222e-002 5.7260e-003
           6 1.0856e-008 3.2583e-008 2.3840e-005 3.0881e-003 9.7869e-002 3.5403e-001 1.3239e-002 2.5157e-003 3.7553e-003 3.4162e-003 2.5978e-003 1.6559e-003
           7 5.6156e-009 9.4954e-009 7.4688e-007 2.0021e-004 1.3655e-002 1.9704e-001 1.4465e-001 3.8627e-002 2.9034e-002 1.6559e-002 9.5279e-003 5.1294e-003
           8 4.4909e-009 1.8417e-008 1.4407e-009 1.1061e-005 1.5760e-003 5.5637e-002 2.5324e-001 7.3204e-003 1.9682e-003 1.8609e-004 3.2224e-008 2.7557e-005
           9 3.5156e-009 1.2573e-008 1.6507e-008 4.4182e-007 1.5234e-004 1.2235e-002 1.7207e-001 6.8016e-003 1.2100e-002 1.1248e-002 8.3861e-003 5.2236e-003
          10 9.8062e-010 5.4547e-010 2.3551e-008 7.6111e-009 1.2011e-005 2.2478e-003 8.3821e-002 4.3842e-002 4.1628e-002 2.6372e-002 1.5670e-002 8.4881e-003
          11 1.6069e-009 4.4113e-009 2.8921e-009 2.7742e-009 7.7122e-007 3.5392e-004 3.3922e-002 8.3502e-002 5.6079e-002 2.5675e-002 1.1846e-002 5.3284e-003
          12 7.9887e-014 1.2268e-010 3.8912e-009 6.5162e-009 2.0465e-008 4.8624e-005 1.2115e-002 1.1117e-001 4.8822e-002 1.2961e-002 3.2787e-003 7.8118e-004
          13 3.1437e-010 1.6116e-009 1.9752e-009 1.4307e-009 5.6432e-009 5.5573e-006 3.9108e-003 1.2647e-001 2.7780e-002 1.2853e-003 2.4330e-004 9.1309e-004
          14 2.6792e-011 5.8352e-010 2.5524e-009 9.5535e-010 1.1217e-008 4.5623e-007 1.1300e-003 1.3172e-001 6.2292e-003 3.8462e-003 8.9655e-003 7.6183e-003
          15 1.9546e-010 2.3247e-010 3.8159e-011 5.5756e-010 6.7907e-010 1.2153e-008 2.8111e-004 1.2733e-001 1.5960e-003 2.6797e-002 2.5369e-002 1.5484e-002
          16 5.3443e-010 1.3125e-009 1.6251e-009 7.2563e-010 2.7341e-009 5.8792e-009 5.4964e-005 1.1245e-001 3.4204e-002 5.8219e-002 3.1904e-002 1.3669e-002
          17 4.4182e-010 1.1384e-009 1.3289e-009 9.5706e-012 2.8314e-012 5.0695e-009 6.2123e-006 8.6682e-002 1.1681e-001 6.0935e-002 1.2786e-002 1.6381e-003
          18 1.8986e-010 4.3919e-010 3.1295e-010 1.5316e-010 8.6152e-010 5.8321e-010 1.0749e-008 5.1233e-002 2.1920e-001 1.2062e-002 3.8959e-003 9.7566e-003
          19 4.4197e-011 7.8662e-011 5.3472e-012 2.0258e-010 6.1289e-010 4.2901e-010 2.5399e-007 1.8574e-002 2.4693e-001 5.0887e-002 7.2738e-002 3.5250e-002
          20 4.8065e-012 3.8606e-012 1.8451e-011 1.0129e-010 1.6578e-010 5.9473e-010 1.4759e-008 1.9259e-003 1.1307e-001 4.1165e-001 1.3146e-002 1.9950e-003
          21 1.5323e-013 1.0133e-014 1.0386e-011 1.8443e-011 1.8532e-011 1.3174e-010 2.0800e-011 1.5138e-005 1.0337e-003 1.8755e-001 6.4206e-001 4.3289e-002
