   v'->v''           0           1           2           3           4           5           6           7           8           9
           0 9.5750e-001 3.9220e-002 2.8882e-003 3.2964e-004 4.8065e-005 9.4909e-006 1.8829e-006 4.3086e-007 1.4708e-007 5.7551e-008
           1 4.2485e-002 8.7505e-001 7.3122e-002 7.8722e-003 1.1810e-003 2.1952e-004 5.0377e-005 1.2514e-005 3.5855e-006 1.2099e-006
           2 1.0826e-005 8.5658e-002 7.9252e-001 1.0370e-001 1.4568e-002 2.7023e-003 6.0261e-004 1.6344e-004 4.8154e-005 1.5341e-005
           3 3.0912e-007 6.9555e-005 1.3118e-001 7.0631e-001 1.3244e-001 2.2935e-002 5.0489e-003 1.3246e-003 4.0922e-004 1.3577e-004
           4 2.2590e-009 2.2201e-006 2.8265e-004 1.8082e-001 6.1200e-001 1.6070e-001 3.3365e-002 8.4779e-003 2.5418e-003 8.5977e-004
           5 6.6044e-009 4.5557e-009 9.5559e-006 9.3934e-004 2.3684e-001 5.0403e-001 1.8869e-001 4.6833e-002 1.3389e-002 4.3839e-003
           6 9.0341e-010 1.5988e-008 1.7632e-008 3.5502e-005 2.7940e-003 3.0119e-001 3.7652e-001 2.1323e-001 6.4638e-002 2.0199e-002
           7 3.6410e-009 1.0623e-010 2.4734e-008 1.1490e-007 1.2478e-004 7.7755e-003 3.7327e-001 2.2739e-001 2.2044e-001 8.4506e-002
           8 5.6101e-012 1.3363e-008 1.9834e-010 2.0762e-008 9.0941e-007 4.4066e-004 2.0742e-002 4.4193e-001 7.4420e-002 1.7013e-001
           9 5.5744e-010 3.1591e-011 3.3391e-008 8.9261e-014 3.1990e-010 6.9357e-006 1.6380e-003 5.3569e-002 4.6112e-001 5.4579e-004
          10 2.0636e-010 6.8168e-010 3.3407e-012 5.4851e-008 7.0795e-009 9.5244e-008 5.4854e-005 6.6127e-003 1.2988e-001 3.0917e-001
          11 6.6670e-010 9.3437e-010 5.6184e-010 3.3027e-012 4.1574e-008 2.6085e-008 1.9432e-006 4.5870e-004 2.8525e-002 2.4465e-001
          12 2.6247e-011 1.0984e-009 3.0613e-009 1.3102e-013 2.6711e-010 3.4179e-008 9.7343e-008 2.8015e-005 4.0313e-003 1.1532e-001
          13 1.6168e-010 3.7272e-012 2.4331e-009 7.4606e-009 4.9971e-009 1.4993e-009 5.4940e-008 9.3395e-007 4.5542e-004 3.7357e-002
          14 1.7193e-010 4.2223e-010 2.0820e-011 3.4767e-009 9.1781e-009 1.3597e-008 3.2887e-011 5.1897e-008 3.9036e-005 9.9969e-003
          15 1.3149e-011 1.7290e-010 9.1304e-010 6.0017e-011 1.3051e-009 9.6379e-009 2.0359e-008 3.6845e-009 2.4276e-006 2.2768e-003
          16 2.5992e-011 6.8145e-012 3.8425e-010 1.0319e-009 2.9668e-011 1.2737e-009 1.2753e-008 8.1535e-008 6.9187e-008 4.2357e-004
          17 7.8113e-011 1.6800e-010 2.3796e-012 3.3124e-010 2.2032e-011 1.9670e-010 1.5457e-009 2.3215e-008 1.5322e-007 6.0727e-005
          18 6.9033e-011 2.2854e-010 2.3692e-010 1.1898e-011 1.0251e-010 3.9694e-010 4.9584e-010 5.7402e-010 1.6893e-009 5.2973e-006
          19 3.6640e-011 1.5654e-010 3.5634e-010 2.3907e-010 3.4200e-010 6.5537e-010 9.7427e-010 2.7151e-009 1.2497e-009 2.4891e-008
          20 1.3444e-011 7.0168e-011 2.4275e-010 2.7601e-010 3.0938e-010 5.1975e-010 1.0715e-009 5.5271e-010 5.1452e-009 2.1387e-007
          21 2.5242e-012 1.4904e-011 6.3097e-011 8.6151e-011 8.9295e-011 1.4519e-010 3.4641e-010 2.2206e-011 2.1567e-009 3.3764e-008
