   v'->v''           0           1           2           3           4
           0 9.9685e-001 3.1396e-003 1.0170e-005 1.1105e-007 1.6715e-009
           1 3.1455e-003 9.8854e-001 8.2654e-003 4.6662e-005 7.5157e-007
           2 3.5908e-006 8.2930e-003 9.7468e-001 1.6863e-002 1.5493e-004
           3 1.6632e-008 2.5144e-005 1.6922e-002 9.5120e-001 3.1354e-002
           4 2.7699e-009 3.4681e-007 1.1635e-004 3.1410e-002 9.0926e-001
           5 1.8595e-008 1.1377e-009 2.0492e-006 4.6168e-004 5.7299e-002
           6 2.1952e-008 1.8672e-008 1.7054e-008 1.4656e-005 1.8239e-003
           7 6.4949e-010 1.4009e-008 1.9944e-009 4.1753e-007 1.0227e-004
           8 4.3427e-009 9.0369e-009 2.4460e-008 6.2165e-009 6.3492e-006
           9 8.2894e-010 5.3458e-010 1.5375e-008 2.2074e-008 4.6265e-007
          10 1.8031e-009 7.7142e-009 4.4818e-012 2.2600e-008 1.2488e-008
          11 1.3895e-010 1.7528e-009 6.4029e-009 2.7755e-009 2.6071e-009
          12 1.7786e-009 1.0096e-009 2.4843e-015 3.6753e-009 1.0501e-008
          13 6.6702e-010 1.5018e-009 2.1954e-009 2.5355e-009 1.2349e-009
          14 5.4468e-011 2.3244e-011 2.8802e-010 3.0767e-009 2.0597e-009
          15 8.5352e-010 4.6524e-010 5.7871e-010 4.4041e-011 2.9579e-010
          16 1.0716e-009 6.1217e-010 1.2716e-009 1.9775e-009 1.0043e-009
          17 6.1549e-010 1.9190e-010 5.4893e-010 1.6957e-009 8.8830e-011
          18 1.8519e-010 1.0592e-012 2.9588e-011 4.0342e-010 1.0675e-010
          19 2.4813e-011 4.6573e-011 4.1137e-011 7.5268e-012 2.4696e-010
          20 9.1756e-014 7.6403e-011 1.0040e-010 2.5373e-011 1.5642e-010
          21 4.4958e-013 2.6983e-011 3.8172e-011 1.6836e-011 3.6563e-011
