   v'->v''           0           1           2           3           4
           0 9.9780e-001 1.7676e-003 3.1359e-004 1.0008e-004 1.6153e-005
           1 1.6598e-003 9.9121e-001 6.4631e-003 3.9466e-004 2.2024e-004
           2 4.8426e-004 5.8410e-003 9.7448e-001 1.8552e-002 1.4466e-004
           3 4.7916e-005 1.0929e-003 1.6667e-002 9.4007e-001 4.1395e-002
           4 6.0265e-006 7.7830e-005 1.9547e-003 3.6993e-002 8.7588e-001
           5 2.6589e-007 1.1971e-005 9.3608e-005 3.7736e-003 7.3514e-002
           6 3.0569e-007 1.0110e-006 2.6573e-005 5.3484e-005 8.6989e-003
           7 2.9274e-007 6.9659e-008 2.3491e-006 5.6005e-005 2.6037e-006
           8 1.5630e-007 1.3193e-007 6.6763e-008 6.3353e-006 1.0642e-004
           9 7.7520e-008 2.0139e-007 2.0196e-008 2.5284e-007 1.0030e-005
          10 1.1694e-008 1.8436e-007 1.3485e-007 8.6084e-009 1.4890e-006
          11 2.4951e-009 5.5645e-008 1.4104e-007 9.2231e-008 2.4217e-007
          12 8.9144e-009 2.3313e-009 5.6188e-008 7.6218e-008 1.7566e-008
          13 3.6868e-009 6.2358e-010 2.1300e-008 2.9090e-008 9.6407e-009
          14 1.2283e-009 4.0457e-011 5.7617e-009 7.8174e-009 5.1112e-009
          15 6.2053e-010 3.8375e-012 2.6422e-009 3.5256e-009 2.9698e-009
