   v'->v''           0           1           2           3           4           5           6           7           8           9          10          11          12          13          14          15          16          17          18          19          20          21          22
           0 9.9830e-001 1.5430e-003 1.2223e-004 2.7124e-005 2.0331e-006 1.9055e-008 4.6720e-007 2.1704e-007 6.0336e-008 1.1224e-008 8.7510e-010 1.5464e-008 2.1140e-008 1.3432e-008 5.5759e-009 1.8646e-009 6.0209e-010 2.1312e-010 8.2700e-011 3.2160e-011 1.1502e-011 3.5544e-012 8.7763e-013
           1 1.5837e-003 9.9473e-001 3.4814e-003 1.6124e-004 4.0924e-005 5.9850e-006 1.4545e-007 4.3637e-007 2.7860e-007 1.2567e-007 5.4925e-008 3.5097e-009 6.9458e-009 1.6907e-008 1.2445e-008 6.1780e-009 3.0064e-009 1.7518e-009 1.2269e-009 9.2560e-010 6.7514e-010 4.2116e-010 1.7509e-010
           2 6.8153e-005 3.6138e-003 9.8934e-001 6.7183e-003 1.9568e-004 4.6103e-005 1.1971e-005 1.8849e-006 5.0480e-008 2.1426e-007 2.5256e-007 1.8588e-007 4.5822e-008 7.2933e-010 2.0962e-009 2.2242e-009 1.1117e-009 6.4975e-010 5.7117e-010 6.1436e-010 6.2379e-010 4.9352e-010 2.3315e-010
           3 3.7421e-005 4.6148e-005 6.9492e-003 9.8079e-001 1.1819e-002 2.8173e-004 5.3837e-005 1.5547e-005 4.0685e-006 3.6268e-007 3.4366e-008 3.1999e-007 3.2161e-007 1.6481e-007 6.1253e-008 1.7826e-008 3.5768e-009 2.4760e-010 9.9257e-011 5.6861e-010 8.3802e-010 7.2240e-010 3.4526e-010
           4 5.6654e-006 5.5245e-005 1.2021e-005 1.2188e-002 9.6816e-001 1.9117e-002 3.6494e-004 7.2043e-005 1.8396e-005 5.8088e-006 8.0782e-007 1.2579e-007 4.2331e-008 2.6122e-007 2.3620e-007 1.3055e-007 7.0612e-008 4.3371e-008 2.9106e-008 1.9407e-008 1.2053e-008 6.4796e-009 2.4517e-009
           5 8.7066e-010 1.4382e-005 5.9524e-005 3.5359e-007 1.9596e-002 9.5146e-001 2.8329e-002 4.2363e-004 8.5736e-005 2.3393e-005 7.8499e-006 1.7487e-006 5.6329e-007 1.6295e-008 6.8995e-008 1.2318e-007 1.0524e-007 8.3871e-008 6.9887e-008 5.7349e-008 4.3162e-008 2.7091e-008 1.1246e-008
           6 2.4396e-007 9.2569e-007 2.5819e-005 6.3782e-005 5.6535e-005 2.8653e-002 9.3023e-001 4.0334e-002 4.9054e-004 1.0148e-004 2.9972e-005 1.0107e-005 2.5775e-006 1.1781e-006 2.4349e-007 4.2375e-009 1.0007e-008 2.0537e-008 2.4492e-008 2.5996e-008 2.4293e-008 1.7923e-008 8.1477e-009
           7 3.3654e-007 2.7246e-008 5.1738e-006 3.4017e-005 6.3152e-005 3.0991e-004 3.9972e-002 9.0380e-001 5.5076e-002 5.7227e-004 1.0886e-004 3.7830e-005 1.3238e-005 3.7894e-006 1.9486e-006 6.8304e-007 1.5361e-007 3.1721e-008 7.2017e-009 1.4743e-009 1.1077e-010 2.4267e-011 6.7221e-011
           8 2.3195e-007 3.8496e-007 5.4662e-007 1.0871e-005 4.4046e-005 3.8577e-005 9.1727e-004 5.3129e-002 8.7098e-001 7.3981e-002 7.1870e-004 1.0483e-004 4.8425e-005 1.6580e-005 5.7270e-006 2.8688e-006 1.2038e-006 4.7180e-007 2.0842e-007 1.0562e-007 5.6787e-008 2.8521e-008 1.0483e-008
           9 5.4058e-008 3.6349e-007 6.9149e-008 3.0405e-006 1.6002e-005 5.2339e-005 8.8877e-006 2.0971e-003 6.8950e-002 8.2877e-001 9.8858e-002 1.0700e-003 7.5606e-005 6.4494e-005 1.9791e-005 7.6867e-006 4.1487e-006 2.0671e-006 1.0259e-006 5.4321e-007 3.0259e-007 1.5914e-007 6.0732e-008
          10 5.7831e-011 1.2886e-007 3.7805e-007 2.1681e-007 5.8146e-006 2.2943e-005 5.2259e-005 6.8605e-006 4.1574e-003 8.8206e-002 7.7051e-001 1.3466e-001 2.2198e-003 8.4547e-006 1.0374e-004 2.2195e-005 9.1738e-006 5.9867e-006 3.4808e-006 1.8864e-006 1.0243e-006 5.2768e-007 1.9992e-007
          11 9.3108e-009 2.2903e-008 2.6873e-007 5.7536e-008 1.3589e-006 1.0205e-005 2.9782e-005 3.4071e-005 1.2760e-004 7.5834e-003 1.1311e-001 6.7339e-001 1.9665e-001 8.2520e-003 3.9469e-004 3.5188e-004 1.2365e-005 1.1423e-005 8.2937e-006 4.0970e-006 2.1781e-006 1.2020e-006 4.8328e-007
          12 7.2547e-009 1.5831e-009 7.4369e-008 1.1390e-007 1.1762e-007 2.3280e-006 9.4474e-006 1.9983e-005 2.3924e-006 4.3845e-004 9.3723e-003 1.0293e-001 2.9704e-001 2.5435e-001 8.2633e-002 6.2263e-002 7.5820e-002 6.8065e-002 3.9653e-002 6.9671e-003 1.7115e-004 9.3672e-006 6.0335e-007
          13 2.8280e-009 5.0069e-010 2.7392e-008 4.6074e-008 3.8014e-008 8.3812e-007 3.5213e-006 7.6709e-006 1.4242e-006 1.3935e-004 3.1599e-003 3.5137e-002 1.1865e-001 6.2588e-002 1.2129e-003 1.4636e-002 1.0529e-001 2.8073e-001 2.7778e-001 9.5450e-002 5.1618e-003 2.7291e-006 2.2260e-007
          14 8.1662e-010 7.6587e-011 6.8608e-009 1.4605e-008 6.2652e-009 1.9530e-007 9.0632e-007 2.1336e-006 8.4871e-007 2.2453e-005 6.2001e-004 7.0774e-003 3.3656e-002 1.7082e-003 1.8226e-002 6.6737e-002 1.1446e-001 4.2302e-002 4.8253e-002 3.4681e-001 2.8380e-001 3.6500e-002 1.3768e-006
          15 3.8579e-010 2.4160e-011 3.0233e-009 7.2286e-009 2.0937e-009 8.2245e-008 4.0362e-007 9.8985e-007 5.1657e-007 7.5745e-006 2.3878e-004 2.7597e-003 1.5133e-002 1.0608e-005 1.5798e-002 3.3935e-002 3.1259e-002 2.7019e-004 4.4042e-002 2.3023e-002 8.6616e-002 4.8043e-001 2.6636e-001
