   v'->v''           0           1           2           3           4           5           6           7           8           9          10          11          12          13          14          15          16          17          18          19          20          21
           0 9.9703e-001 2.9655e-003 4.7452e-008 5.7373e-008 1.2237e-008 8.1173e-009 1.8550e-008 7.1478e-010 4.2131e-009 5.7855e-010 1.9467e-009 4.3473e-012 1.2469e-009 8.7968e-010 2.9180e-011 2.0954e-010 4.8471e-010 4.0643e-010 2.1024e-010 7.9327e-011 2.2985e-011 4.9124e-012
           1 2.9434e-003 9.8993e-001 7.1304e-003 2.3797e-007 5.1549e-007 8.4444e-009 5.9294e-009 2.4747e-008 3.0889e-009 1.2699e-009 2.8935e-009 6.5683e-010 1.1679e-009 1.9142e-009 2.2636e-010 1.8771e-010 6.4159e-010 5.2592e-010 2.3066e-010 6.4600e-011 1.2426e-011 1.9674e-012
           2 2.2359e-005 7.0240e-003 9.7964e-001 1.3299e-002 9.2461e-006 2.5976e-006 5.3709e-009 3.5318e-009 2.5215e-008 7.7761e-009 1.1018e-011 6.6225e-009 2.3959e-010 2.4895e-009 1.9916e-009 5.2879e-011 3.7994e-010 6.7319e-010 4.2245e-010 1.5919e-010 4.2127e-011 8.3642e-012
           3 6.7928e-007 8.1460e-005 1.3018e-002 9.6366e-001 2.3147e-002 8.2356e-005 1.1398e-005 2.0494e-008 3.7469e-009 1.9044e-008 9.7327e-009 4.1372e-010 3.3388e-009 6.5658e-012 6.2099e-010 2.9290e-011 1.7322e-010 2.5098e-010 9.0596e-011 8.0439e-012 2.7665e-013 7.0285e-013
           4 6.1628e-009 3.4630e-006 1.9686e-004 2.2581e-002 9.3648e-001 4.0190e-002 4.9588e-004 5.4639e-005 5.6257e-007 1.3051e-009 1.0851e-007 1.0646e-008 4.8904e-010 2.8933e-009 1.6657e-009 3.8477e-009 1.8559e-010 1.0278e-009 2.2883e-009 1.8020e-009 8.3145e-010 2.2013e-010
           5 3.3140e-008 1.2697e-007 1.1203e-005 4.2767e-004 3.9293e-002 8.8488e-001 7.2560e-002 2.5581e-003 2.6806e-004 3.8688e-006 5.5979e-008 4.7667e-008 1.2590e-009 1.8415e-008 2.8709e-009 1.4020e-009 2.1557e-009 6.7042e-010 1.4549e-010 4.8686e-011 2.2277e-011 6.5684e-012
           6 4.0085e-010 5.8141e-008 7.8739e-007 2.9581e-005 9.8498e-004 7.1788e-002 7.8129e-001 1.3370e-001 1.0996e-002 1.1969e-003 2.0710e-005 5.7011e-007 1.3939e-007 3.5876e-008 8.4756e-011 1.9638e-009 1.7761e-011 1.6538e-009 2.2803e-009 1.5425e-009 6.7947e-010 1.7836e-010
           7 1.6164e-009 5.8691e-011 1.6991e-007 3.2487e-006 7.4733e-005 2.8148e-003 1.3460e-001 5.9440e-001 2.2688e-001 3.6694e-002 4.4563e-003 6.1947e-005 8.8261e-006 7.3462e-008 2.0136e-007 2.7393e-007 2.7605e-008 1.2354e-008 2.5798e-008 1.3038e-008 3.9980e-009 8.6357e-010
           8 7.8800e-010 3.2830e-010 8.1945e-009 6.6112e-007 1.1902e-005 1.9051e-004 1.0258e-002 2.3125e-001 3.4792e-001 3.1450e-001 8.4999e-002 1.0790e-002 6.2067e-005 2.9666e-005 1.2280e-006 2.3499e-008 5.3707e-007 2.6248e-007 3.8864e-008 2.0992e-009 5.1564e-012 8.7626e-012
           9 2.4931e-009 2.1051e-009 1.9181e-011 9.4643e-008 2.7572e-006 3.7299e-005 6.6589e-004 3.4499e-002 3.1355e-001 1.3971e-001 3.4922e-001 1.4359e-001 1.8649e-002 1.1624e-005 5.2618e-005 1.0731e-005 9.8420e-007 1.2815e-007 3.7129e-007 2.2505e-007 8.9930e-008 2.2950e-008
          10 3.9406e-010 3.6691e-009 2.2643e-009 1.0395e-008 4.8837e-007 1.1202e-005 8.3665e-005 3.1742e-003 8.5265e-002 3.1014e-001 2.7997e-002 3.3943e-001 2.0722e-001 2.6555e-002 3.0391e-005 4.3177e-005 2.4995e-005 8.6273e-006 1.1621e-006 5.4240e-008 1.7089e-010 1.1905e-009
          11 3.2014e-010 5.0702e-010 4.3929e-009 6.2375e-009 6.4656e-008 2.5706e-006 2.7487e-005 2.7446e-004 1.3313e-002 1.4780e-001 2.3067e-001 5.8627e-005 2.9991e-001 2.7355e-001 3.4054e-002 2.9962e-004 6.7613e-006 2.5355e-005 1.8969e-005 7.5892e-006 2.3881e-006 5.5152e-007
          12 1.1914e-009 3.0246e-010 1.3675e-009 5.7230e-009 2.5842e-008 4.2739e-007 1.0734e-005 5.2552e-005 1.5234e-003 4.0124e-002 1.8384e-001 1.2491e-001 2.0495e-002 2.4469e-001 3.4241e-001 4.0916e-002 8.8217e-004 2.4961e-005 3.2809e-006 1.1000e-005 6.6407e-006 1.8975e-006
          13 8.7573e-010 1.0331e-009 1.3860e-012 2.0437e-009 2.5943e-008 8.7457e-008 3.6206e-006 2.2414e-005 1.8509e-004 7.9975e-003 7.9877e-002 1.6571e-001 4.0637e-002 5.6850e-002 1.8070e-001 4.1692e-001 4.9347e-002 1.5364e-003 2.1210e-004 2.5561e-005 1.4257e-006 5.8795e-008
          14 2.4305e-010 6.8598e-010 2.4707e-010 1.4014e-010 1.7790e-008 3.8437e-008 1.1073e-006 1.0745e-005 4.0960e-005 1.4080e-003 2.6351e-002 1.0688e-001 1.0219e-001 2.2093e-003 8.5707e-002 1.1015e-001 4.9678e-001 6.5752e-002 1.6618e-003 4.9628e-004 1.3446e-004 2.7990e-005
          15 1.0125e-011 1.9129e-010 2.5079e-010 3.2630e-011 6.8980e-009 2.4091e-008 3.3208e-007 4.7572e-006 1.7046e-005 2.6290e-004 7.8257e-003 5.1275e-002 9.0565e-002 3.2246e-002 7.5826e-003 8.9585e-002 3.9483e-002 5.6765e-001 1.1142e-001 6.1472e-004 3.8979e-004 1.1118e-004
          16 9.5075e-012 2.0828e-011 9.7461e-011 7.8554e-011 1.6546e-009 1.2851e-008 9.8423e-008 1.8845e-006 8.0853e-006 5.8582e-005 2.2361e-003 2.0318e-002 5.0593e-002 3.5345e-002 4.5160e-004 2.7456e-002 5.5316e-002 1.5807e-008 5.3942e-001 2.6582e-001 1.8116e-003 1.2985e-006
          17 9.4333e-012 6.7812e-013 1.8936e-011 2.7813e-011 2.5029e-010 3.6101e-009 2.0814e-008 4.6340e-007 2.2445e-006 1.1257e-005 4.6115e-004 4.9117e-003 1.4253e-002 1.2622e-002 1.0969e-003 4.8648e-003 1.6303e-002 4.6841e-003 4.1225e-002 1.7624e-001 6.2341e-001 9.4040e-002
