   v'->v''           0           1           2           3           4           5           6           7           8           9          10          11          12          13          14          15          16          17          18          19          20          21
           0 9.9895e-001 1.0531e-003 3.2287e-008 1.6328e-008 1.5048e-008 8.7888e-009 9.7728e-009 1.7599e-009 5.7293e-009 4.3892e-011 7.2772e-010 1.5395e-010 1.3670e-009 5.6002e-010 3.0947e-011 7.3046e-010 1.1136e-009 8.5034e-010 4.2709e-010 1.6877e-010 5.3568e-011 9.5866e-012
           1 1.0512e-003 9.9621e-001 2.7351e-003 6.0005e-007 5.2466e-008 1.5280e-008 1.3484e-008 1.2571e-008 1.1809e-008 9.1468e-009 1.2198e-009 1.7511e-009 1.9507e-010 8.6985e-010 8.9375e-014 1.1084e-009 2.2378e-009 1.8535e-009 9.1274e-010 3.2617e-010 8.7933e-011 1.3692e-011
           2 2.2084e-006 2.7249e-003 9.9192e-001 5.3495e-003 4.4512e-006 1.9685e-007 6.7236e-010 1.1621e-008 1.8468e-008 9.7477e-009 1.4662e-009 4.4543e-009 9.4520e-010 5.0019e-010 1.9979e-010 5.7998e-010 2.3562e-009 2.4358e-009 1.3074e-009 4.7389e-010 1.2374e-010 1.8482e-011
           3 6.7708e-008 9.0114e-006 5.3216e-003 9.8513e-001 9.5140e-003 2.6594e-005 1.4446e-006 3.7521e-008 1.4048e-010 1.5506e-008 2.6945e-009 2.8401e-009 6.2135e-009 1.3405e-011 6.6273e-010 4.1930e-013 8.3379e-010 1.2387e-009 6.6964e-010 2.0121e-010 3.5837e-011 3.4659e-012
           4 5.5943e-010 2.0403e-007 2.4471e-005 9.4659e-003 9.7352e-001 1.6845e-002 1.3478e-004 1.0010e-005 3.6545e-007 1.2206e-008 5.6623e-008 1.7914e-008 4.8093e-009 1.8590e-008 8.9893e-011 3.2684e-009 8.9160e-010 1.8084e-010 9.8637e-010 7.8394e-010 3.1249e-010 5.7612e-011
           5 1.2730e-008 4.2568e-009 6.0584e-007 5.4569e-005 1.6831e-002 9.5112e-001 3.1215e-002 7.0081e-004 7.6109e-005 5.5980e-006 2.6905e-007 7.9450e-008 2.3801e-008 4.3583e-009 3.0895e-009 5.9214e-010 2.6173e-010 3.2942e-010 7.7724e-010 3.4695e-010 5.5223e-011 3.0610e-012
           6 3.5309e-009 1.1328e-008 3.3626e-010 2.0609e-006 1.2531e-004 3.1618e-002 8.9934e-001 6.4072e-002 4.1246e-003 6.4871e-004 6.4436e-005 1.3519e-006 3.7343e-007 1.4541e-009 9.5868e-009 6.3553e-009 8.4595e-012 1.4925e-009 1.0538e-009 2.0906e-010 9.0600e-012 7.4034e-014
           7 9.8063e-010 4.2189e-009 1.8994e-008 2.3057e-008 6.8748e-006 3.6667e-004 6.7140e-002 7.5484e-001 1.4595e-001 2.5439e-002 5.6216e-003 6.3876e-004 6.3677e-006 2.8889e-006 4.7885e-008 7.1805e-009 1.0609e-007 4.4542e-008 5.0380e-010 3.2552e-009 3.4729e-009 9.2185e-010
           8 2.9556e-010 2.4615e-009 1.6310e-009 2.5722e-008 4.2927e-007 2.0406e-005 2.0556e-003 1.6185e-001 4.2704e-001 2.7001e-001 1.0484e-001 3.0569e-002 3.5545e-003 1.3337e-005 1.0676e-005 1.7050e-006 1.4311e-007 1.8263e-007 2.3270e-007 8.2110e-008 1.9593e-008 2.9907e-009
           9 2.9904e-010 8.2511e-011 5.8013e-009 1.3067e-009 1.2442e-007 4.6402e-006 9.0844e-005 1.7546e-002 3.2981e-001 1.0131e-001 2.7403e-001 1.9818e-001 7.1444e-002 7.6019e-003 1.6167e-007 1.1566e-005 6.8788e-006 2.1398e-006 8.7294e-008 2.0007e-008 4.1801e-008 1.3701e-008
          10 6.7241e-011 3.8736e-012 5.2832e-011 1.6732e-009 3.3263e-008 9.4310e-007 1.5515e-005 9.1532e-004 8.2227e-002 3.4715e-001 1.5076e-005 1.7783e-001 2.5984e-001 1.2004e-001 1.1921e-002 2.3090e-005 3.0841e-006 7.2116e-006 6.0657e-006 2.1783e-006 6.0222e-007 1.0303e-007
          11 9.8266e-010 4.2145e-010 2.1075e-009 4.2336e-013 1.1649e-009 1.1625e-007 6.5684e-006 4.1262e-005 1.0077e-002 1.9195e-001 1.8940e-001 4.2981e-002 7.9299e-002 2.9230e-001 1.7730e-001 1.6495e-002 1.2678e-004 1.2068e-006 1.7272e-006 4.1336e-006 2.4790e-006 5.9441e-007
          12 1.4475e-009 1.3001e-009 1.6575e-009 3.7946e-009 2.9956e-011 1.1012e-008 1.8200e-006 1.2033e-005 6.4524e-004 5.2867e-002 2.3306e-001 4.2435e-002 9.6204e-002 1.5988e-002 2.9292e-001 2.4414e-001 2.1351e-002 3.6000e-004 2.8866e-005 1.8691e-006 1.4395e-007 1.6475e-007
          13 9.5402e-010 1.2992e-009 5.8102e-011 5.9428e-009 2.0893e-009 5.0269e-009 2.2090e-007 8.6138e-006 2.5786e-005 9.3180e-003 1.2553e-001 1.5347e-001 2.9166e-004 9.8225e-002 6.4593e-004 2.6244e-001 3.2196e-001 2.7269e-002 5.9147e-004 1.0703e-004 3.1207e-005 4.7299e-006
          14 3.4574e-010 6.2831e-010 3.5116e-010 3.2092e-009 5.7687e-009 7.3238e-009 5.0448e-009 4.1933e-006 4.1583e-006 1.1698e-003 4.6369e-002 1.4771e-001 4.1583e-002 3.0542e-002 5.4773e-002 2.4931e-002 2.0310e-001 4.1061e-001 3.7788e-002 1.0779e-003 1.4307e-004 2.4148e-005
          15 6.1117e-011 1.4640e-010 7.7449e-010 8.7333e-010 5.6866e-009 7.5376e-009 6.5065e-010 1.3986e-006 4.5601e-006 1.1118e-004 1.4272e-002 9.0801e-002 7.9944e-002 1.1065e-005 5.1788e-002 9.7002e-003 6.4054e-002 1.1839e-001 5.1726e-001 4.9879e-002 2.6499e-003 2.5644e-004
          16 1.2568e-012 7.4344e-012 6.3176e-010 1.2469e-010 3.4373e-009 5.2039e-009 2.3399e-010 3.7588e-007 4.3740e-006 8.9189e-006 4.2136e-003 4.6038e-002 7.2766e-002 9.0080e-003 1.9931e-002 2.8001e-002 2.5955e-003 8.1483e-002 4.2128e-002 6.2432e-001 5.6213e-002 4.4095e-003
          17 3.4947e-012 3.9071e-012 3.4709e-010 5.8524e-012 1.6485e-009 2.8407e-009 3.2329e-011 9.4950e-008 2.9958e-006 7.7860e-007 1.3197e-003 2.1642e-002 4.8353e-002 1.5031e-002 4.7422e-003 2.2458e-002 1.3595e-003 2.5511e-002 5.2449e-002 4.2131e-003 7.4892e-001 1.0223e-002
          18 7.6153e-012 1.3010e-011 1.7699e-010 5.8945e-013 7.9659e-010 1.5225e-009 2.5408e-010 2.7521e-008 1.8571e-006 1.1559e-007 4.9903e-004 1.0886e-002 2.9969e-002 1.3849e-002 8.6249e-004 1.3875e-002 3.7123e-003 7.2161e-003 3.0831e-002 1.5401e-002 1.3644e-003 6.3382e-001
          19 8.0996e-012 1.5531e-011 9.4464e-011 3.1849e-012 4.1908e-010 8.6724e-010 3.6631e-010 9.4867e-009 1.1662e-006 3.4375e-008 2.2647e-004 6.0419e-003 1.9001e-002 1.0895e-002 9.7267e-005 8.3892e-003 3.9371e-003 2.1203e-003 1.7232e-002 1.4231e-002 9.6322e-004 2.0697e-001
          20 5.9430e-012 1.2017e-011 4.6514e-011 3.3431e-012 2.0698e-010 4.5314e-010 3.0664e-010 3.3638e-009 6.4933e-007 1.5120e-008 1.0245e-004 3.1271e-003 1.0688e-002 6.9347e-003 6.2032e-007 4.4936e-003 2.8199e-003 5.9190e-004 8.6338e-003 9.1804e-003 1.7965e-003 8.1795e-002
