   v'->v''           0           1           2           3           4           5           6           7           8           9          10          11          12          13          14          15          16
           0 9.8854e-001 1.1457e-002 8.4369e-007 3.8177e-009 3.3778e-010 8.7231e-009 3.9526e-009 5.8698e-011 3.8139e-011 1.0905e-009 8.1856e-011 3.4468e-010 3.9483e-010 3.8274e-011 2.9488e-011 8.9598e-011 6.5761e-011
           1 1.1153e-002 9.6492e-001 2.3928e-002 2.8046e-006 8.9888e-009 1.3006e-007 2.4362e-008 1.2131e-009 4.3670e-009 3.0614e-011 8.1267e-009 2.3170e-009 5.2337e-010 2.0286e-009 8.0123e-010 3.3809e-011 3.4928e-011
           2 2.9173e-004 2.2657e-002 9.4004e-001 3.6992e-002 1.9206e-005 1.7127e-006 3.3193e-007 7.1997e-008 1.0937e-010 6.7353e-008 3.0617e-009 1.8734e-008 1.1203e-008 8.6960e-011 1.3441e-009 1.1933e-009 3.4708e-010
           3 1.2316e-005 9.1588e-004 3.3942e-002 9.1697e-001 4.8023e-002 1.3132e-004 5.6207e-006 4.2517e-007 7.8235e-007 2.6741e-007 4.9735e-008 9.1974e-008 1.2235e-008 1.2420e-009 8.1085e-009 7.9927e-009 4.2838e-009
           4 6.3811e-007 5.0552e-005 1.9549e-003 4.2223e-002 8.9915e-001 5.6242e-002 3.7338e-004 5.9283e-008 6.3018e-006 2.5487e-007 1.5442e-006 5.1693e-007 2.1973e-010 1.0173e-007 1.1708e-007 6.2479e-008 2.0049e-008
           5 5.5229e-008 4.1684e-006 1.2180e-004 3.5015e-003 4.6745e-002 8.8164e-001 6.7550e-002 4.0519e-004 2.0481e-005 3.2583e-007 5.8278e-006 4.6306e-007 4.7634e-007 1.1380e-006 5.9177e-007 9.9984e-008 6.9629e-010
           6 2.8978e-010 5.3145e-007 1.2429e-005 2.7862e-004 5.3347e-003 5.3805e-002 8.5645e-001 8.3576e-002 5.2384e-004 3.5741e-006 5.7779e-006 5.9748e-008 1.8718e-006 1.4672e-006 1.4621e-007 7.2238e-008 2.1261e-007
           7 1.6776e-009 7.6562e-009 2.7097e-006 2.4715e-005 6.6673e-004 6.8179e-003 6.5191e-002 8.3607e-001 8.9602e-002 1.6217e-003 4.8521e-007 4.9103e-007 5.4802e-007 1.6827e-008 3.7470e-007 5.6939e-007 2.8089e-007
           8 2.8924e-009 2.8804e-009 1.7780e-007 5.8879e-006 5.5019e-005 1.1578e-003 8.5776e-003 6.5587e-002 8.3137e-001 8.9775e-002 3.4496e-003 1.4741e-005 8.8920e-009 4.1434e-007 7.0717e-007 8.4836e-008 1.3722e-008
           9 1.5441e-010 8.4714e-009 1.2098e-008 1.4906e-006 6.6285e-006 1.7995e-004 1.4186e-003 1.1823e-002 6.0650e-002 8.3459e-001 8.4287e-002 6.9198e-003 1.2010e-004 1.4189e-008 3.0643e-007 3.1959e-008 1.2503e-007
          10 1.0779e-010 1.1405e-009 8.0832e-009 2.7191e-007 2.4419e-006 1.6196e-005 3.4368e-004 1.9305e-003 1.4164e-002 5.2449e-002 8.4791e-001 7.0352e-002 1.2246e-002 5.6879e-004 1.0219e-005 6.8789e-008 9.8962e-008
          11 1.9148e-012 4.1307e-011 1.1059e-009 1.0925e-008 1.7862e-006 8.5841e-007 7.5952e-005 4.3295e-004 2.7368e-003 1.6642e-002 3.9837e-002 8.7244e-001 4.5466e-002 1.9911e-002 2.2546e-003 1.8625e-004 1.3479e-005
          12 1.2909e-010 3.6493e-011 1.2483e-011 4.4529e-009 5.8042e-007 1.0118e-006 7.8638e-006 1.3068e-004 6.3121e-004 3.5792e-003 1.8246e-002 2.2524e-002 9.0519e-001 1.5462e-002 2.5806e-002 6.4765e-003 1.2725e-003
          13 1.3618e-010 7.3667e-010 6.9128e-010 1.2746e-009 1.3826e-008 1.6861e-006 3.3336e-007 3.4451e-005 1.9627e-004 8.9453e-004 4.3194e-003 2.0231e-002 5.8603e-003 9.2636e-001 3.7121e-004 1.9238e-002 1.0195e-002
          14 9.4783e-012 7.5735e-010 2.6041e-009 2.7551e-009 3.4416e-008 1.0435e-006 6.2568e-008 7.4847e-006 6.3410e-005 2.6911e-004 1.2432e-003 4.9036e-003 2.2842e-002 1.1518e-003 8.8359e-001 4.9655e-002 4.9586e-004
          15 3.0477e-011 1.3957e-010 2.2967e-009 8.9923e-009 2.9203e-008 2.8428e-007 2.5204e-007 1.0754e-006 2.1612e-005 9.6558e-005 4.0584e-004 1.5841e-003 4.9655e-003 2.8404e-002 3.6265e-002 6.6880e-001 1.7535e-001
          16 9.0415e-011 2.4501e-011 6.5394e-010 6.7073e-009 2.3535e-009 2.0946e-008 5.6048e-007 6.6555e-008 6.5544e-006 4.1607e-005 1.4884e-004 5.6906e-004 1.8357e-003 4.2056e-003 4.5302e-002 1.4846e-001 2.1708e-001
          17 8.2901e-011 2.0706e-010 5.9636e-012 2.1617e-009 2.1524e-009 5.8930e-009 6.4952e-007 4.7486e-009 1.4664e-006 1.8366e-005 6.5250e-005 2.1889e-004 7.3588e-004 1.9722e-003 2.0956e-003 1.0242e-001 2.6031e-001
          18 4.2095e-011 2.6223e-010 1.3501e-010 2.3780e-010 7.1973e-009 2.8215e-008 4.8603e-007 1.8987e-008 2.3636e-007 7.7141e-006 3.1134e-005 9.7995e-005 3.0226e-004 8.6191e-004 1.9319e-003 1.4466e-004 2.8142e-001
          19 1.3127e-011 1.8480e-010 2.6289e-010 5.5405e-012 7.2255e-009 3.2420e-008 2.6813e-007 5.4784e-008 3.4006e-008 3.1355e-006 1.5152e-005 4.7453e-005 1.4184e-004 3.7499e-004 8.5760e-004 2.0789e-003 4.1918e-002
          20 2.3604e-012 9.3686e-011 2.2069e-010 7.6777e-011 4.6991e-009 2.3194e-008 1.1886e-007 7.0256e-008 7.4375e-009 1.2507e-006 7.2347e-006 2.2880e-005 6.8710e-005 1.7678e-004 3.8067e-004 6.6687e-004 1.0284e-002
          21 1.9952e-013 3.5100e-011 1.1078e-010 6.6872e-011 2.1230e-009 1.1071e-008 4.1486e-008 4.6378e-008 2.6848e-009 4.3919e-007 2.9049e-006 9.2858e-006 2.7946e-005 7.1954e-005 1.5321e-004 2.4067e-004 6.1669e-005
