   v'->v''           0           1           2           3           4           5           6           7           8           9          10          11          12          13          14          15          16          17          18          19          20          21          22          23          24          25          26          27          28          29          30
           0 9.9944e-001 5.5541e-004 1.5083e-006 5.3760e-009 6.2654e-009 1.4965e-008 1.3474e-008 3.8288e-009 1.3491e-009 4.2257e-009 5.7875e-010 1.4248e-009 4.0504e-010 6.1168e-010 1.0046e-009 1.2099e-011 5.4600e-010 7.5448e-010 1.7226e-010 2.2581e-011 2.3588e-010 2.6660e-010 1.1742e-010 1.1029e-011 9.4733e-012 5.0046e-011 7.5782e-011 7.3498e-011 5.2931e-011 2.6766e-011 1.0825e-011
           1 5.5306e-004 9.9830e-001 1.1455e-003 4.8627e-006 2.7978e-008 6.1596e-009 1.0021e-008 1.6859e-008 7.2299e-009 4.7968e-012 6.2064e-009 3.3117e-011 1.7743e-009 6.8501e-011 1.5605e-009 1.9403e-010 5.8242e-010 1.1839e-009 3.0190e-010 2.8531e-011 3.0282e-010 2.5955e-010 5.1623e-011 7.0337e-012 8.9976e-011 1.5493e-010 1.5397e-010 1.1391e-010 6.7574e-011 3.0257e-011 1.1573e-011
           2 4.0061e-006 1.1352e-003 9.9710e-001 1.7544e-003 1.0912e-005 1.0176e-007 1.2366e-008 6.1773e-009 2.4506e-008 8.7646e-009 6.4766e-010 6.5621e-009 7.0915e-010 1.8833e-009 4.8683e-010 1.6457e-009 2.0064e-013 1.3621e-009 1.2097e-009 7.6402e-011 1.9716e-010 4.2627e-010 1.9142e-010 4.9115e-012 5.6480e-011 1.6353e-010 1.9573e-010 1.5903e-010 9.9331e-011 4.5671e-011 1.7660e-011
           3 6.2314e-008 1.2774e-005 1.7290e-003 9.9585e-001 2.3843e-003 2.0607e-005 3.0841e-007 2.0418e-008 3.4962e-010 1.6216e-008 5.0294e-009 2.2426e-009 2.1637e-009 1.6717e-009 4.4541e-010 8.7392e-010 3.8755e-010 3.7629e-010 1.0942e-009 2.5902e-010 4.3264e-011 2.7492e-010 1.6332e-010 8.4173e-012 3.5250e-011 1.1515e-010 1.3713e-010 1.0714e-010 6.3730e-011 2.8167e-011 1.0672e-011
           4 7.7774e-011 2.5808e-007 2.7835e-005 2.3352e-003 9.9457e-001 3.0333e-003 3.4924e-005 6.7330e-007 4.9717e-008 1.0020e-009 2.6357e-008 1.0008e-008 2.4062e-009 3.5680e-009 3.0455e-009 1.2887e-009 1.2218e-009 1.0401e-009 2.4623e-010 1.5040e-009 5.1477e-010 3.3791e-011 5.1708e-010 5.3530e-010 1.9349e-010 1.0243e-011 2.0122e-011 6.6630e-011 7.2965e-011 4.3804e-011 1.8859e-011
           5 1.5306e-009 1.3682e-011 6.8932e-007 5.0639e-005 2.9517e-003 9.9326e-001 3.6850e-003 5.4627e-005 1.2401e-006 9.1742e-008 1.1268e-009 3.0693e-008 1.4167e-008 2.7197e-009 4.7331e-009 3.5848e-009 1.6391e-009 1.6090e-009 1.7411e-009 9.3641e-011 1.4875e-009 6.6443e-010 1.1877e-011 5.7378e-010 8.1698e-010 5.0466e-010 1.7076e-010 2.6787e-011 2.2879e-013 1.3631e-012 1.3105e-012
           6 3.6724e-009 1.7000e-008 1.4467e-008 1.6172e-006 8.2153e-005 3.5607e-003 9.9196e-001 4.3139e-003 8.1096e-005 2.0811e-006 1.4984e-007 9.4995e-011 3.0746e-008 1.4587e-008 3.4640e-009 5.3599e-009 2.9866e-009 1.1571e-009 2.0281e-009 2.1772e-009 1.3228e-011 1.1701e-009 6.6635e-010 2.5479e-014 4.0450e-010 7.5413e-010 6.2870e-010 3.4885e-010 1.4889e-010 5.0663e-011 1.6714e-011
           7 1.0560e-009 1.6699e-008 1.2822e-008 7.3924e-008 3.3227e-006 1.2313e-004 4.1365e-003 9.9072e-001 4.8948e-003 1.1660e-004 3.3475e-006 2.5248e-007 4.3971e-010 4.1659e-008 1.5225e-008 4.0687e-009 8.2529e-009 2.0772e-009 1.2191e-009 2.2838e-009 3.4140e-009 8.7923e-011 8.7777e-010 1.0260e-009 1.5673e-010 6.4183e-011 3.8748e-010 5.0139e-010 3.7914e-010 1.8838e-010 7.4835e-011
           8 6.5697e-011 6.5649e-009 3.8511e-009 1.1124e-008 1.5769e-007 5.8959e-006 1.7468e-004 4.6546e-003 9.8959e-001 5.4093e-003 1.6389e-004 5.3971e-006 3.9297e-007 1.3158e-008 3.7254e-008 6.0437e-009 5.5549e-009 5.5604e-009 9.2834e-010 1.4621e-010 2.3704e-009 2.4219e-009 7.8995e-011 4.3702e-010 5.7908e-010 1.4381e-010 1.5220e-012 8.3237e-011 1.2561e-010 8.2867e-011 3.6700e-011
           9 5.1292e-010 1.5621e-009 8.4837e-009 3.1026e-010 4.0163e-008 3.1391e-007 9.4829e-006 2.3826e-004 5.0977e-003 9.8858e-001 5.8351e-003 2.2661e-004 8.5363e-006 6.6876e-007 3.4525e-008 5.8094e-008 3.6948e-009 6.3861e-009 7.8244e-009 5.7092e-010 4.1006e-010 1.7642e-009 3.1541e-009 5.7185e-010 1.0247e-010 5.8234e-010 4.7241e-010 1.8106e-010 3.8530e-011 4.7548e-012 5.8644e-013
          10 1.0477e-010 3.3051e-009 2.6051e-011 3.6378e-009 1.8337e-009 7.9858e-008 6.2860e-007 1.4587e-005 3.1532e-004 5.4440e-003 9.8776e-001 6.1447e-003 3.0861e-004 1.3388e-005 1.0749e-006 9.3426e-008 6.4637e-008 1.5394e-010 7.3729e-009 5.8309e-009 1.9808e-010 1.5178e-010 1.0769e-009 1.9886e-009 5.5772e-010 4.1792e-013 1.7374e-010 2.2504e-010 1.3942e-010 5.6927e-011 2.0276e-011
          11 7.2987e-010 4.0336e-011 1.0788e-009 1.9469e-011 1.4209e-008 5.3151e-009 1.0971e-007 1.1563e-006 2.2109e-005 4.0836e-004 5.6694e-003 9.8717e-001 6.2948e-003 4.1453e-004 2.0506e-005 1.8454e-006 1.2103e-007 1.5136e-007 1.1949e-009 4.3656e-009 1.7198e-008 2.9596e-011 2.8408e-009 5.4191e-011 1.9544e-009 2.9665e-009 1.3700e-009 2.4601e-010 4.0433e-012 8.1472e-012 8.5582e-012
          12 2.6337e-011 3.5672e-009 1.1665e-009 1.5162e-011 1.0786e-010 2.1600e-008 6.1183e-010 1.6923e-007 1.8563e-006 3.2204e-005 5.1824e-004 5.7392e-003 9.8688e-001 6.2440e-003 5.4754e-004 3.1391e-005 2.9327e-006 2.3388e-007 1.9303e-007 1.0328e-010 4.8258e-009 1.8327e-008 7.2537e-010 2.1250e-009 6.4172e-010 4.0028e-010 1.8277e-009 1.7421e-009 9.4169e-010 3.5628e-010 1.2255e-010
          13 1.9098e-010 3.0062e-010 1.2680e-009 4.8843e-010 1.5928e-009 4.2953e-011 1.9645e-008 2.5637e-009 3.9350e-007 3.2124e-006 4.5722e-005 6.4378e-004 5.6171e-003 9.8698e-001 5.9474e-003 7.1263e-004 4.7716e-005 4.6065e-006 4.8890e-007 2.2885e-007 5.8383e-009 8.9236e-009 1.7948e-008 2.1881e-009 4.5948e-010 4.8029e-010 1.5486e-011 4.8613e-010 6.6867e-010 4.0750e-010 1.7303e-010
          14 7.9089e-011 1.1702e-009 2.2815e-010 2.0853e-012 1.5317e-009 3.7056e-009 1.0219e-010 1.8923e-008 8.9723e-010 5.8554e-007 5.3423e-006 6.4274e-005 7.8565e-004 5.2725e-003 9.8751e-001 5.3631e-003 9.1381e-004 7.2807e-005 7.3947e-006 8.9944e-007 3.7924e-007 1.9268e-008 1.0104e-008 2.5189e-008 9.7351e-009 2.9343e-010 2.7635e-010 2.1611e-010 1.9084e-011 1.7948e-012 4.6971e-012
          15 2.6550e-011 9.5405e-010 8.8496e-010 2.4430e-010 6.0356e-010 2.1450e-009 1.3018e-009 4.1243e-012 5.2269e-008 2.7662e-008 8.2119e-007 7.7610e-006 8.6944e-005 9.4113e-004 4.6765e-003 9.8852e-001 4.4954e-003 1.1429e-003 1.1343e-004 1.2129e-005 1.5249e-006 7.1627e-007 7.8379e-008 1.1984e-008 2.2134e-008 1.8267e-008 5.9943e-009 1.0401e-009 1.2763e-010 1.7325e-011 3.9160e-012
          16 1.0367e-010 1.4756e-011 1.6931e-011 1.8355e-011 9.8770e-010 1.9327e-009 3.0071e-009 3.0493e-011 9.9778e-010 6.0026e-008 1.4592e-007 1.6727e-006 1.1970e-005 1.1568e-004 1.1091e-003 3.8440e-003 9.8992e-001 3.4281e-003 1.3696e-003 1.7758e-004 2.1732e-005 2.7705e-006 8.5894e-007 2.7179e-007 1.1009e-007 4.9005e-008 1.6047e-008 3.6966e-009 7.2409e-010 1.5225e-010 4.1903e-011
          17 1.3849e-011 5.9627e-010 2.6904e-010 3.1698e-011 9.8683e-010 9.1879e-010 1.3479e-009 3.6091e-009 2.4896e-009 2.0681e-009 4.1863e-008 1.1761e-007 2.3242e-006 1.7330e-005 1.5209e-004 1.2804e-003 2.8632e-003 9.9151e-001 2.2761e-003 1.5894e-003 2.5373e-004 4.3408e-005 6.1828e-006 1.4617e-006 3.1159e-007 1.1471e-007 1.0266e-007 8.8522e-008 5.5041e-008 2.4152e-008 9.0374e-009
          18 3.6670e-011 2.7786e-010 1.1958e-010 7.1711e-013 3.4194e-011 1.8681e-009 6.9963e-010 9.8323e-010 5.2694e-009 1.0871e-010 7.6573e-009 1.5368e-007 3.3619e-007 3.7323e-006 2.4520e-005 1.9984e-004 1.4326e-003 1.8507e-003 9.9315e-001 1.0256e-003 1.8751e-003 3.4995e-004 7.0206e-005 1.4484e-005 4.5937e-006 1.1458e-006 2.1591e-007 5.7803e-008 2.9042e-008 1.4936e-008 6.3019e-009
          19 1.3448e-010 2.5505e-011 6.2685e-011 8.2863e-011 6.2971e-010 2.9191e-012 7.8885e-010 2.7026e-010 7.2107e-009 5.8305e-009 4.0787e-009 1.8199e-008 1.8253e-007 5.4834e-007 5.9005e-006 3.4658e-005 2.6092e-004 1.5702e-003 7.9356e-004 9.9451e-001 6.8588e-005 2.0703e-003 5.2515e-004 1.1824e-004 2.6504e-005 9.3377e-006 3.5047e-006 1.1947e-006 4.1259e-007 1.4014e-007 4.8416e-008
          20 1.1669e-010 4.8225e-010 4.4338e-010 1.6729e-010 1.7139e-010 1.2530e-009 1.4814e-010 1.1576e-010 4.6169e-012 4.5461e-009 2.3321e-009 4.1574e-010 2.6520e-008 3.0063e-007 9.4655e-007 8.3230e-006 5.0049e-005 3.1591e-004 1.7886e-003 3.3764e-005 9.9433e-001 4.6555e-004 1.9838e-003 7.3039e-004 2.0041e-004 5.4831e-005 2.0256e-005 8.5348e-006 3.5397e-006 1.2979e-006 4.5681e-007
          21 3.5633e-011 6.6162e-010 4.4655e-010 8.3938e-011 7.7694e-011 8.8347e-010 1.2394e-009 3.7355e-010 1.6403e-009 1.0866e-012 5.5971e-010 4.2878e-009 2.7134e-009 6.2001e-008 4.8040e-007 1.9845e-006 1.1449e-005 7.3911e-005 3.6085e-004 2.0234e-003 4.7307e-004 9.9024e-001 3.7714e-003 1.5265e-003 9.5860e-004 3.4636e-004 1.0960e-004 4.1100e-005 1.7353e-005 6.6580e-006 2.4012e-006
          22 1.4309e-013 3.4251e-010 1.4412e-010 6.3567e-012 4.2592e-010 1.1132e-011 6.4569e-010 9.5055e-010 7.0004e-011 5.6619e-010 1.9899e-010 1.0602e-008 7.0932e-009 5.7029e-009 1.2971e-007 7.7136e-007 3.1369e-006 1.9588e-005 9.6046e-005 4.3852e-004 2.2079e-003 3.4445e-003 9.7891e-001 1.2232e-002 6.4201e-004 1.0037e-003 5.1539e-004 2.0722e-004 8.3777e-005 3.1353e-005 1.1236e-005
          23 1.3769e-011 4.7788e-011 1.0337e-012 6.0721e-012 3.3468e-010 3.1749e-010 5.8224e-012 3.6439e-010 1.1065e-009 2.5731e-012 2.7014e-010 1.3212e-009 5.9614e-009 8.7749e-009 1.6853e-008 1.9814e-007 1.4621e-006 3.7815e-006 3.1526e-005 1.2143e-004 5.1417e-004 2.4320e-003 1.0958e-002 9.5429e-001 2.9378e-002 1.0406e-006 6.5966e-004 5.5956e-004 2.9190e-004 1.1875e-004 4.3629e-005
          24 3.1397e-011 1.2608e-011 4.7654e-011 1.8404e-011 6.5403e-011 5.4865e-010 1.9187e-010 1.1245e-012 2.0327e-009 8.3514e-010 2.8786e-010 7.0809e-010 6.7348e-010 1.1223e-008 1.3157e-008 4.8027e-008 4.9267e-007 1.8992e-006 8.3682e-006 4.1468e-005 1.4748e-004 6.0919e-004 2.6277e-003 2.6898e-002 9.0804e-001 5.7720e-002 1.8703e-003 3.5813e-005 2.3076e-004 1.5419e-004 6.5697e-005
          25 3.2289e-011 1.0439e-010 1.0757e-010 1.3773e-011 6.0072e-012 2.9215e-010 3.0626e-010 1.0227e-010 9.2926e-010 1.1879e-009 1.5506e-010 1.2142e-009 6.6054e-011 3.7755e-009 1.7926e-008 3.3177e-008 1.2585e-007 1.0847e-006 3.1137e-006 1.4236e-005 6.1158e-005 1.8702e-004 6.9399e-004 2.8081e-003 5.6008e-002 8.2955e-001 9.7087e-002 1.0622e-002 1.0970e-003 9.5914e-005 1.1251e-005
          26 2.2192e-011 1.6692e-010 1.0678e-010 4.5366e-012 8.6863e-011 4.3709e-011 1.5899e-010 1.4928e-010 7.0106e-011 5.4475e-010 4.2811e-011 1.0867e-010 1.0138e-010 1.5352e-010 1.0578e-008 2.9893e-008 4.6445e-008 4.2503e-007 1.2682e-006 6.0325e-006 2.1351e-005 7.5715e-005 2.2605e-004 7.9417e-004 3.0554e-003 1.0594e-001 7.0652e-001 1.3802e-001 2.8919e-002 6.7889e-003 1.9201e-003
          27 1.1448e-011 1.6199e-010 7.1078e-011 3.5475e-013 1.4339e-010 5.5411e-012 2.7489e-011 8.0420e-011 6.6750e-011 7.0694e-011 5.2091e-012 2.0751e-010 4.5569e-012 1.0297e-010 2.6770e-009 1.8255e-008 2.8248e-008 1.5798e-007 5.0106e-007 2.6359e-006 9.7140e-006 3.0102e-005 9.6021e-005 2.6726e-004 8.8708e-004 3.3296e-003 1.8704e-001 5.3107e-001 1.5401e-001 4.3091e-002 1.3428e-002
          28 4.6580e-012 1.1982e-010 3.6511e-011 1.7645e-013 1.3468e-010 5.7439e-011 4.4203e-013 2.0327e-011 2.4916e-010 5.6975e-012 4.0232e-014 6.9565e-010 1.5325e-010 1.2853e-010 2.2832e-010 7.7855e-009 1.8817e-008 7.4265e-008 2.3287e-007 1.1380e-006 5.1224e-006 1.4432e-005 4.0835e-005 1.2509e-004 3.1288e-004 9.4202e-004 3.7213e-003 3.1182e-001 3.1053e-001 1.0940e-001 3.6296e-002
          29 1.5414e-012 7.2818e-011 1.5550e-011 7.3696e-013 9.2431e-011 8.3050e-011 1.4048e-011 1.3947e-012 2.7040e-010 5.2576e-011 2.0197e-013 7.1842e-010 2.4849e-010 2.9796e-011 1.3528e-012 2.7034e-009 1.1156e-008 4.0290e-008 1.2831e-007 5.0773e-007 2.5166e-006 7.3885e-006 1.9249e-005 5.3278e-005 1.4224e-004 3.5120e-004 9.6883e-004 4.5624e-003 4.9371e-001 9.7252e-002 4.1097e-002
          30 3.9642e-013 3.2208e-011 5.1483e-012 6.3294e-013 4.3370e-011 5.5298e-011 1.5500e-011 1.1249e-013 1.5393e-010 4.9152e-011 1.9319e-013 3.9187e-010 1.6559e-010 9.6580e-013 2.1056e-011 7.7987e-010 4.9119e-009 1.7838e-008 5.9639e-008 1.9718e-007 9.6838e-007 3.0495e-006 7.8694e-006 1.9569e-005 5.2188e-005 1.2424e-004 2.7863e-004 8.2813e-004 6.2641e-003 7.3151e-001 2.2084e-002
