   v'->v''           0           1           2           3           4           5           6
           0 9.9182e-001 8.1055e-003 7.3769e-005 1.4892e-006 4.0156e-008 1.1312e-008 9.9052e-010
           1 8.1651e-003 9.7262e-001 1.8932e-002 2.7776e-004 7.6332e-006 2.4071e-007 8.8820e-008
           2 1.5201e-005 1.9194e-002 9.4648e-001 3.3560e-002 7.2433e-004 2.4762e-005 1.2636e-006
           3 1.7634e-007 8.0247e-005 3.4227e-002 9.1032e-001 5.3652e-002 1.6422e-003 6.9962e-005
           4 1.0621e-010 1.1818e-006 2.8225e-004 5.4969e-002 8.5905e-001 8.1921e-002 3.5630e-003
           5 7.7782e-010 1.6453e-011 5.6894e-006 8.4315e-004 8.4122e-002 7.8412e-001 1.2236e-001
           6 2.4900e-009 5.8237e-009 3.1927e-008 2.4200e-005 2.3387e-003 1.2558e-001 6.7131e-001
           7 2.5999e-009 1.8787e-008 1.4579e-010 4.1317e-007 9.8449e-005 6.2859e-003 1.8397e-001
           8 4.4375e-010 1.9205e-008 1.3851e-008 7.9545e-009 3.1825e-006 4.0061e-004 1.6846e-002
           9 3.4733e-010 1.9640e-009 2.1825e-008 1.2938e-008 1.2739e-007 2.2246e-005 1.7051e-003
          10 6.1194e-010 3.4317e-009 6.6925e-009 2.3671e-008 5.0276e-009 1.4698e-006 1.6128e-004
          11 1.1901e-010 3.3082e-009 5.0204e-010 1.3732e-008 2.2936e-008 3.8084e-008 1.7007e-005
          12 2.7919e-010 1.0971e-009 4.7582e-009 2.0525e-010 2.5510e-008 2.2285e-009 1.5780e-006
          13 1.4153e-010 1.6935e-009 4.8051e-011 5.2520e-009 4.3924e-009 2.3888e-008 9.4705e-008
          14 5.7928e-011 1.3133e-009 2.9501e-009 1.4885e-009 4.3575e-009 1.9030e-008 1.2135e-008
          15 1.7421e-010 2.1176e-010 4.5824e-011 2.7423e-009 4.7128e-009 2.2420e-011 4.4142e-008
          16 9.5800e-012 1.2712e-009 1.4135e-009 3.9957e-010 1.1825e-009 6.5414e-009 1.5258e-008
          17 7.0317e-011 2.1167e-010 6.5350e-010 2.0997e-009 2.2199e-009 5.4913e-010 1.1025e-009
          18 1.2967e-010 2.4785e-010 1.1668e-010 9.3085e-011 1.4837e-009 2.8444e-009 9.8581e-009
          19 4.1035e-011 7.8494e-010 8.4838e-010 7.5277e-010 3.0745e-010 5.1083e-011 1.6607e-010
          20 9.8677e-013 3.8798e-010 4.2885e-010 9.3446e-010 1.8511e-009 1.9380e-009 5.1324e-009
          21 3.8493e-011 6.5758e-012 4.3219e-013 9.4747e-011 6.4765e-010 6.4718e-010 2.0172e-009
          22 6.0122e-011 1.4033e-010 2.3036e-010 1.4266e-010 2.9973e-011 8.7928e-011 3.0225e-010
          23 4.2035e-011 3.4619e-010 4.2966e-010 4.7939e-010 6.1367e-010 7.2827e-010 1.9300e-009
          24 1.5743e-011 3.4009e-010 3.2216e-010 4.1401e-010 7.4413e-010 5.6710e-010 1.0113e-009
          25 2.1653e-012 2.0748e-010 1.3142e-010 1.7043e-010 3.8336e-010 1.2491e-010 5.1126e-011
          26 1.2941e-013 8.7891e-011 2.4987e-011 2.7742e-011 9.1246e-011 5.3487e-013 1.2861e-010
          27 1.8851e-012 2.6011e-011 1.5719e-013 9.3578e-014 3.1943e-012 5.9435e-011 3.6627e-010
          28 2.7469e-012 5.0412e-012 3.6881e-012 9.0381e-012 5.4251e-012 9.3865e-011 3.5594e-010
          29 1.8659e-012 6.1132e-013 5.0004e-012 1.0181e-011 9.7929e-012 6.3529e-011 1.9616e-010
          30 8.4412e-013 7.6392e-014 2.7414e-012 5.3368e-012 5.6739e-012 2.8477e-011 8.1001e-011
