   v'->v''           0           1           2           3           4           5           6           7           8           9          10          11          12          13          14          15          16          17          18          19          20          21          22          23          24          25
           0 1.8781e-002 9.7400e-002 2.1857e-001 2.7848e-001 2.2191e-001 1.1496e-001 3.9344e-002 8.9733e-003 1.3561e-003 1.2408e-004 5.1600e-006 7.8872e-008 9.8066e-010 2.9184e-008 1.0492e-008 6.9365e-010 7.5456e-010 3.3984e-009 1.5334e-009 5.0340e-010 1.6295e-009 4.1375e-010 9.0851e-012 1.8386e-010 1.8400e-010 8.2126e-011
           1 5.5745e-002 1.6098e-001 1.3581e-001 1.2573e-002 4.9179e-002 1.9622e-001 2.1875e-001 1.2263e-001 3.9714e-002 7.6835e-003 8.4017e-004 4.2194e-005 6.4192e-007 1.9482e-009 3.2727e-008 1.4107e-008 7.2604e-009 9.4716e-012 7.5425e-009 5.6284e-010 1.3950e-009 1.0227e-009 3.2809e-012 2.6123e-010 3.3143e-010 1.5600e-010
           2 9.5224e-002 1.3867e-001 1.6193e-002 4.9138e-002 1.1877e-001 1.7605e-002 4.8494e-002 1.9925e-001 1.9856e-001 9.2225e-002 2.2784e-002 2.9163e-003 1.5772e-004 1.9066e-006 2.3478e-008 4.1375e-008 1.2381e-008 1.4796e-008 7.4292e-011 9.2088e-009 4.0921e-010 1.3052e-009 6.6712e-010 5.1099e-012 2.8009e-010 2.4646e-010
           3 1.2086e-001 7.2945e-002 8.9731e-003 9.4061e-002 1.2687e-002 5.4829e-002 9.8624e-002 1.4399e-003 1.0122e-001 2.2357e-001 1.5436e-001 4.8742e-002 7.1932e-003 3.9578e-004 2.7933e-006 1.6321e-007 2.6458e-008 7.7755e-010 1.1552e-008 5.6952e-010 4.1218e-009 5.2427e-011 3.6251e-010 5.6750e-011 4.9297e-011 1.0476e-010
           4 1.2852e-001 2.0250e-002 5.1824e-002 4.5330e-002 1.8127e-002 7.7634e-002 4.5096e-005 8.9305e-002 5.3058e-002 1.9095e-002 1.8951e-001 2.0795e-001 8.4423e-002 1.4117e-002 7.3951e-004 1.1918e-006 8.3037e-007 1.5841e-008 6.5281e-010 2.1126e-008 6.7259e-011 5.1673e-009 7.1428e-010 2.5544e-010 4.9760e-010 1.8606e-010
           5 1.2163e-001 4.2357e-004 7.1793e-002 2.9883e-003 6.1360e-002 1.2347e-002 5.0861e-002 4.0231e-002 2.4582e-002 9.9188e-002 1.6611e-003 1.2281e-001 2.3981e-001 1.2598e-001 2.3303e-002 1.0535e-003 9.8636e-007 2.2268e-006 1.4187e-008 1.2689e-011 2.6197e-008 2.3144e-009 1.5891e-009 8.6701e-010 6.4890e-012 4.4412e-011
           6 1.0592e-001 6.2551e-003 5.7706e-002 7.7449e-003 5.1380e-002 6.6924e-003 5.7360e-002 2.7480e-003 7.2771e-002 4.6753e-004 8.8615e-002 3.3476e-002 5.7837e-002 2.4752e-001 1.6906e-001 3.3416e-002 1.0999e-003 2.5927e-005 3.0525e-006 3.3618e-007 1.7121e-008 2.8193e-008 1.5231e-008 2.4576e-010 4.1095e-010 2.6590e-010
           7 8.6922e-002 2.2965e-002 3.0438e-002 3.2208e-002 1.6696e-002 3.8560e-002 1.2509e-002 4.4107e-002 1.4712e-002 4.8055e-002 2.8023e-002 4.4112e-002 7.4088e-002 1.5919e-002 2.3733e-001 2.1038e-001 4.2183e-002 7.0038e-004 1.2107e-004 6.4270e-007 1.2605e-006 3.0435e-007 2.5372e-011 2.1900e-008 1.0719e-008 2.3192e-009
           8 6.8376e-002 3.9279e-002 9.0494e-003 4.6456e-002 1.6845e-004 4.6170e-002 1.7586e-003 4.5359e-002 6.1661e-003 4.8306e-002 9.4865e-003 6.0481e-002 8.2085e-003 9.4948e-002 5.5254e-004 2.1981e-001 2.4847e-001 4.6554e-002 9.3086e-005 2.8789e-004 6.2953e-006 1.0841e-006 1.0977e-006 2.4150e-007 2.6336e-008 1.9515e-009
           9 5.2184e-002 4.9927e-002 3.3254e-004 4.3059e-002 7.2748e-003 2.6995e-002 2.2456e-002 1.3340e-002 3.6811e-002 5.0803e-003 4.9560e-002 1.5208e-003 6.4173e-002 7.5812e-004 9.0696e-002 3.3054e-003 2.0563e-001 2.8285e-001 4.3217e-002 3.5171e-004 3.5605e-004 6.6905e-005 2.1483e-006 3.9333e-007 6.7780e-007 2.9153e-007
          10 3.8977e-002 5.4036e-002 2.2637e-003 2.9241e-002 2.2483e-002 6.6428e-003 3.6396e-002 5.9001e-005 3.7520e-002 7.3508e-003 3.0556e-002 2.2632e-002 2.1698e-002 4.2417e-002 1.5111e-002 7.1002e-002 1.2577e-002 2.0375e-001 3.1170e-001 3.0025e-002 3.2173e-003 9.1999e-005 1.6552e-004 4.5726e-005 7.3887e-006 9.4099e-007
          11 2.8682e-002 5.2914e-002 9.7895e-003 1.4455e-002 3.2278e-002 1.5953e-005 3.0593e-002 1.1199e-002 1.4689e-002 2.9832e-002 1.8694e-003 4.1711e-002 1.8047e-003 4.2530e-002 1.6485e-002 3.4711e-002 4.8022e-002 1.9341e-002 2.2246e-001 3.2738e-001 1.0047e-002 8.6264e-003 3.2727e-004 4.2806e-005 7.8990e-005 3.4703e-005
          12 2.0903e-002 4.8459e-002 1.8427e-002 4.3351e-003 3.2602e-002 5.5589e-003 1.5389e-002 2.5204e-002 5.5746e-004 3.1824e-002 6.6162e-003 2.0069e-002 2.7400e-002 3.9697e-003 4.5938e-002 1.9215e-003 4.7693e-002 2.9280e-002 1.8746e-002 2.7204e-001 3.0929e-001 3.7698e-004 9.3283e-003 3.2913e-003 5.0090e-004 5.2012e-005
          13 1.5144e-002 4.2346e-002 2.5466e-002 2.1664e-004 2.6006e-002 1.5102e-002 3.5313e-003 2.8147e-002 3.9499e-003 1.6240e-002 2.3262e-002 9.7441e-004 3.2956e-002 7.1789e-003 1.9614e-002 3.3723e-002 9.4011e-004 5.1021e-002 1.6688e-002 1.0053e-002 3.6230e-001 2.2691e-001 2.8138e-002 6.8586e-004 3.2398e-003 1.5850e-003
          14 1.0942e-002 3.5782e-002 2.9842e-002 8.6134e-004 1.6927e-002 2.2096e-002 1.1750e-005 2.0891e-002 1.4507e-002 2.7597e-003 2.6975e-002 4.7759e-003 1.4507e-002 2.6254e-002 4.9118e-005 3.1713e-002 1.7194e-002 7.4384e-003 4.7474e-002 8.8616e-003 3.5336e-004 4.7811e-001 8.3180e-002 7.6021e-002 1.3162e-002 1.2132e-003
          15 7.9009e-003 2.9504e-002 3.1547e-002 4.1987e-003 8.8054e-003 2.4113e-002 3.0775e-003 1.0626e-002 2.1321e-002 4.1883e-004 1.7493e-002 1.6985e-002 9.3253e-004 2.5963e-002 1.0222e-002 7.1497e-003 3.2324e-002 5.3354e-003 1.4619e-002 4.1119e-002 3.6919e-003 1.3333e-002 5.3747e-001 1.1098e-003 3.6347e-002 2.3085e-002
          16 5.7138e-003 2.3899e-002 3.1102e-002 8.3729e-003 3.2889e-003 2.1825e-002 8.6524e-003 3.0759e-003 2.0970e-002 5.9001e-003 6.1155e-003 2.2007e-002 2.5658e-003 1.1850e-002 2.2556e-002 5.6506e-004 1.7977e-002 2.4170e-002 4.4748e-004 1.8748e-002 3.5451e-002 1.5088e-004 9.4754e-002 3.6692e-001 1.2488e-001 1.3116e-002
          17 4.1436e-003 1.9107e-002 2.9161e-002 1.2133e-002 5.6575e-004 1.7149e-002 1.3443e-002 1.0275e-004 1.5698e-002 1.2421e-002 4.1463e-004 1.7676e-002 1.0904e-002 1.4564e-003 2.0806e-002 1.0240e-002 2.2410e-003 2.3409e-002 1.3871e-002 3.3080e-004 1.8739e-002 3.5081e-002 7.5199e-003 2.3894e-001 3.6985e-002 7.3490e-002
          18 3.0141e-003 1.5119e-002 2.6313e-002 1.4824e-002 2.5619e-005 1.1925e-002 1.5911e-002 7.8156e-004 9.1957e-003 1.5790e-002 8.7009e-004 9.6488e-003 1.6274e-002 7.0581e-004 1.0826e-002 1.7976e-002 1.2332e-003 9.5874e-003 2.1490e-002 6.0831e-003 1.8674e-003 1.4994e-002 4.8208e-002 6.3051e-002 2.0048e-001 5.3762e-002
          19 2.1974e-003 1.1850e-002 2.3006e-002 1.6227e-002 8.0267e-004 7.3596e-003 1.5955e-002 3.2070e-003 4.0328e-003 1.5341e-002 4.3349e-003 3.2352e-003 1.5822e-002 5.3198e-003 2.6553e-003 1.6760e-002 8.1196e-003 7.8387e-004 1.5087e-002 1.5362e-002 1.9057e-003 3.0311e-003 7.3360e-003 1.0461e-001 1.5071e-001 2.8770e-004
          20 1.6015e-003 9.1893e-003 1.9541e-002 1.6376e-002 2.0914e-003 3.9858e-003 1.4230e-002 5.7058e-003 1.0910e-003 1.2411e-002 7.6789e-003 3.2373e-004 1.1657e-002 9.6349e-003 6.5253e-006 1.0451e-002 1.2921e-002 9.7074e-004 5.5327e-003 1.5396e-002 8.9403e-003 3.3791e-004 3.6293e-003 4.7490e-005 2.5494e-001 2.0727e-002
          21 1.1664e-003 7.0533e-003 1.6173e-002 1.5503e-002 3.2982e-003 1.8475e-003 1.1634e-002 7.3298e-003 5.6937e-005 8.7430e-003 9.3573e-003 1.7442e-004 6.8805e-003 1.1115e-002 1.1904e-003 4.4772e-003 1.2717e-002 4.7914e-003 5.9488e-004 9.5719e-003 1.1857e-002 4.2801e-003 1.7355e-005 6.1945e-003 4.9720e-002 2.0655e-001
          22 8.5082e-004 5.3759e-003 1.3115e-002 1.3970e-002 4.1103e-003 6.9348e-004 8.9359e-003 7.8711e-003 1.3667e-004 5.5321e-003 9.3299e-003 1.2281e-003 3.3006e-003 1.0124e-002 3.3376e-003 1.1286e-003 9.5661e-003 7.5567e-003 2.2358e-004 4.0084e-003 9.9676e-003 7.3426e-003 1.7240e-003 3.6060e-005 3.2324e-002 2.0660e-001
          23 6.2384e-004 4.0871e-003 1.0487e-002 1.2136e-002 4.4593e-003 1.8094e-004 6.5890e-003 7.5663e-003 6.1669e-004 3.2227e-003 8.2471e-003 2.3305e-003 1.2508e-003 8.0096e-003 4.8030e-003 5.1205e-005 6.0324e-003 8.0942e-003 1.6437e-003 9.9428e-004 6.4501e-003 7.6505e-003 3.7005e-003 5.7648e-004 3.6565e-003 1.9943e-001
          24 4.7180e-004 3.1850e-003 8.5166e-003 1.0529e-002 4.5457e-003 1.5732e-005 4.8550e-003 6.9529e-003 1.1175e-003 1.7927e-003 6.9416e-003 3.0965e-003 3.2897e-004 5.9512e-003 5.4141e-003 1.4007e-004 3.4140e-003 7.3294e-003 3.0454e-003 4.5860e-005 3.5413e-003 6.4108e-003 4.6687e-003 1.7300e-003 6.7270e-006 1.0058e-001
          25 3.6593e-004 2.5333e-003 7.0108e-003 9.1467e-003 4.4651e-003 9.2042e-006 3.5888e-003 6.2295e-003 1.5117e-003 9.4308e-004 5.6876e-003 3.5040e-003 2.5133e-005 4.2531e-003 5.4085e-003 6.2307e-004 1.7362e-003 6.0558e-003 3.8931e-003 1.2852e-004 1.6543e-003 4.7499e-003 4.6394e-003 2.4966e-003 1.1249e-003 3.4079e-002
          26 2.8692e-004 2.0292e-003 5.7809e-003 7.8860e-003 4.2399e-003 6.6307e-005 2.6408e-003 5.4455e-003 1.7573e-003 4.5462e-004 4.5465e-003 3.5955e-003 2.2824e-005 2.9319e-003 4.9966e-003 1.1226e-003 7.6290e-004 4.6882e-003 4.1545e-003 5.6759e-004 6.1386e-004 3.2180e-003 4.0317e-003 2.7096e-003 1.0845e-003 1.8542e-002
          27 2.2449e-004 1.6166e-003 4.7184e-003 6.6782e-003 3.8766e-003 1.3561e-004 1.9204e-003 4.6240e-003 1.8401e-003 1.9236e-004 3.5387e-003 3.4227e-003 1.3638e-004 1.9500e-003 4.3395e-003 1.4647e-003 2.6727e-004 3.4412e-003 3.9492e-003 9.9418e-004 1.4818e-004 2.0233e-003 3.2071e-003 2.5697e-003 1.3214e-003 1.9717e-003
          28 1.7209e-004 1.2578e-003 3.7451e-003 5.4617e-003 3.3673e-003 1.8608e-004 1.3638e-003 3.7663e-003 1.7541e-003 6.6583e-005 2.6568e-003 3.0268e-003 2.5362e-004 1.2462e-003 3.5434e-003 1.5779e-003 6.1113e-005 2.3984e-003 3.4166e-003 1.2306e-003 8.5230e-006 1.1862e-003 2.3716e-003 2.1946e-003 1.3132e-003 3.0036e-003
          29 1.2568e-004 9.2947e-004 2.8112e-003 4.1964e-003 2.7087e-003 1.9935e-004 9.2638e-004 2.8725e-003 1.5031e-003 1.6586e-005 1.8864e-003 2.4469e-003 3.1031e-004 7.5774e-004 2.6799e-003 1.4501e-003 3.8496e-006 1.5734e-003 2.6804e-003 1.2176e-003 9.3003e-006 6.4841e-004 1.6250e-003 1.6856e-003 1.0804e-003 5.0787e-005
          30 8.3220e-005 6.2075e-004 1.8990e-003 2.8829e-003 1.9225e-003 1.6937e-004 5.7730e-004 1.9582e-003 1.1116e-003 2.2333e-006 1.2148e-003 1.7345e-003 2.8150e-004 4.2680e-004 1.8049e-003 1.1152e-003 1.8083e-006 9.4329e-004 1.8457e-003 9.7470e-004 3.4732e-005 3.2710e-004 1.0043e-003 1.1345e-003 7.6384e-004 4.5652e-004
          31 4.5142e-005 3.3854e-004 1.0431e-003 1.6003e-003 1.0889e-003 1.0635e-004 3.0030e-004 1.0806e-003 6.4478e-004 5.1337e-008 6.4539e-004 9.7959e-004 1.8246e-004 2.0604e-004 9.8585e-004 6.6002e-004 5.7317e-006 4.7569e-004 1.0204e-003 5.8884e-004 3.5432e-005 1.4434e-004 5.1599e-004 6.1623e-004 4.3001e-004 2.0620e-004
          32 1.6748e-005 1.2593e-004 3.8931e-004 6.0027e-004 4.1232e-004 4.2192e-005 1.0910e-004 4.0406e-004 2.4680e-004 1.4419e-008 2.3686e-004 3.7022e-004 7.3335e-005 7.1993e-005 3.6658e-004 2.5478e-004 3.5002e-006 1.6994e-004 3.8143e-004 2.2927e-004 1.6782e-005 4.7974e-005 1.8596e-004 2.2821e-004 1.6222e-004 7.0760e-005
