   v'->v''           0           1           2           3           4           5           6
           0 9.9081e-001 8.0173e-003 7.3998e-004 3.7605e-004 4.6361e-005 2.6230e-008 2.9108e-006
           1 7.2840e-003 9.7035e-001 2.0825e-002 6.6159e-004 7.1950e-004 1.4504e-004 7.1335e-006
           2 1.8033e-003 1.7706e-002 9.3371e-001 4.5233e-002 1.3166e-004 1.0012e-003 3.4955e-004
           3 8.9798e-005 3.8021e-003 3.7935e-002 8.7465e-001 8.1462e-002 1.7794e-004 1.0445e-003
           4 5.1387e-006 1.0830e-004 6.6692e-003 6.7387e-002 7.9034e-001 1.3077e-001 2.6859e-003
           5 6.4702e-007 1.2908e-005 8.6671e-005 1.1597e-002 1.0717e-001 6.7463e-001 1.9304e-001
           6 1.9990e-006 2.2478e-007 3.1791e-005 2.7950e-005 1.9996e-002 1.5801e-001 5.2420e-001
           7 4.2377e-007 2.0978e-006 5.7041e-008 6.2920e-005 1.2945e-005 3.4618e-002 2.1566e-001
           8 3.3138e-008 6.0853e-007 1.4934e-006 7.0340e-007 1.1971e-004 3.9225e-004 6.0122e-002
           9 3.0461e-008 1.6232e-007 9.6132e-007 1.0180e-006 1.2647e-006 2.5221e-004 2.2617e-003
          10 1.3988e-007 8.6495e-009 4.9420e-007 1.0517e-006 3.6149e-007 5.6616e-007 6.2802e-004
          11 8.6700e-008 1.4289e-007 6.8991e-009 9.6257e-007 9.9267e-007 6.5907e-011 1.5196e-006
          12 1.1810e-008 9.2266e-008 5.6818e-008 7.1109e-008 1.2846e-006 8.5919e-007 8.7046e-007
          13 6.3217e-011 2.6160e-008 6.5938e-008 1.0200e-008 1.6649e-007 1.4108e-006 8.0635e-007
          14 2.3032e-009 9.0084e-009 6.5306e-008 2.8304e-008 1.2307e-008 2.7363e-007 1.3538e-006
          15 4.6131e-009 1.7728e-009 5.5370e-008 7.4969e-008 1.1171e-009 1.2230e-007 3.4640e-007
          16 7.6535e-009 1.2909e-009 1.8686e-008 1.0473e-007 6.8520e-008 1.0921e-008 3.2591e-007
          17 8.6234e-009 1.0677e-008 1.3817e-010 5.2072e-008 1.1954e-007 4.3985e-008 4.8091e-008
          18 5.4984e-009 1.5160e-008 4.4244e-009 7.2347e-009 6.3712e-008 8.4655e-008 1.5593e-008
          19 1.5254e-009 9.7786e-009 7.3369e-009 1.1422e-011 1.9053e-008 4.9449e-008 3.1764e-008
          20 1.0563e-011 3.3760e-009 5.6266e-009 8.4485e-010 7.0571e-009 3.0313e-008 2.3426e-008
          21 4.8505e-010 5.7044e-010 3.7924e-009 9.2807e-010 4.4895e-009 2.8091e-008 3.2128e-008
          22 1.1763e-009 1.5493e-011 2.9259e-009 1.1360e-009 2.5143e-009 2.5100e-008 4.5732e-008
          23 1.3539e-009 1.9837e-011 2.5429e-009 1.7916e-009 6.0406e-010 1.6643e-008 4.5223e-008
          24 1.1834e-009 4.4081e-011 2.2836e-009 2.7124e-009 8.0739e-012 8.0948e-009 3.3272e-008
          25 9.0361e-010 4.0115e-011 1.9775e-009 3.5328e-009 6.9114e-010 2.7127e-009 1.9923e-008
          26 6.3533e-010 2.8667e-011 1.5994e-009 3.9544e-009 1.8534e-009 4.4515e-010 1.0274e-008
          27 4.2278e-010 1.9865e-011 1.1975e-009 3.8815e-009 2.7621e-009 8.6562e-013 4.7777e-009
          28 2.6971e-010 1.4679e-011 8.2779e-010 3.3902e-009 3.0741e-009 2.0536e-010 2.0896e-009
          29 1.6478e-010 1.1461e-011 5.2642e-010 2.6386e-009 2.7880e-009 4.1997e-010 8.9316e-010
          30 9.3967e-011 8.5490e-012 3.0259e-010 1.7876e-009 2.0822e-009 4.4133e-010 3.7979e-010
          31 4.6013e-011 5.1592e-012 1.4696e-010 9.7315e-010 1.2000e-009 2.9816e-010 1.5274e-010
          32 1.6224e-011 2.0302e-012 5.1387e-011 3.6056e-010 4.5640e-010 1.2098e-010 4.8923e-011
