   v'->v''           0           1           2           3           4           5           6           7           8           9          10          11          12          13          14          15          16          17          18          19          20          21          22          23          24          25          26          27          28          29          30
           0 9.9632e-001 3.5577e-003 1.1787e-004 2.8086e-006 2.9830e-007 2.0513e-008 1.5795e-009 3.3859e-009 2.8686e-010 5.9623e-010 5.4048e-012 3.4539e-012 1.0197e-009 1.9674e-009 6.6101e-010 1.8352e-014 1.5592e-010 1.1768e-010 2.8457e-011 1.3284e-011 4.6370e-011 1.4019e-010 2.4206e-010 2.7182e-010 2.1994e-010 1.3897e-010 7.0246e-011 2.9251e-011 1.0203e-011 3.0411e-012 3.7894e-013
           1 3.6385e-003 9.9020e-001 5.7448e-003 4.0621e-004 6.0798e-006 1.7771e-006 2.0983e-007 9.9253e-009 9.9278e-009 1.1968e-009 1.6681e-008 7.6412e-010 3.2359e-010 1.2162e-009 4.1920e-009 9.4426e-010 2.7074e-010 1.0923e-009 4.5552e-010 2.8391e-011 1.0745e-012 7.7795e-011 4.3395e-010 8.8470e-010 1.0526e-009 8.9580e-010 5.9404e-010 3.2777e-010 1.5656e-010 6.4492e-011 9.9354e-012
           2 3.9964e-005 6.0248e-003 9.8758e-001 5.2334e-003 1.1128e-003 3.1544e-006 5.4038e-006 7.5381e-007 7.2590e-008 7.0458e-009 2.4857e-009 2.2920e-008 2.3635e-009 7.6304e-010 3.8935e-009 1.0610e-009 1.1459e-009 3.5930e-009 1.2444e-009 2.9799e-013 1.2776e-010 4.2383e-012 6.2707e-010 1.8190e-009 2.3669e-009 2.0271e-009 1.3038e-009 6.8576e-010 3.1064e-010 1.2221e-010 1.8358e-011
           3 6.7870e-010 2.1425e-004 5.6135e-003 9.8975e-001 1.4363e-003 2.9664e-003 3.9501e-006 7.2218e-006 3.9460e-006 4.7625e-008 9.4416e-008 2.5174e-008 4.7779e-009 5.1302e-009 1.1236e-008 2.0988e-008 4.9160e-010 7.2658e-009 9.0678e-009 2.7766e-009 3.8350e-010 2.1104e-010 5.9673e-010 1.0839e-009 1.1143e-009 7.7040e-010 3.9783e-010 1.6935e-010 6.4196e-011 2.2431e-011 3.2022e-012
           4 7.2291e-008 5.3021e-007 9.4373e-004 1.4240e-003 9.8846e-001 1.6762e-003 7.4247e-003 5.2576e-005 1.3561e-007 1.1043e-005 8.2507e-007 2.2913e-007 5.4887e-007 4.6146e-010 1.1004e-007 1.5537e-008 5.0486e-009 5.5886e-009 5.0807e-010 3.7383e-011 7.8636e-010 3.5884e-009 7.8932e-009 9.5145e-009 6.9449e-009 3.2328e-009 8.6165e-010 7.3115e-011 1.1846e-011 5.6548e-011 1.7135e-011
           5 5.7284e-009 2.3235e-007 7.6216e-007 3.1534e-003 2.6264e-003 9.6079e-001 1.9520e-002 1.3810e-002 7.4726e-005 1.0635e-005 6.5657e-006 6.0366e-006 1.4070e-007 7.5243e-007 2.8859e-007 7.2716e-011 5.8214e-008 8.0034e-008 2.8568e-008 7.4789e-013 1.0221e-008 1.0311e-008 1.9368e-009 2.8103e-010 2.8525e-009 4.2850e-009 3.8565e-009 2.7203e-009 1.6464e-009 8.3412e-010 1.4431e-010
           6 1.8959e-009 3.3621e-008 1.8020e-007 1.5103e-005 5.9413e-003 2.7668e-002 8.9870e-001 4.7625e-002 1.9957e-002 5.4817e-005 2.5576e-005 6.7084e-007 7.6368e-006 2.3764e-006 1.1518e-007 4.0450e-007 1.4382e-007 5.9527e-009 4.6941e-008 1.0701e-007 4.9585e-008 2.8464e-009 2.9316e-009 6.5477e-009 4.2255e-009 1.7713e-009 6.5935e-010 2.7252e-010 1.2885e-010 5.9851e-011 1.0111e-011
           7 2.8241e-011 7.9206e-009 5.4343e-007 1.0053e-005 3.7790e-004 5.1180e-003 6.9144e-002 8.1522e-001 8.2699e-002 2.7334e-002 4.4576e-005 3.1749e-005 1.4329e-006 6.1470e-006 5.8347e-006 2.5808e-007 1.3808e-007 3.9279e-007 2.0977e-007 1.9035e-009 5.9699e-008 7.9293e-008 3.5865e-008 8.6675e-009 1.0050e-009 1.5326e-011 7.1371e-010 1.6333e-009 2.0082e-009 1.5552e-009 3.2416e-010
           8 1.3732e-009 4.8344e-009 3.7701e-008 1.9995e-007 2.3948e-005 1.7254e-003 1.6950e-003 1.1861e-001 7.1982e-001 1.2217e-001 3.5863e-002 5.1464e-005 1.9848e-005 9.5481e-006 2.0185e-006 6.8898e-006 2.0314e-006 7.6145e-008 2.5722e-007 4.3571e-007 1.5432e-007 1.0915e-008 3.7033e-009 1.8500e-008 2.6174e-008 2.4031e-008 1.5789e-008 7.7540e-009 2.9406e-009 8.9487e-010 1.1056e-010
           9 6.0796e-010 1.1567e-008 6.2625e-008 1.1337e-006 7.3380e-006 3.5783e-006 3.1855e-003 5.2218e-006 1.6951e-001 6.1437e-001 1.6547e-001 4.7294e-002 1.2046e-004 4.3601e-006 2.0087e-005 4.4476e-009 5.0877e-006 4.1919e-006 8.9154e-007 3.5014e-009 2.8785e-007 3.6493e-007 2.1703e-007 6.9712e-008 7.5520e-009 8.1177e-010 7.2911e-009 1.0176e-008 8.6086e-009 5.1782e-009 9.5950e-010
          10 6.1483e-052 1.8427e-052 1.1370e-050 7.6826e-052 3.4042e-049 1.3688e-047 1.3852e-046 1.1650e-045 2.2688e-045 8.9291e-044 1.4413e-043 1.2781e-043 1.6124e-043 5.9200e-043 1.0328e-041 2.5515e-040 1.0176e-038 8.5816e-037 8.0549e-035 1.7941e-032 3.5322e-030 2.1575e-027 1.6499e-024 2.2909e-021 3.3759e-018 2.9533e-014 2.5743e-010 6.9426e-007 5.4373e-004 7.3877e-002 3.5956e-001
          11 1.5121e-038 1.5518e-039 2.4284e-037 5.2812e-038 1.4632e-035 3.6642e-034 2.4108e-033 3.2430e-032 2.8372e-032 1.9847e-030 4.5423e-030 1.9125e-030 5.6912e-031 3.3150e-033 2.1293e-035 2.4746e-034 2.0948e-035 7.2744e-035 1.1842e-033 3.5072e-031 6.4251e-029 3.6303e-026 2.5600e-023 3.2242e-020 4.2756e-017 3.0800e-013 2.0158e-009 3.7084e-006 1.5987e-003 1.2056e-001 2.0437e-001
          12 2.3245e-049 1.7139e-051 3.2885e-048 6.4733e-048 3.6543e-046 6.2252e-045 2.5114e-044 5.8610e-043 1.6116e-043 2.8794e-041 9.1096e-041 1.1911e-041 4.7230e-042 1.7219e-040 2.5153e-039 5.3930e-038 1.9006e-036 1.3965e-034 1.1694e-032 2.2628e-030 3.9621e-028 2.0563e-025 1.3286e-022 1.5062e-019 1.7823e-016 1.0411e-012 5.0053e-009 6.1483e-006 1.5268e-003 5.1081e-002 1.0251e-002
          13 6.2092e-048 1.0023e-048 7.8014e-047 1.2423e-045 2.3996e-044 2.2619e-043 2.5798e-043 2.5523e-041 4.4593e-043 8.5331e-040 4.6320e-039 9.5470e-041 4.1524e-039 2.9022e-038 3.0918e-037 5.6619e-036 1.7489e-034 1.1154e-032 8.3093e-031 1.3943e-028 2.1679e-026 9.5471e-024 5.2041e-021 4.8094e-018 4.5600e-015 1.7730e-011 4.7019e-008 2.7411e-005 3.2902e-003 8.3873e-002 1.0033e-001
          14 2.9147e-046 4.7268e-046 5.3398e-045 4.0127e-043 4.4145e-042 2.4090e-041 1.6693e-043 3.6288e-039 1.8462e-039 8.4057e-038 7.5319e-037 2.7572e-037 1.1255e-036 3.7013e-036 2.5715e-035 3.9287e-034 1.0548e-032 5.8125e-031 3.8412e-029 5.5783e-027 7.6883e-025 2.8692e-022 1.3178e-019 9.9121e-017 7.5144e-014 1.9403e-010 2.8542e-007 8.4775e-005 6.2784e-003 7.7182e-002 2.9528e-002
          15 5.2872e-045 3.8542e-043 1.4335e-042 4.8789e-040 3.4620e-039 9.9315e-039 1.7711e-038 2.4202e-036 4.1203e-036 3.7727e-035 5.8105e-034 6.2305e-034 7.3134e-034 7.3343e-034 1.7096e-033 2.0326e-032 4.6852e-031 2.2182e-029 1.2961e-027 1.6256e-025 1.9827e-023 6.2626e-021 2.4205e-018 1.4800e-015 8.9546e-013 1.5341e-009 1.2685e-006 2.1141e-004 1.0607e-002 8.9852e-002 3.5562e-002
          16 2.9664e-032 7.3112e-032 2.1860e-031 1.3864e-028 8.2949e-028 1.6937e-027 8.6624e-027 5.5586e-025 1.3620e-024 7.1984e-024 1.4287e-022 2.0687e-022 1.3923e-022 4.6047e-023 6.0106e-025 2.2082e-026 1.7068e-026 4.8488e-027 7.5449e-027 6.8918e-025 8.8576e-023 2.5911e-020 9.3400e-018 5.2503e-015 2.8985e-012 4.2069e-009 2.7718e-006 3.7696e-004 1.6355e-002 1.1239e-001 5.7047e-003
          17 2.1582e-041 3.3915e-042 1.4498e-041 2.1619e-038 9.9557e-038 1.0043e-037 2.2571e-036 6.4315e-035 2.5525e-034 5.9994e-034 1.8559e-032 3.8864e-032 9.0822e-033 1.5153e-033 7.7626e-032 8.3051e-031 1.6364e-029 6.6312e-028 3.4126e-026 3.6884e-024 3.9739e-022 1.0611e-019 3.4471e-017 1.7113e-014 8.2502e-012 9.3822e-009 4.4581e-006 4.6346e-004 1.6362e-002 7.8970e-002 4.9110e-002
          18 1.2254e-039 6.1299e-041 1.2589e-040 3.0723e-037 8.3753e-037 3.4238e-039 5.5364e-035 5.5670e-034 4.7215e-033 2.1129e-033 2.0736e-031 7.1626e-031 3.9187e-036 5.4878e-031 3.7770e-030 2.8886e-029 4.7373e-028 1.6274e-026 7.3446e-025 6.8224e-023 6.4792e-021 1.4604e-018 3.9826e-016 1.6033e-013 6.1486e-011 4.6501e-008 1.3101e-005 9.3302e-004 2.3601e-002 7.5024e-002 1.2306e-002
          19 1.6730e-037 5.1004e-038 2.2458e-038 1.5897e-035 1.9225e-035 6.1371e-035 4.2417e-033 1.6465e-032 3.1631e-031 9.9126e-034 9.0191e-030 4.7719e-029 8.6556e-030 6.1796e-029 1.8528e-028 8.8700e-028 1.1739e-026 3.3857e-025 1.3328e-023 1.0608e-021 8.8585e-020 1.6828e-017 3.8469e-015 1.2542e-012 3.8202e-010 1.9287e-007 3.3551e-005 1.7515e-003 3.1953e-002 5.8640e-002 5.9085e-002
          20 1.2434e-034 7.8907e-035 3.7918e-035 5.0751e-033 7.8335e-034 9.6962e-032 1.9138e-030 2.3897e-030 1.3500e-028 2.6822e-029 2.5566e-027 2.0391e-026 1.3265e-026 2.3796e-026 2.1395e-026 2.7731e-026 2.5840e-025 6.1320e-024 2.0901e-022 1.4204e-020 1.0403e-018 1.6627e-016 3.1812e-014 8.3891e-012 2.0268e-009 6.8736e-007 7.7459e-005 3.0843e-003 4.0745e-002 4.5303e-002 5.1601e-003
          21 1.3011e-023 9.9215e-024 5.2246e-024 3.9637e-022 2.2837e-024 1.1495e-020 1.6893e-019 1.2288e-019 1.1854e-017 4.4236e-018 1.9366e-016 1.7967e-015 1.5657e-015 1.7830e-015 6.9745e-016 1.8521e-017 1.0507e-018 2.1766e-019 7.5106e-020 1.9621e-020 2.6904e-018 4.4721e-016 7.9316e-014 1.9412e-011 4.3190e-009 1.2746e-006 1.2468e-004 4.5342e-003 5.3493e-002 4.8310e-002 1.9741e-004
          22 2.1157e-033 2.1355e-033 1.3399e-033 3.7439e-032 1.5816e-032 2.1646e-030 2.0153e-029 3.0590e-030 1.4264e-027 1.1713e-027 1.7545e-026 2.1880e-025 2.9276e-025 1.2960e-025 3.3507e-027 5.2646e-025 4.9730e-024 9.8535e-023 2.8959e-021 1.6727e-019 1.0709e-017 1.4372e-015 2.2974e-013 4.8941e-011 9.3675e-009 2.1527e-006 1.6542e-004 5.1181e-003 4.9201e-002 2.8852e-002 5.5921e-002
          23 2.2088e-032 3.1512e-032 2.5492e-032 1.5563e-031 9.4130e-031 2.5303e-029 1.2769e-028 1.5422e-029 9.6432e-027 1.8165e-026 7.0621e-026 1.5334e-024 3.3995e-024 1.0202e-025 2.1218e-024 1.4592e-023 9.1360e-023 1.4381e-021 3.5973e-020 1.7575e-018 9.8000e-017 1.1019e-014 1.4689e-012 2.5248e-010 3.8249e-008 6.0280e-006 3.3211e-004 8.0378e-003 5.6323e-002 1.5936e-002 4.1149e-003
          24 8.8057e-031 1.6661e-030 1.6870e-030 1.9374e-030 8.0831e-029 1.0524e-027 2.8873e-027 4.5208e-027 2.5351e-025 9.0697e-025 8.7889e-025 4.2967e-023 1.4223e-022 7.6299e-024 1.6142e-022 4.5002e-022 1.6196e-021 1.9384e-020 4.0706e-019 1.6717e-017 8.0844e-016 7.5963e-014 8.4288e-012 1.1676e-009 1.3993e-007 1.5359e-005 6.3400e-004 1.2022e-002 6.1060e-002 6.0847e-003 4.2464e-002
          25 2.8560e-028 6.9043e-028 8.5665e-028 8.9351e-029 4.3229e-026 3.4302e-025 4.5252e-025 3.2390e-024 5.3964e-023 3.4556e-022 4.0328e-023 1.0133e-020 4.7746e-020 1.6151e-020 5.3240e-020 4.7040e-020 3.6283e-020 2.5160e-019 4.2608e-018 1.4567e-016 6.0799e-015 4.7605e-013 4.3868e-011 4.8922e-009 4.6386e-007 3.6117e-005 1.1565e-003 1.7176e-002 6.2426e-002 8.9407e-004 6.3251e-003
          26 2.3460e-017 6.0852e-017 8.0165e-017 2.2784e-018 4.0382e-015 2.8073e-014 2.7926e-014 3.1563e-013 3.8741e-012 2.9678e-011 9.7381e-013 7.5866e-010 3.9698e-009 1.8400e-009 4.0364e-009 1.9925e-009 9.8621e-011 7.0803e-012 6.5356e-013 1.4859e-013 8.2663e-015 9.6383e-013 8.7088e-011 8.8274e-009 7.8159e-007 5.4974e-005 1.6369e-003 2.2547e-002 7.3682e-002 2.9270e-004 4.0299e-004
          27 1.2687e-027 3.8352e-027 5.7731e-027 5.0141e-029 2.8507e-025 1.4940e-024 6.3326e-025 2.3561e-023 1.5175e-022 1.7727e-021 3.5095e-023 3.3503e-020 2.2230e-019 1.7723e-019 1.5623e-019 7.3360e-022 3.1622e-019 2.8509e-018 4.1398e-017 1.1758e-015 4.2082e-014 2.7370e-012 2.0898e-010 1.8748e-008 1.4073e-006 7.9406e-005 2.0209e-003 2.3474e-002 5.9921e-002 2.4014e-004 2.5756e-002
          28 6.2308e-027 2.3323e-026 4.2665e-026 4.4848e-027 2.0017e-024 7.0275e-024 6.9250e-026 1.6944e-022 4.2836e-022 1.0172e-020 2.9985e-021 1.2374e-019 1.1820e-018 1.6391e-018 2.5779e-019 7.5387e-019 6.4113e-018 3.4018e-017 3.8353e-016 8.8832e-015 2.7081e-013 1.4576e-011 9.1981e-010 6.6331e-008 3.9467e-006 1.6512e-004 3.3888e-003 3.0694e-002 5.3548e-002 3.2608e-003 1.1420e-002
          29 1.1728e-025 5.4431e-025 1.2277e-024 2.4201e-025 5.4041e-023 1.2239e-022 4.4376e-023 4.5114e-021 3.5964e-021 2.3186e-019 1.9134e-019 1.7359e-018 2.5383e-017 5.3151e-017 1.0289e-020 5.2294e-017 1.5361e-016 4.1937e-016 3.4272e-015 6.3451e-014 1.6327e-012 7.2416e-011 3.7661e-009 2.1822e-007 1.0313e-005 3.2747e-004 5.4556e-003 3.8342e-002 4.3831e-002 8.3191e-003 1.2244e-002
          30 2.6138e-023 1.5279e-022 4.3838e-022 1.0596e-022 1.7974e-020 2.3532e-020 6.5532e-020 1.4445e-018 1.3354e-019 6.6776e-017 1.0716e-016 2.7446e-016 6.9838e-015 2.0511e-014 2.5358e-015 2.2091e-014 2.1350e-014 9.8123e-015 3.2826e-014 4.3625e-013 9.3070e-012 3.3853e-010 1.4463e-008 6.7310e-007 2.5334e-005 6.2409e-004 8.4473e-003 4.5712e-002 3.2011e-002 1.3585e-002 1.7970e-002
          31 4.7241e-013 2.9269e-012 8.9436e-012 2.1901e-012 3.6032e-010 4.0330e-010 1.6502e-009 2.8619e-008 8.5838e-010 1.2987e-006 2.3741e-006 4.5066e-006 1.3464e-004 4.2514e-004 7.6000e-005 4.4219e-004 2.9868e-004 2.6281e-005 2.3912e-006 1.6030e-007 9.0716e-009 5.5436e-009 3.2121e-008 1.0205e-006 3.5155e-005 8.3031e-004 1.0668e-002 5.4290e-002 3.3433e-002 1.6822e-002 8.8166e-003
          32 2.2942e-023 1.7585e-022 6.7923e-022 1.6170e-022 2.5740e-020 1.4837e-020 2.1840e-019 1.9518e-018 1.3126e-019 8.4679e-017 2.2899e-016 1.4512e-016 8.5721e-015 3.4018e-014 1.4013e-014 2.7606e-014 1.8108e-015 3.1043e-014 2.3644e-013 2.8425e-012 5.0615e-011 1.4986e-009 5.2412e-008 1.9588e-006 5.8904e-005 1.1473e-003 1.2578e-002 5.1819e-002 1.9835e-002 1.7340e-002 4.6724e-003
          33 4.6633e-023 5.1748e-022 2.9842e-021 5.8409e-022 1.0314e-019 9.9699e-021 1.6573e-018 7.2158e-018 5.4904e-018 3.0732e-016 1.3204e-015 8.4755e-017 3.0536e-014 1.6163e-013 1.3067e-013 6.5444e-014 3.9118e-014 5.4593e-013 2.1484e-012 1.8458e-011 2.6483e-010 6.3356e-009 1.8060e-007 5.4188e-006 1.3063e-004 2.0417e-003 1.8025e-002 5.5603e-002 9.3352e-003 1.8227e-002 2.2372e-002
          34 2.2347e-022 4.9336e-021 5.2424e-020 6.6526e-021 1.6102e-018 1.1153e-019 4.5779e-017 1.0067e-016 2.7226e-016 4.4638e-015 3.0156e-014 7.3197e-016 4.4306e-013 3.1489e-012 4.0513e-012 2.5028e-013 3.4562e-012 1.2153e-011 2.2234e-011 1.2135e-010 1.3485e-009 2.5754e-008 5.9519e-007 1.4329e-005 2.7783e-004 3.5179e-003 2.4808e-002 5.5952e-002 2.3237e-003 1.6021e-002 1.8810e-003
          35 2.1073e-022 1.7243e-018 5.9603e-017 2.9176e-018 1.5458e-015 1.8375e-015 7.8966e-014 8.1434e-014 6.4738e-013 4.1415e-012 4.5384e-011 1.0946e-011 4.2128e-010 4.1324e-009 7.5999e-009 7.9184e-011 7.9710e-009 9.2266e-009 2.2616e-009 1.5930e-009 7.2930e-009 1.0163e-007 1.8921e-006 3.6474e-005 5.7022e-004 5.8726e-003 3.2736e-002 5.2132e-002 3.1488e-006 1.1448e-002 2.1110e-002
          36 2.7181e-014 4.6646e-011 1.8982e-009 8.1297e-011 4.8340e-008 6.7304e-008 2.6045e-006 2.4985e-006 2.1814e-005 1.2946e-004 1.4826e-003 3.9686e-004 1.3218e-002 1.3354e-001 2.5234e-001 4.1703e-003 2.6448e-001 2.7437e-001 4.2547e-002 5.2917e-003 4.0422e-004 2.2352e-007 1.1891e-005 3.0693e-006 3.0624e-006 4.5448e-005 2.9222e-004 3.9110e-004 1.1178e-008 9.8929e-005 1.1893e-004
          37 2.2721e-020 5.3546e-022 4.7876e-018 1.0457e-021 9.3974e-017 5.8833e-016 9.6552e-015 3.6113e-015 9.8424e-014 2.6067e-013 5.0431e-012 3.1131e-012 2.8395e-011 4.0641e-010 1.0056e-009 1.5251e-010 9.1552e-010 1.6465e-010 6.0888e-010 4.4312e-009 3.3058e-008 3.9211e-007 5.8212e-006 8.9833e-005 1.1332e-003 9.4788e-003 4.1197e-002 4.3951e-002 2.5044e-003 5.9711e-003 1.6889e-003
          38 3.3838e-019 1.0443e-018 1.4398e-017 1.4487e-018 1.6132e-016 5.3837e-015 4.6157e-014 2.4132e-015 5.5908e-013 5.5211e-013 2.2707e-011 2.5571e-011 7.0582e-011 1.6367e-009 5.2624e-009 2.1240e-009 3.1408e-009 2.7152e-010 1.1582e-008 3.5160e-008 1.7052e-007 1.5019e-006 1.7534e-005 2.1539e-004 2.1889e-003 1.4769e-002 4.9127e-002 3.2252e-002 8.5998e-003 1.6066e-003 1.4158e-002
          39 1.2257e-017 8.2748e-017 1.7390e-016 1.4615e-016 3.0419e-016 1.9484e-013 9.8578e-013 2.7391e-014 1.3951e-011 3.3647e-012 4.7323e-010 8.4265e-010 6.6134e-010 3.0750e-008 1.2618e-007 9.1690e-008 3.3638e-008 6.6542e-008 3.3208e-007 4.0457e-007 1.0021e-006 5.8621e-006 5.2143e-005 5.0550e-004 4.1159e-003 2.2130e-002 5.4887e-002 1.9002e-002 1.5770e-002 8.9438e-007 3.5806e-003
          40 1.7597e-011 1.8609e-010 1.0919e-010 3.8338e-010 4.3798e-010 3.3300e-007 1.1484e-006 3.0198e-007 1.8402e-005 3.5523e-007 5.5592e-004 1.3523e-003 2.8935e-004 3.3416e-002 1.6559e-001 1.6894e-001 1.2645e-002 1.6836e-001 3.3317e-001 9.4944e-002 1.8240e-002 2.2434e-003 1.4124e-004 7.0820e-005 1.2195e-006 7.1713e-006 2.1430e-007 3.5960e-007 1.1086e-007 9.6173e-008 2.9973e-008
          41 1.4052e-015 1.6690e-014 6.8815e-015 3.5819e-014 8.1236e-014 2.8490e-011 8.9014e-011 3.3267e-011 1.4756e-009 3.7188e-012 4.3385e-008 1.1400e-007 1.5548e-008 2.5565e-006 1.3312e-005 1.4666e-005 5.8326e-007 1.5097e-005 2.3552e-005 2.9511e-006 7.3267e-007 1.8347e-005 1.5124e-004 1.1609e-003 7.5346e-003 3.1693e-002 5.6418e-002 7.2539e-003 2.0790e-002 1.7190e-003 5.9049e-003
          42 3.6037e-016 8.0610e-015 3.2796e-016 2.1416e-014 1.8993e-013 1.2027e-011 2.3178e-011 3.1187e-011 4.5979e-010 6.4072e-011 1.2056e-008 4.5307e-008 5.4246e-012 6.4700e-007 4.2976e-006 6.5377e-006 7.6762e-008 6.5981e-006 2.4988e-006 2.9097e-006 2.0217e-005 8.7966e-005 4.5998e-004 2.6631e-003 1.3423e-002 4.3003e-002 5.1672e-002 5.6562e-004 2.0839e-002 5.7531e-003 7.8215e-003
          43 1.0593e-015 6.3700e-014 6.9602e-016 2.1861e-013 3.2498e-012 9.3061e-011 1.0575e-010 3.8803e-010 2.6320e-009 1.7562e-009 6.3032e-008 3.3632e-007 3.2691e-008 3.0881e-006 2.6608e-005 5.2795e-005 6.7594e-006 4.2010e-005 9.9979e-008 8.2940e-005 1.9111e-004 4.4069e-004 1.4727e-003 6.1285e-003 2.3226e-002 5.4296e-002 3.9467e-002 1.7596e-003 1.4996e-002 9.5022e-003 1.2210e-003
          44 6.3493e-015 7.0814e-012 9.3790e-013 3.3347e-011 6.5025e-010 1.1110e-008 6.7273e-009 6.4856e-008 2.3012e-007 3.9982e-007 5.1484e-006 3.9316e-005 1.2387e-005 2.3034e-004 2.6470e-003 6.5876e-003 2.1132e-003 3.3949e-003 1.1286e-003 1.3046e-002 1.0965e-002 7.7387e-003 8.2864e-003 1.6405e-002 3.9339e-002 5.8656e-002 1.9099e-002 1.0870e-002 5.1155e-003 9.2236e-003 1.0421e-002
          45 9.0569e-016 1.5503e-010 2.7964e-011 7.9554e-010 1.6228e-008 2.5066e-007 1.2752e-007 1.5660e-006 4.8086e-006 1.0120e-005 1.0621e-004 8.8545e-004 3.3479e-004 4.6492e-003 5.7521e-002 1.5038e-001 5.6138e-002 6.7667e-002 3.8121e-002 2.9260e-001 1.7960e-001 6.5757e-002 1.6928e-002 2.8693e-003 4.1143e-005 1.9415e-003 2.8235e-003 6.6321e-006 1.1495e-003 5.9223e-004 6.0536e-004
          46 3.8614e-014 3.1988e-012 1.3349e-012 2.2892e-011 5.2537e-010 5.9791e-009 1.4800e-009 4.6046e-008 8.7101e-008 3.3576e-007 1.8603e-006 2.1185e-005 1.3079e-005 7.5357e-005 1.2259e-003 3.7528e-003 2.1210e-003 9.3625e-004 2.1454e-003 5.8699e-003 5.4370e-004 1.1858e-003 8.6816e-003 2.6285e-002 5.4726e-002 5.6956e-002 4.7651e-003 2.1165e-002 1.5092e-004 5.7519e-003 3.9756e-004
          47 4.5667e-013 4.5339e-012 4.5522e-012 5.5103e-011 1.3853e-009 1.1375e-008 6.1368e-010 1.1029e-007 1.1217e-007 8.8743e-007 2.3553e-006 4.1305e-005 3.9643e-005 8.5428e-005 2.0928e-003 7.6689e-003 6.3105e-003 5.6252e-004 7.1529e-003 6.4911e-003 1.5189e-003 1.6640e-002 3.7708e-002 6.0318e-002 6.9378e-002 3.0428e-002 2.1898e-003 2.0777e-002 4.6623e-003 2.8982e-004 5.4625e-003
          48 4.3134e-012 1.1057e-011 2.4537e-011 2.4876e-010 6.5383e-009 4.1669e-008 4.1299e-014 4.8588e-007 2.7344e-007 4.1475e-006 5.8326e-006 1.5756e-004 2.0302e-004 1.8715e-004 7.1806e-003 3.0384e-002 3.2009e-002 1.4145e-004 3.4454e-002 9.7860e-003 3.0483e-002 9.0130e-002 1.0262e-001 7.4142e-002 2.5262e-002 3.2124e-004 2.1674e-002 6.6818e-004 9.8943e-003 3.8533e-003 3.9162e-003
          49 9.0307e-012 6.9075e-012 3.6151e-011 3.3070e-010 8.8706e-009 4.5822e-008 2.1067e-009 6.2528e-007 1.9171e-007 5.5556e-006 4.3066e-006 1.8229e-004 2.9163e-004 1.1861e-004 7.6155e-003 3.6309e-002 4.5656e-002 4.3115e-004 4.3913e-002 2.1705e-003 6.5675e-002 9.5714e-002 4.6735e-002 2.9614e-003 1.2521e-002 3.2998e-002 3.1652e-003 1.5158e-002 8.6189e-005 2.4243e-003 2.6178e-004
          50 9.9903e-012 7.8700e-013 2.7963e-011 2.3357e-010 6.3101e-009 2.4844e-008 6.7337e-009 4.1818e-007 4.3587e-008 3.8771e-006 1.1820e-006 1.0822e-004 2.2150e-004 2.2311e-005 4.0574e-003 2.2504e-002 3.4368e-002 2.6011e-003 2.6531e-002 6.5727e-004 5.7713e-002 3.2150e-002 1.0897e-004 2.4780e-002 5.2550e-002 1.4360e-002 9.7527e-003 1.0923e-002 1.0747e-002 1.1058e-003 2.0248e-003
          51 1.3971e-011 3.4534e-013 2.8394e-011 2.2153e-010 5.9123e-009 1.6913e-008 1.4668e-008 3.6810e-007 2.5270e-009 3.5529e-006 2.0706e-007 8.4980e-005 2.2258e-004 3.6760e-007 2.8314e-003 1.8605e-002 3.4182e-002 6.7002e-003 1.8730e-002 6.8344e-003 5.1360e-002 4.3684e-003 1.8316e-002 5.9650e-002 3.3783e-002 7.1733e-004 2.5929e-002 2.3505e-005 9.7541e-003 6.6451e-003 5.6646e-003
          52 2.0042e-011 4.6167e-012 3.1061e-011 2.3018e-010 5.9574e-009 1.1744e-008 2.6162e-008 3.4953e-007 8.6749e-009 3.5025e-006 6.5342e-009 7.2845e-005 2.4176e-004 8.6212e-006 2.1478e-003 1.6923e-002 3.6719e-002 1.2871e-002 1.2362e-002 1.7071e-002 3.8707e-002 1.9586e-003 5.0274e-002 5.0218e-002 2.2061e-003 2.2852e-002 1.2328e-002 1.1436e-002 3.3407e-004 4.1189e-003 9.9858e-005
          53 2.5645e-011 1.3912e-011 3.1499e-011 2.2266e-010 5.4913e-009 6.7318e-009 3.7786e-008 3.0412e-007 5.1284e-008 3.1646e-006 3.2122e-007 5.7726e-005 2.4282e-004 3.6577e-005 1.4915e-003 1.4395e-002 3.6455e-002 1.9369e-002 5.8936e-003 2.6221e-002 1.9932e-002 1.9273e-002 5.7579e-002 1.4144e-002 1.0323e-002 3.2586e-002 8.6457e-005 1.6634e-002 5.1992e-003 1.2567e-006 2.7525e-003
          54 2.9981e-011 2.7246e-011 3.0229e-011 2.0222e-010 4.6680e-009 2.8662e-009 4.7483e-008 2.4417e-007 1.1678e-007 2.6464e-006 9.5315e-007 4.2482e-005 2.2881e-004 7.3950e-005 9.4455e-004 1.1562e-002 3.3953e-002 2.4969e-002 1.4529e-003 3.0594e-002 5.3041e-003 4.0149e-002 3.6616e-002 2.3592e-004 3.5786e-002 1.2477e-002 1.3663e-002 4.3154e-003 1.1687e-002 3.8583e-003 3.3954e-003
          55 3.3332e-011 4.3606e-011 2.8682e-011 1.7784e-010 3.7730e-009 6.5028e-010 5.5242e-008 1.8641e-007 1.9291e-007 2.1174e-006 1.7171e-006 2.9898e-005 2.0994e-004 1.1369e-004 5.5499e-004 9.0825e-003 3.0811e-002 2.9562e-002 2.5244e-007 2.9957e-002 1.9443e-005 5.0751e-002 1.0894e-002 1.6571e-002 3.6958e-002 2.2187e-005 2.4214e-002 1.0794e-003 5.6642e-003 6.4356e-003 2.1252e-005
          56 3.5485e-011 6.1571e-011 2.7260e-011 1.5115e-010 2.8919e-009 1.7669e-012 6.0700e-008 1.3493e-007 2.6963e-007 1.6223e-006 2.4770e-006 2.0046e-005 1.8864e-004 1.5102e-004 2.9470e-004 7.0087e-003 2.7428e-002 3.2939e-002 1.3842e-003 2.5290e-002 3.2195e-003 4.6903e-002 1.8006e-005 3.7403e-002 1.5809e-002 1.2267e-002 1.3748e-002 1.1982e-002 2.2416e-006 2.5691e-003 4.2939e-003
          57 3.6064e-011 7.9155e-011 2.6055e-011 1.2243e-010 2.0682e-009 7.0181e-010 6.3375e-008 9.0982e-008 3.3782e-007 1.1772e-006 3.1280e-006 1.2569e-005 1.6544e-004 1.8217e-004 1.3198e-004 5.2835e-003 2.3893e-002 3.4861e-002 4.9953e-003 1.8267e-002 1.1206e-002 3.2714e-002 7.7181e-003 4.0558e-002 5.5762e-004 2.7666e-002 8.8440e-004 1.6832e-002 4.8843e-003 2.2322e-005 7.1701e-004
          58 3.4983e-011 9.4520e-011 2.5245e-011 9.3092e-011 1.3527e-009 2.4520e-009 6.3314e-008 5.5878e-008 3.9167e-007 8.0033e-007 3.6111e-006 7.1931e-006 1.4170e-004 2.0528e-004 4.2282e-005 3.8837e-003 2.0403e-002 3.5387e-002 1.0001e-002 1.0899e-002 1.9700e-002 1.6229e-002 2.4664e-002 2.5799e-002 5.9565e-003 2.5261e-002 4.1509e-003 8.4346e-003 1.1069e-002 3.0827e-003 3.1405e-004
          59 3.2358e-011 1.0618e-010 2.4987e-011 6.4847e-011 7.8073e-010 4.9104e-009 6.0877e-008 2.9985e-008 4.2852e-007 5.0078e-007 3.9063e-006 3.5936e-006 1.1871e-004 2.1998e-004 4.7558e-006 2.7789e-003 1.7123e-002 3.4735e-002 1.5559e-002 4.8448e-003 2.5505e-002 4.3024e-003 3.8447e-002 7.7725e-003 2.2174e-002 1.0058e-002 1.6675e-002 3.5055e-004 8.7282e-003 6.2698e-003 3.9483e-003
          60 2.8350e-011 1.1274e-010 2.5327e-011 3.9378e-011 3.6728e-010 7.7164e-009 5.6398e-008 1.2761e-008 4.4670e-007 2.7800e-007 4.0081e-006 1.4118e-006 9.7073e-005 2.2617e-004 2.3097e-006 1.9236e-003 1.4111e-002 3.3085e-002 2.0908e-002 1.0991e-003 2.7103e-002 1.3306e-005 4.1631e-002 1.2349e-005 3.1582e-002 2.3863e-004 2.1300e-002 3.3119e-003 2.0134e-003 4.7384e-003 9.9717e-006
          61 2.3271e-011 1.1326e-010 2.6277e-011 1.8662e-011 1.1338e-010 1.0512e-008 5.0301e-008 3.2147e-009 4.4605e-007 1.2683e-007 3.9269e-006 3.1431e-007 7.7237e-005 2.2418e-004 2.1489e-005 1.2763e-003 1.1400e-002 3.0637e-002 2.5435e-002 8.3882e-006 2.4597e-002 2.7001e-003 3.4148e-002 5.7444e-003 2.6598e-002 4.6376e-003 1.3386e-002 1.2047e-002 3.2092e-004 1.0479e-003 2.5026e-003
          62 1.7633e-011 1.0773e-010 2.7887e-011 4.8739e-012 6.8094e-012 1.3003e-008 4.3218e-008 2.7642e-011 4.2895e-007 3.8894e-008 3.6960e-006 2.1295e-010 5.9723e-005 2.1539e-004 5.1895e-005 8.0333e-004 9.0318e-003 2.7678e-002 2.8784e-002 1.3574e-003 1.9275e-002 9.3697e-003 2.1147e-002 1.8782e-002 1.3140e-002 1.6582e-002 2.8688e-003 1.5342e-002 5.0871e-003 1.9262e-004 5.5744e-004
          63 1.2021e-011 9.6923e-011 3.0231e-011 1.4065e-015 2.2777e-011 1.4990e-008 3.5788e-008 1.6633e-009 3.9922e-007 2.7646e-009 3.3592e-006 2.0363e-007 4.4843e-005 2.0162e-004 8.5991e-005 4.7212e-004 7.0260e-003 2.4494e-002 3.0861e-002 4.5590e-003 1.2877e-002 1.6543e-002 8.8620e-003 3.0139e-002 2.2094e-003 2.4111e-002 3.6935e-004 1.0092e-002 9.8550e-003 2.8269e-003 8.9594e-005
          64 6.9942e-012 8.2101e-011 3.3365e-011 5.7308e-012 1.2933e-010 1.6365e-008 2.8531e-008 6.5960e-009 3.6082e-007 5.9000e-009 2.9584e-006 7.0755e-007 3.2623e-005 1.8462e-004 1.1880e-004 2.5171e-004 5.3697e-003 2.1306e-002 3.1739e-002 8.8874e-003 6.9618e-003 2.1618e-002 1.4941e-003 3.3963e-002 6.1179e-004 2.1486e-002 6.8799e-003 2.5791e-003 9.3208e-003 5.4979e-003 2.7392e-003
          65 3.0456e-012 6.4669e-011 3.7261e-011 2.3407e-011 2.9223e-010 1.7060e-008 2.1774e-008 1.3454e-008 3.1671e-007 3.6360e-008 2.5242e-006 1.3459e-006 2.2845e-005 1.6552e-004 1.4709e-004 1.1452e-004 4.0220e-003 1.8224e-002 3.1528e-002 1.3628e-002 2.5990e-003 2.3335e-002 2.1750e-004 2.9494e-002 7.7707e-003 1.1911e-002 1.5371e-002 8.4162e-005 4.5599e-003 5.3155e-003 1.0854e-004
          66 6.1505e-013 4.6327e-011 4.1834e-011 5.3844e-011 4.7776e-010 1.7063e-008 1.5764e-008 2.1058e-008 2.6955e-007 8.3471e-008 2.0825e-006 1.9958e-006 1.5249e-005 1.4530e-004 1.6893e-004 3.8298e-005 2.9415e-003 1.5324e-002 3.0382e-002 1.8159e-002 3.2520e-004 2.1704e-002 3.7627e-003 1.9889e-002 1.8151e-002 2.8822e-003 1.8576e-002 4.0712e-003 5.1842e-004 2.7340e-003 2.3302e-003
          67 4.8081e-014 2.8980e-011 4.6964e-011 9.7115e-011 6.5560e-010 1.6431e-008 1.0680e-008 2.8455e-008 2.2203e-007 1.3807e-007 1.6569e-006 2.5727e-006 9.5665e-006 1.2490e-004 1.8347e-004 5.2371e-006 2.0923e-003 1.2667e-002 2.8505e-002 2.2018e-002 1.9035e-004 1.7629e-002 9.6116e-003 9.6985e-003 2.5685e-002 6.0912e-005 1.4640e-002 1.0303e-002 6.2969e-004 3.8749e-004 1.3785e-005
          68 1.5531e-012 1.4508e-011 5.2564e-011 1.5265e-010 8.0254e-010 1.5286e-008 6.6289e-009 3.4986e-008 1.7670e-007 1.9301e-007 1.2678e-006 3.0282e-006 5.5186e-006 1.0527e-004 1.9097e-004 1.0769e-006 1.4418e-003 1.0306e-002 2.6146e-002 2.4947e-002 1.8760e-003 1.2424e-002 1.5232e-002 2.5522e-003 2.7092e-002 4.1898e-003 7.1332e-003 1.3578e-002 4.2227e-003 2.5083e-004 3.5396e-004
          69 5.1962e-012 4.4912e-012 5.8526e-011 2.1934e-010 9.0342e-010 1.3774e-008 3.6182e-009 4.0258e-008 1.3539e-007 2.4321e-007 9.2823e-007 3.3423e-006 2.8093e-006 8.7067e-005 1.9225e-004 1.4719e-005 9.5677e-004 8.2602e-003 2.3527e-002 2.6863e-002 4.8642e-003 7.3358e-003 1.8877e-002 7.3585e-006 2.2635e-002 1.1976e-002 1.2703e-003 1.1830e-002 8.0265e-003 2.1333e-003 9.2812e-004
          70 1.0904e-011 1.2133e-013 6.4655e-011 2.9526e-010 9.4991e-010 1.2026e-008 1.5845e-009 4.4043e-008 9.9181e-008 2.8512e-007 6.4390e-007 3.5105e-006 1.1516e-006 7.0619e-005 1.8819e-004 3.7886e-005 6.0502e-004 6.5188e-003 2.0805e-002 2.7771e-002 8.5783e-003 3.2846e-003 1.9814e-002 1.6507e-003 1.4930e-002 1.8936e-002 2.6313e-004 6.7822e-003 9.2096e-003 4.3320e-003 7.9185e-005
          71 1.8486e-011 2.1603e-012 7.0782e-011 3.7809e-010 9.4143e-010 1.0175e-008 4.2427e-010 4.6305e-008 6.8728e-008 3.1680e-007 4.1677e-007 3.5436e-006 2.9020e-007 5.6138e-005 1.7992e-004 6.4677e-005 3.5880e-004 5.0645e-003 1.8114e-002 2.7780e-002 1.2490e-002 7.9269e-004 1.8219e-002 5.8626e-003 7.2085e-003 2.1936e-002 3.9973e-003 1.9271e-003 7.2461e-003 5.2286e-003 1.9997e-003
          72 2.7639e-011 1.0913e-011 7.6679e-011 4.6492e-010 8.8256e-010 8.3311e-009 7.0875e-012 4.7090e-008 4.4208e-008 3.3731e-007 2.4466e-007 3.4578e-006 4.8669e-009 4.3644e-005 1.6843e-004 9.1071e-005 1.9384e-004 3.8673e-003 1.5538e-002 2.7023e-002 1.6168e-002 2.3686e-007 1.4824e-002 1.0703e-002 1.8920e-003 2.0227e-002 9.9456e-003 4.3574e-007 3.7014e-003 4.3593e-003 2.8946e-004
          73 3.7932e-011 2.6192e-011 8.2041e-011 5.5186e-010 7.8182e-010 6.5772e-009 1.9268e-010 4.6481e-008 2.5510e-008 3.4623e-007 1.2324e-007 3.2706e-006 1.1326e-007 3.3058e-005 1.5451e-004 1.1437e-004 9.0161e-005 2.8944e-003 1.3125e-002 2.5633e-002 1.9281e-002 7.5891e-004 1.0581e-002 1.4557e-002 5.2212e-006 1.5088e-002 1.5006e-002 1.6551e-003 8.0574e-004 2.4386e-003 1.4226e-003
          74 4.8931e-011 4.7384e-011 8.6763e-011 6.3600e-010 6.5295e-010 4.9949e-009 8.3771e-010 4.4730e-008 1.2370e-008 3.4466e-007 4.6923e-008 3.0098e-006 4.6690e-007 2.4338e-005 1.3927e-004 1.3319e-004 3.1713e-005 2.1210e-003 1.0937e-002 2.3810e-002 2.1658e-002 2.7305e-003 6.4296e-003 1.6512e-002 1.2445e-003 8.8165e-003 1.7100e-002 5.6174e-003 4.3349e-005 6.8193e-004 3.1264e-005
          75 6.0179e-011 7.3536e-011 9.0721e-011 7.1432e-010 5.1013e-010 3.6295e-009 1.8059e-009 4.2071e-008 4.2494e-009 3.3391e-007 8.5245e-009 2.6998e-006 9.4964e-007 1.7330e-005 1.2349e-004 1.4697e-004 5.2378e-006 1.5177e-003 8.9948e-003 2.1717e-002 2.3233e-002 5.4949e-003 3.0635e-003 1.6368e-002 4.4665e-003 3.5387e-003 1.5785e-002 9.7836e-003 1.5324e-003 6.5716e-008 2.7476e-004
          76 7.1194e-011 1.0339e-010 9.3786e-011 7.8373e-010 3.6712e-010 2.5015e-009 2.9728e-009 3.8724e-008 4.8238e-010 3.1544e-007 4.4298e-010 2.3616e-006 1.4736e-006 1.1843e-005 1.0778e-004 1.5564e-004 3.3127e-007 1.0558e-003 7.3013e-003 1.9483e-002 2.4012e-002 8.6287e-003 8.8481e-004 1.4458e-002 8.2771e-003 5.4642e-004 1.1981e-002 1.2364e-002 4.3019e-003 6.0027e-004 1.9926e-004
          77 8.1623e-011 1.3567e-010 9.5998e-011 8.4265e-010 2.3674e-010 1.6147e-009 4.2352e-009 3.4944e-008 3.3098e-010 2.9122e-007 1.5151e-008 2.0164e-006 1.9779e-006 7.6853e-006 9.2721e-005 1.5971e-004 9.0341e-006 7.1046e-004 5.8555e-003 1.7239e-002 2.4094e-002 1.1776e-002 2.0359e-005 1.1436e-002 1.1501e-002 1.2732e-004 7.2787e-003 1.2565e-002 7.0063e-003 2.0538e-003 3.6962e-005
          78 9.0948e-011 1.6870e-010 9.7171e-011 8.8773e-010 1.2877e-010 9.5193e-010 5.4977e-009 3.0866e-008 3.0346e-009 2.6242e-007 4.5580e-008 1.6760e-006 2.4173e-006 4.6399e-006 7.8482e-005 1.5947e-004 2.5425e-005 4.5750e-004 4.6300e-003 1.5037e-002 2.3545e-002 1.4635e-002 3.8032e-004 7.9944e-003 1.3382e-002 1.7730e-003 3.1743e-003 1.0598e-002 8.5679e-003 3.6394e-003 9.1479e-004
          79 9.8854e-011 2.0099e-010 9.7357e-011 9.1782e-010 5.1066e-011 4.9097e-010 6.6872e-009 2.6684e-008 7.8376e-009 2.3082e-007 8.5328e-008 1.3542e-006 2.7657e-006 2.5227e-006 6.5367e-005 1.5562e-004 4.5205e-005 2.7812e-004 3.6091e-003 1.2947e-002 2.2499e-002 1.7010e-002 1.7333e-003 4.7752e-003 1.3674e-002 4.5496e-003 6.5587e-004 7.3870e-003 8.5515e-003 4.7157e-003 4.3088e-004
          80 1.0517e-010 2.3134e-010 9.6690e-011 9.3298e-010 8.2443e-012 2.0121e-010 7.7547e-009 2.2566e-008 1.4038e-008 1.9812e-007 1.2903e-007 1.0613e-006 3.0128e-006 1.1558e-006 5.3574e-005 1.4901e-004 6.5458e-005 1.5592e-004 2.7726e-003 1.1021e-002 2.1101e-002 1.8806e-002 3.7812e-003 2.2356e-003 1.2547e-002 7.4788e-003 1.8542e-005 4.0487e-003 7.1634e-003 4.9554e-003 1.3183e-003
          81 1.0965e-010 2.5836e-010 9.5176e-011 9.3236e-010 1.9530e-012 4.8783e-011 8.6546e-009 1.8613e-008 2.0978e-008 1.6550e-007 1.7216e-007 8.0245e-007 3.1536e-006 3.7566e-007 4.3122e-005 1.4016e-004 8.4188e-005 7.7035e-005 2.0946e-003 9.2716e-003 1.9450e-002 1.9972e-002 6.2108e-003 6.2443e-004 1.0403e-002 9.7807e-003 9.8619e-004 1.4791e-003 4.9983e-003 4.3742e-003 5.8687e-004
          82 1.1230e-010 2.8134e-010 9.3025e-011 9.1752e-010 3.1223e-011 3.5304e-013 9.3704e-009 1.4942e-008 2.8114e-008 1.3429e-007 2.1144e-007 5.8202e-007 3.1961e-006 4.0397e-008 3.4071e-005 1.2986e-004 1.0030e-004 3.0432e-005 1.5546e-003 7.7191e-003 1.7672e-002 2.0548e-002 8.7466e-003 9.6235e-006 7.7630e-003 1.1020e-002 2.9478e-003 1.6173e-004 2.7689e-003 3.2552e-003 1.0172e-003
          83 1.1305e-010 2.9933e-010 9.0284e-011 8.8881e-010 9.2808e-011 2.4759e-011 9.8818e-009 1.1614e-008 3.4947e-008 1.0532e-007 2.4431e-007 4.0053e-007 3.1478e-006 2.6401e-008 2.6349e-005 1.1856e-004 1.1309e-004 7.1121e-006 1.1297e-003 6.3561e-003 1.5838e-002 2.0575e-002 1.1153e-002 3.1368e-004 5.1066e-003 1.1075e-002 5.2021e-003 1.3759e-004 1.0434e-003 1.9783e-003 3.3587e-004
          84 1.1206e-010 3.1216e-010 8.7182e-011 8.4875e-010 1.8182e-010 9.4751e-011 1.0196e-008 8.6899e-009 4.1133e-008 7.9423e-008 2.6947e-007 2.5760e-007 3.0255e-006 2.2985e-007 1.9912e-005 1.0685e-004 1.2247e-004 3.8281e-008 8.0185e-004 5.1822e-003 1.4033e-002 2.0153e-002 1.3273e-002 1.3662e-003 2.8244e-003 1.0108e-002 7.1566e-003 1.1197e-003 1.3249e-004 8.9072e-004 4.1576e-004
          85 1.0940e-010 3.1946e-010 8.3789e-011 7.9865e-010 2.9215e-010 1.8784e-010 1.0312e-008 6.1926e-009 4.6368e-008 5.7014e-008 2.8607e-007 1.5043e-007 2.8421e-006 5.6580e-007 1.4636e-005 9.5050e-005 1.2843e-004 3.7358e-006 5.5260e-004 4.1797e-003 1.2296e-002 1.9359e-002 1.4993e-002 2.9515e-003 1.1588e-003 8.4172e-003 8.4196e-003 2.6554e-003 6.9298e-005 2.0840e-004 5.4161e-005
          86 1.0527e-010 3.2135e-010 8.0254e-011 7.4082e-010 4.1721e-010 2.8659e-010 1.0246e-008 4.1367e-009 5.0476e-008 3.8391e-008 2.9413e-007 7.5545e-008 2.6140e-006 9.6705e-007 1.0410e-005 8.3509e-005 1.3123e-004 1.4067e-005 3.6708e-004 3.3344e-003 1.0667e-002 1.8289e-002 1.6265e-002 4.8475e-003 2.2236e-004 6.3690e-003 8.8334e-003 4.2789e-003 6.8121e-004 4.0847e-007 3.9311e-005
          87 9.9832e-011 3.1797e-010 7.6656e-011 6.7715e-010 5.5008e-010 3.7822e-010 1.0010e-008 2.5184e-009 5.3330e-008 2.3632e-008 2.9401e-007 2.8643e-008 2.3551e-006 1.3817e-006 7.1043e-006 7.2437e-005 1.3117e-004 2.7951e-005 2.3227e-004 2.6282e-003 9.1622e-003 1.7019e-002 1.7072e-002 6.8487e-003 1.3286e-005 4.3030e-003 8.4315e-003 5.6137e-003 1.6856e-003 2.1046e-004 1.9049e-005
          88 9.3335e-011 3.0973e-010 7.3099e-011 6.0988e-010 6.8417e-010 4.5433e-010 9.6238e-009 1.3248e-009 5.4899e-008 1.2676e-008 2.8655e-007 5.1341e-009 2.0795e-006 1.7717e-006 4.5960e-006 6.2030e-005 1.2865e-004 4.3146e-005 1.3744e-004 2.0448e-003 7.7955e-003 1.5625e-002 1.7435e-002 8.7846e-003 4.4777e-004 2.4944e-003 7.3872e-003 6.4272e-003 2.7821e-003 7.0344e-004 4.5083e-005
          89 8.5995e-011 2.9710e-010 6.9642e-011 5.4093e-010 8.1308e-010 5.0995e-010 9.1079e-009 5.3151e-010 5.5192e-008 5.3158e-009 2.7276e-007 3.0348e-010 1.7989e-006 2.1101e-006 2.7630e-006 5.2404e-005 1.2404e-004 5.8042e-005 7.3634e-005 1.5679e-003 6.5694e-003 1.4167e-002 1.7391e-002 1.0521e-002 1.3900e-003 1.1271e-003 5.9416e-003 6.6337e-003 3.7188e-003 1.3144e-003 1.9079e-004
          90 7.8189e-011 2.8119e-010 6.6456e-011 4.7300e-010 9.3290e-010 5.4413e-010 8.4996e-009 1.0519e-010 5.4378e-008 1.2312e-009 2.5430e-007 9.5507e-009 1.5263e-006 2.3839e-006 1.4930e-006 4.3720e-005 1.1795e-004 7.1667e-005 3.3557e-005 1.1844e-003 5.4920e-003 1.2716e-002 1.7025e-002 1.1986e-002 2.6848e-003 2.9300e-004 4.3572e-003 6.2854e-003 4.3380e-003 1.8943e-003 2.6292e-004
          91 7.0107e-011 2.6255e-010 6.3557e-011 4.0739e-010 1.0394e-009 5.5722e-010 7.8182e-009 3.7667e-012 5.2560e-008 4.1870e-013 2.3232e-007 2.8643e-008 1.2685e-006 2.5850e-006 6.7484e-007 3.5979e-005 1.1071e-004 8.3370e-005 1.1075e-005 8.7912e-004 4.5525e-003 1.1305e-002 1.6391e-002 1.3130e-002 4.1784e-003 1.1058e-006 2.8503e-003 5.5044e-003 4.5700e-003 2.3328e-003 3.8342e-004
          92 6.1959e-011 2.4189e-010 6.0978e-011 3.4538e-010 1.1297e-009 5.5128e-010 7.0864e-009 1.8166e-010 4.9887e-008 1.1616e-009 2.0805e-007 5.3840e-008 1.0312e-006 2.7123e-006 2.1153e-007 2.9176e-005 1.0266e-004 9.2812e-005 1.3446e-006 6.3915e-004 3.7411e-003 9.9614e-003 1.5551e-002 1.3937e-002 5.7325e-003 2.0305e-004 1.5863e-003 4.4550e-003 4.4258e-003 2.5698e-003 4.5264e-004
          93 5.3910e-011 2.1979e-010 5.8710e-011 2.8783e-010 1.2011e-009 5.2896e-010 6.3228e-009 5.9003e-010 4.6502e-008 4.2263e-009 1.8254e-007 8.1892e-008 8.1797e-007 2.7673e-006 1.8491e-008 2.3272e-005 9.4073e-005 9.9807e-005 5.4069e-007 4.5308e-004 3.0453e-003 8.6996e-003 1.4558e-002 1.4405e-002 7.2282e-003 8.1170e-004 6.6856e-004 3.3056e-003 3.9718e-003 2.5909e-003 4.6845e-004
          94 4.6167e-011 1.9708e-010 5.6806e-011 2.3570e-010 1.2533e-009 4.9410e-010 5.5526e-009 1.1789e-009 4.2613e-008 8.7067e-009 1.5692e-007 1.1022e-007 6.3170e-007 2.7585e-006 2.3034e-008 1.8240e-005 8.5293e-005 1.0445e-004 5.6623e-006 3.1156e-004 2.4562e-003 7.5388e-003 1.3472e-002 1.4568e-002 8.5823e-003 1.7207e-003 1.4237e-004 2.2081e-003 3.3113e-003 2.4216e-003 4.8189e-004
          95 3.8862e-011 1.7434e-010 5.5266e-011 1.8938e-010 1.2861e-009 4.5018e-010 4.7936e-009 1.8989e-009 3.8387e-008 1.4135e-008 1.3204e-007 1.3679e-007 4.7298e-007 2.6941e-006 1.6415e-007 1.4015e-005 7.6539e-005 1.0689e-004 1.4402e-005 2.0608e-004 1.9614e-003 6.4839e-003 1.2340e-002 1.4461e-002 9.7353e-003 2.8200e-003 2.5236e-006 1.2753e-003 2.5531e-003 2.1086e-003 4.2719e-004
          96 3.2080e-011 1.5198e-010 5.4045e-011 1.4893e-010 1.2992e-009 4.0024e-010 4.0588e-009 2.7001e-009 3.3960e-008 2.0068e-008 1.0849e-007 1.6002e-007 3.4106e-007 2.5820e-006 3.9173e-007 1.0517e-005 6.7948e-005 1.0725e-004 2.5003e-005 1.2935e-004 1.5485e-003 5.5319e-003 1.1189e-002 1.4114e-002 1.0645e-002 4.0038e-003 2.0803e-004 5.7911e-004 1.7954e-003 1.7073e-003 3.6837e-004
          97 2.5937e-011 1.3062e-010 5.3186e-011 1.1448e-010 1.2948e-009 3.4773e-010 3.3667e-009 3.5390e-009 2.9518e-008 2.6130e-008 8.6919e-008 1.7904e-007 2.3499e-007 2.4345e-006 6.6596e-007 7.6832e-006 5.9741e-005 1.0590e-004 3.6191e-005 7.5553e-005 1.2085e-003 4.6872e-003 1.0060e-002 1.3583e-002 1.1307e-002 5.1852e-003 6.9493e-004 1.5440e-004 1.1214e-003 1.2771e-003 2.9735e-004
          98 2.0475e-011 1.1056e-010 5.2665e-011 8.5757e-011 1.2743e-009 2.9506e-010 2.7273e-009 4.3742e-009 2.5179e-008 3.1994e-008 6.7642e-008 1.9329e-007 1.5253e-007 2.2607e-006 9.5605e-007 5.4312e-006 5.2010e-005 1.0307e-004 4.7050e-005 3.9552e-005 9.3089e-004 3.9432e-003 8.9733e-003 1.2909e-002 1.1721e-002 6.2930e-003 1.3885e-003 1.1593e-006 5.8568e-004 8.6734e-004 2.1196e-004
          99 1.5724e-011 9.2108e-011 5.2479e-011 6.2375e-011 1.2400e-009 2.4434e-010 2.1498e-009 5.1710e-009 2.1057e-008 3.7403e-008 5.0888e-008 2.0266e-007 9.1157e-008 2.0702e-006 1.2393e-006 3.6845e-006 4.4847e-005 9.9087e-005 5.6979e-005 1.7181e-005 7.0675e-004 3.2945e-003 7.9468e-003 1.2133e-002 1.1907e-002 7.2770e-003 2.2133e-003 9.5177e-005 2.1926e-004 5.1664e-004 1.4316e-004
         100 1.1681e-011 7.5423e-011 5.2600e-011 4.3823e-011 1.1938e-009 1.9707e-010 1.6399e-009 5.8981e-009 1.7230e-008 4.2150e-008 3.6727e-008 2.0723e-007 4.8048e-008 1.8704e-006 1.4993e-006 2.3675e-006 3.8291e-005 9.4182e-005 6.5582e-005 5.0199e-006 5.2764e-004 2.7329e-003 6.9895e-003 1.1289e-002 1.1887e-002 8.1021e-003 3.0982e-003 3.9599e-004 3.0763e-005 2.4977e-004 8.3151e-005
         101 8.3299e-012 6.0619e-011 5.3021e-011 2.9532e-011 1.1381e-009 1.5435e-010 1.2014e-009 6.5330e-009 1.3764e-008 4.6106e-008 2.5140e-008 2.0738e-007 2.0335e-008 1.6686e-006 1.7257e-006 1.4105e-006 3.2371e-005 8.8626e-005 7.2670e-005 3.0992e-007 3.8631e-004 2.2509e-003 6.1089e-003 1.0410e-002 1.1691e-002 8.7522e-003 3.9835e-003 8.5491e-004 1.1500e-005 7.8702e-005 3.6356e-005
         102 5.6345e-012 4.7722e-011 5.3718e-011 1.8892e-011 1.0751e-009 1.1684e-010 8.3523e-010 7.0575e-009 1.0697e-008 4.9185e-008 1.6015e-008 2.0360e-007 5.2165e-009 1.4701e-006 1.9123e-006 7.4955e-007 2.7087e-005 8.2634e-005 7.8168e-005 8.5477e-007 2.7628e-004 1.8400e-003 5.3071e-003 9.5212e-003 1.1348e-002 9.2221e-003 4.8205e-003 1.4210e-003 1.4057e-004 4.3690e-006 1.0122e-005
         103 3.5464e-012 3.6702e-011 5.4680e-011 1.1289e-011 1.0070e-009 8.4858e-011 5.4071e-010 7.4611e-009 8.0506e-009 5.1366e-008 9.1820e-009 1.9651e-007 6.4877e-011 1.2797e-006 2.0568e-006 3.2723e-007 2.2427e-005 7.6410e-005 8.2116e-005 4.9327e-006 1.9199e-004 1.4925e-003 4.5846e-003 8.6455e-003 1.0892e-002 9.5189e-003 5.5743e-003 2.0465e-003 3.8976e-004 1.9512e-005 1.2978e-007
         104 2.0059e-012 2.7460e-011 5.5854e-011 6.1310e-012 9.3526e-010 5.8412e-011 3.1494e-010 7.7338e-009 5.8222e-009 5.2629e-008 4.4203e-009 1.8663e-007 2.5011e-009 1.0997e-006 2.1580e-006 9.3133e-008 1.8350e-005 7.0074e-005 8.4561e-005 1.1213e-005 1.2852e-004 1.1999e-003 3.9367e-003 7.7941e-003 1.0345e-002 9.6497e-003 6.2178e-003 2.6876e-003 7.2742e-004 1.1147e-004 6.1586e-006
         105 9.5109e-013 1.9887e-011 5.7217e-011 2.8776e-012 8.6162e-010 3.7382e-011 1.5413e-010 7.8746e-009 4.0040e-009 5.3021e-008 1.4956e-009 1.7461e-007 1.0422e-008 9.3293e-007 2.2179e-006 4.1136e-009 1.4825e-005 6.3770e-005 8.5638e-005 1.8679e-005 8.1898e-005 9.5543e-004 3.3607e-003 6.9805e-003 9.7339e-003 9.6319e-003 6.7370e-003 3.3083e-003 1.1216e-003 2.6438e-004 2.5240e-005
         106 3.1542e-013 1.3841e-011 5.8749e-011 1.0414e-012 7.8779e-010 2.1477e-011 5.3087e-011 7.8883e-009 2.5744e-009 5.2618e-008 1.5546e-010 1.6108e-007 2.2020e-008 7.8089e-007 2.2397e-006 2.3225e-008 1.1813e-005 5.7616e-005 8.5514e-005 2.6581e-005 4.8719e-005 7.5288e-004 2.8526e-003 6.2145e-003 9.0827e-003 9.4865e-003 7.1276e-003 3.8813e-003 1.5432e-003 4.6127e-004 5.3930e-005
         107 3.1172e-014 9.1566e-012 6.0415e-011 1.9975e-013 7.1499e-010 1.0298e-011 5.6840e-012 7.7815e-009 1.5022e-009 5.1504e-008 1.4582e-010 1.4659e-007 3.5784e-008 6.4432e-007 2.2274e-006 1.1956e-007 9.2671e-006 5.1692e-005 8.4347e-005 3.4373e-005 2.6128e-005 5.8632e-004 2.4073e-003 5.5012e-003 8.4103e-003 9.2334e-003 7.3908e-003 4.3862e-003 1.9665e-003 6.8534e-004 9.1830e-005
         108 3.2079e-014 5.6596e-012 6.2189e-011 7.1288e-016 6.4435e-010 3.3950e-012 5.1533e-012 7.5656e-009 7.5082e-010 4.9783e-008 1.2201e-009 1.3165e-007 5.0486e-008 5.2349e-007 2.1856e-006 2.6770e-007 7.1427e-006 4.6064e-005 8.2312e-005 4.1676e-005 1.1766e-005 4.5056e-004 2.0196e-003 4.8441e-003 7.7341e-003 8.8941e-003 7.5342e-003 4.8106e-003 2.3710e-003 9.2126e-004 1.3379e-004
         109 2.5483e-013 3.1726e-012 6.4027e-011 1.6302e-013 5.7663e-010 2.8843e-013 4.4336e-011 7.2527e-009 2.7928e-010 4.7555e-008 3.1451e-009 1.1667e-007 6.5152e-008 4.1805e-007 2.1185e-006 4.4701e-007 5.3919e-006 4.0770e-005 7.9557e-005 4.8233e-005 3.6938e-006 3.4090e-004 1.6839e-003 4.2437e-003 7.0661e-003 8.4867e-003 7.5672e-003 5.1473e-003 2.7403e-003 1.1556e-003 1.7521e-004
         110 6.4086e-013 1.5225e-012 6.5919e-011 4.7412e-013 5.1268e-010 4.9941e-013 1.1599e-010 6.8601e-009 4.5237e-011 4.4943e-008 5.7091e-009 1.0205e-007 7.9078e-008 3.2751e-007 2.0316e-006 6.4143e-007 3.9715e-006 3.5853e-005 7.6260e-005 5.3912e-005 3.2876e-007 2.5335e-004 1.3955e-003 3.7006e-003 6.4192e-003 8.0324e-003 7.5053e-003 5.3968e-003 3.0644e-003 1.3781e-003 2.1758e-004
         111 1.1369e-012 5.4395e-013 6.7809e-011 7.8460e-013 4.5274e-010 3.5676e-012 2.1291e-010 6.4011e-009 6.4281e-012 4.2035e-008 8.7190e-009 8.8035e-008 9.1714e-008 2.5084e-007 1.9284e-006 8.3820e-007 2.8370e-006 3.1315e-005 7.2530e-005 5.8620e-005 3.9457e-007 1.8420e-004 1.1488e-003 3.2118e-003 5.7989e-003 7.5444e-003 7.3597e-003 5.5599e-003 3.3355e-003 1.5804e-003 2.5938e-004
         112 1.6961e-012 8.5374e-014 6.9673e-011 1.0015e-012 3.9720e-010 9.0628e-012 3.2824e-010 5.8932e-009 1.2229e-010 3.8935e-008 1.2008e-008 7.4858e-008 1.0272e-007 1.8706e-007 1.8133e-006 1.0280e-006 1.9493e-006 2.7165e-005 6.8502e-005 6.2345e-005 2.8706e-006 1.3040e-004 9.3903e-004 2.7750e-003 5.2121e-003 7.0380e-003 7.1459e-003 5.6431e-003 3.5509e-003 1.7573e-003 2.9544e-004
         113 2.2783e-012 1.0534e-014 7.1478e-011 1.0800e-012 3.4619e-010 1.6593e-011 4.5555e-010 5.3522e-009 3.5503e-010 3.5729e-008 1.5432e-008 6.2677e-008 1.1189e-007 1.3497e-007 1.6901e-006 1.2039e-006 1.2719e-006 2.3400e-005 6.4279e-005 6.5109e-005 6.9497e-006 8.9253e-005 7.6180e-004 2.3871e-003 4.6623e-003 6.5251e-003 6.8774e-003 5.6538e-003 3.7101e-003 1.9054e-003 3.2551e-004
         114 2.8497e-012 2.0051e-013 7.3190e-011 1.0143e-012 2.9974e-010 2.5805e-011 5.8894e-010 4.7930e-009 6.7029e-010 3.2494e-008 1.8870e-008 5.1597e-008 1.1913e-007 9.3395e-008 1.5620e-006 1.3613e-006 7.7176e-007 2.0008e-005 5.9951e-005 6.6960e-005 1.2000e-005 5.8445e-005 6.1294e-004 2.0443e-003 4.1517e-003 6.0153e-003 6.5667e-003 5.6006e-003 3.8149e-003 2.0233e-003 3.5243e-004
         115 3.3826e-012 5.5416e-013 7.4761e-011 8.2911e-013 2.5771e-010 3.6378e-011 7.2299e-010 4.2289e-009 1.0375e-009 2.9289e-008 2.2218e-008 4.1666e-008 1.2440e-007 6.1095e-008 1.4315e-006 1.4968e-006 4.1930e-007 1.6971e-005 5.5582e-005 6.7950e-005 1.7529e-005 3.6010e-005 4.8858e-004 1.7425e-003 3.6805e-003 5.5152e-003 6.2241e-003 5.4913e-003 3.8679e-003 2.1104e-003 3.7480e-004
         116 3.8557e-012 9.8812e-013 7.6158e-011 5.7118e-013 2.1997e-010 4.8029e-011 8.5303e-010 3.6726e-009 1.4303e-009 2.6168e-008 2.5393e-008 3.2910e-008 1.2776e-007 3.6910e-008 1.3011e-006 1.6086e-006 1.8851e-007 1.4271e-005 5.1237e-005 6.8156e-005 2.3165e-005 2.0296e-005 3.8539e-004 1.4781e-003 3.2486e-003 5.0309e-003 5.8597e-003 5.3349e-003 3.8736e-003 2.1675e-003 3.8962e-004
         117 4.2546e-012 1.4365e-012 7.7373e-011 3.0166e-013 1.8640e-010 6.0522e-011 9.7538e-010 3.1365e-009 1.8270e-009 2.3185e-008 2.8339e-008 2.5331e-008 1.2936e-007 1.9734e-008 1.1733e-006 1.6967e-006 5.6548e-008 1.1892e-005 4.6983e-005 6.7682e-005 2.8636e-005 9.9152e-006 3.0051e-004 1.2479e-003 2.8562e-003 4.5688e-003 5.4844e-003 5.1418e-003 3.8384e-003 2.1969e-003 3.9815e-004
         118 4.5681e-012 1.8488e-012 7.8356e-011 8.8335e-014 1.5669e-010 7.3621e-011 1.0865e-009 2.6289e-009 2.2090e-009 2.0363e-008 3.0999e-008 1.8887e-008 1.2928e-007 8.5001e-009 1.0492e-006 1.7607e-006 3.3175e-009 9.8083e-006 4.2848e-005 6.6592e-005 3.3735e-005 3.6947e-006 2.3114e-004 1.0480e-003 2.5009e-003 4.1304e-003 5.1037e-003 4.9185e-003 3.7665e-003 2.2004e-003 4.0328e-004
         119 4.7894e-012 2.1893e-012 7.9063e-011 3.6771e-017 1.3058e-010 8.7103e-011 1.1836e-009 2.1572e-009 2.5615e-009 1.7724e-008 3.3331e-008 1.3526e-008 1.2768e-007 2.2322e-009 9.3026e-007 1.8010e-006 1.1465e-008 7.9966e-006 3.8857e-005 6.4958e-005 3.8313e-005 6.6662e-007 1.7495e-004 8.7509e-004 2.1805e-003 3.7173e-003 4.7232e-003 4.6717e-003 3.6629e-003 2.1800e-003 4.0475e-004
         120 4.9178e-012 2.4356e-012 7.9483e-011 1.0097e-013 1.0782e-010 1.0078e-010 1.2650e-009 1.7282e-009 2.8739e-009 1.5290e-008 3.5315e-008 9.1893e-009 1.2474e-007 3.1452e-011 8.1767e-007 1.8192e-006 6.5959e-008 6.4369e-006 3.5046e-005 6.2876e-005 4.2281e-005 3.0931e-008 1.2994e-004 7.2634e-004 1.8935e-003 3.3316e-003 4.3490e-003 4.4089e-003 3.5336e-003 2.1392e-003 4.0079e-004
         121 4.9496e-012 2.5737e-012 7.9501e-011 4.4519e-013 8.8044e-011 1.1433e-010 1.3275e-009 1.3448e-009 3.1348e-009 1.3055e-008 3.6891e-008 5.7970e-009 1.2051e-007 1.0700e-009 7.1151e-007 1.8146e-006 1.5360e-007 5.1019e-006 3.1402e-005 6.0354e-005 4.5530e-005 1.1260e-006 9.4255e-005 5.9841e-004 1.6359e-003 2.9708e-003 3.9811e-003 4.1317e-003 3.3802e-003 2.0786e-003 3.9150e-004
         122 4.8768e-012 2.5954e-012 7.8883e-011 1.0674e-012 7.0868e-011 1.2715e-010 1.3667e-009 1.0086e-009 3.3290e-009 1.1003e-008 3.7940e-008 3.2694e-009 1.1487e-007 4.5611e-009 6.1120e-007 1.7844e-006 2.6195e-007 3.9647e-006 2.7879e-005 5.7325e-005 4.7892e-005 3.3897e-006 6.6288e-005 4.8798e-004 1.4027e-003 2.6292e-003 3.6143e-003 3.8359e-003 3.1994e-003 1.9962e-003 3.7836e-004
         123 4.6762e-012 2.4917e-012 7.7067e-011 1.9575e-012 5.5840e-011 1.3781e-010 1.3719e-009 7.1997e-010 3.4272e-009 9.0962e-009 3.8173e-008 1.5294e-009 1.0735e-007 9.6424e-009 5.1489e-007 1.7190e-006 3.7647e-007 2.9970e-006 2.4366e-005 5.3524e-005 4.8984e-005 6.2777e-006 4.4676e-005 3.9135e-004 1.1861e-003 2.2948e-003 3.2336e-003 3.5057e-003 2.9773e-003 1.8828e-003 3.6008e-004
         124 4.2950e-012 2.2473e-012 7.2829e-011 2.9928e-012 4.2451e-011 1.4301e-010 1.3208e-009 4.7906e-010 3.3677e-009 7.2687e-009 3.6942e-008 4.9818e-010 9.6762e-008 1.5077e-008 4.1903e-007 1.5956e-006 4.7450e-007 2.1707e-006 2.0640e-005 4.8330e-005 4.7954e-005 9.0981e-006 2.8317e-005 3.0429e-004 9.7448e-004 1.9449e-003 2.8063e-003 3.1035e-003 2.6802e-003 1.7159e-003 3.3085e-004
