   v'->v''           0           1           2           3           4           5           6
           0 9.8380e-001 1.5768e-002 4.1535e-004 1.4473e-005 9.6491e-007 1.1896e-007 3.3721e-009
           1 1.6192e-002 9.5066e-001 3.1652e-002 1.4281e-003 5.9423e-005 5.9006e-006 1.2142e-006
           2 6.8829e-006 3.3556e-002 9.1832e-001 4.4484e-002 3.4646e-003 1.5276e-004 1.5491e-005
           3 2.1303e-007 3.9384e-006 4.9478e-002 8.9677e-001 4.6527e-002 6.8320e-003 3.5649e-004
           4 1.0225e-007 7.2524e-006 7.4586e-005 5.5796e-002 8.9927e-001 3.3637e-002 1.0141e-002
           5 3.9374e-009 1.1637e-006 6.2192e-005 1.3513e-003 4.5664e-002 9.1895e-001 2.1636e-002
           6 2.0783e-009 4.5539e-008 2.6119e-007 1.3350e-004 4.8544e-003 3.3812e-002 9.2490e-001
           7 3.5791e-010 2.9661e-010 1.7409e-006 1.7407e-005 1.0870e-005 6.1434e-003 3.7760e-002
           8 1.0814e-009 1.2260e-008 6.1506e-009 5.2575e-006 1.3087e-004 2.4185e-004 3.7263e-003
           9 1.9341e-009 1.0325e-009 2.4022e-007 2.1756e-006 3.6816e-007 1.7683e-004 1.2418e-003
          10 3.4525e-054 9.6344e-052 1.1550e-050 6.8779e-050 3.2642e-048 1.8066e-047 2.6456e-047
          11 1.3918e-040 2.8788e-038 1.5829e-037 3.4021e-036 8.9555e-035 3.3597e-034 1.1053e-033
          12 2.2558e-050 5.2418e-049 9.6825e-049 9.3229e-047 1.5651e-045 3.7694e-045 2.5918e-044
          13 5.6730e-048 1.8241e-047 3.2283e-048 6.8828e-045 6.0601e-044 4.7882e-044 1.4652e-042
          14 2.3415e-045 1.1425e-045 1.2903e-044 1.3844e-042 7.0501e-042 2.8968e-043 2.3513e-040
          15 3.6613e-042 9.8499e-047 2.6700e-041 1.1879e-039 3.3783e-039 1.7433e-039 1.7037e-037
          16 1.1564e-030 5.9396e-032 8.3115e-030 2.9690e-028 6.3765e-028 1.0155e-027 4.0600e-026
          17 2.1197e-040 6.1542e-041 1.3703e-039 3.8421e-038 4.8982e-038 3.0608e-037 5.0237e-036
          18 4.0334e-039 4.1304e-039 1.7655e-038 3.9308e-037 8.5652e-038 8.8942e-036 5.1383e-035
          19 2.8977e-037 6.0544e-037 5.9271e-037 1.3747e-035 3.5220e-036 7.9730e-034 1.9881e-033
          20 1.3563e-034 4.6523e-034 4.6730e-035 2.5323e-033 1.4106e-032 4.2674e-031 4.5420e-031
          21 1.2356e-023 4.8949e-023 7.5077e-025 1.5030e-022 1.8942e-021 4.0237e-020 3.0195e-020
          22 1.5992e-033 7.9818e-033 2.9649e-034 6.7258e-033 4.2037e-031 5.4643e-030 1.8369e-030
          23 1.2322e-032 8.2245e-032 3.2481e-032 6.9106e-038 5.9462e-030 4.3612e-029 7.8862e-031
          24 3.8173e-031 3.1681e-030 3.4105e-030 1.3630e-030 2.9318e-028 1.3144e-027 1.8108e-028
          25 1.0152e-028 9.6943e-028 2.0571e-027 1.3383e-027 1.1382e-025 3.0735e-025 3.2301e-025
          26 7.9464e-018 7.7784e-017 1.9751e-016 1.3578e-016 9.8610e-015 2.2424e-014 3.6723e-014
          27 3.9596e-028 3.9435e-027 1.4641e-026 1.0697e-026 6.0171e-025 8.8042e-025 3.5921e-024
          28 1.8803e-027 1.7008e-026 1.0736e-025 7.9348e-026 3.5500e-024 2.1310e-024 3.4367e-023
          29 3.9367e-026 2.6308e-025 2.9420e-024 2.1314e-024 8.1973e-023 7.6795e-024 1.1359e-021
          30 1.1901e-023 4.2515e-023 9.6767e-022 6.8622e-022 2.3197e-020 1.3020e-021 4.3254e-019
          31 2.3936e-013 6.9057e-013 1.9279e-011 1.3626e-011 4.4637e-010 6.4618e-011 8.8837e-009
          32 1.8590e-023 1.9811e-023 1.3366e-021 9.4082e-022 2.7397e-020 2.3441e-020 6.7658e-019
          33 9.8609e-023 4.0827e-024 5.0388e-021 3.5960e-021 8.4179e-020 3.0988e-019 2.8621e-018
          34 2.4683e-021 4.4747e-022 7.2119e-020 5.3324e-020 8.5475e-019 1.1695e-017 4.6129e-017
          35 4.6051e-018 2.8400e-018 6.1631e-017 4.7690e-017 3.3043e-016 2.5015e-014 4.5329e-014
          36 1.5385e-010 9.9372e-011 1.9054e-009 1.4794e-009 9.0560e-009 8.3806e-007 1.4207e-006
          37 6.8617e-019 5.5204e-019 3.2071e-018 2.5058e-018 1.0034e-020 3.6136e-015 2.8691e-015
          38 4.3351e-018 2.9296e-018 4.3568e-018 2.5910e-018 2.0635e-016 1.9901e-014 5.6289e-015
          39 1.2983e-016 5.0091e-017 3.5354e-018 6.0178e-018 1.8832e-014 4.8440e-013 2.4262e-014
          40 2.0505e-010 3.3172e-011 1.9183e-011 1.7428e-010 4.7240e-008 6.2631e-007 6.8995e-012
          41 1.7304e-014 1.9816e-015 2.8403e-015 2.0901e-014 4.3663e-012 4.9942e-011 1.9177e-013
          42 7.0321e-015 4.7168e-021 4.1406e-015 2.6100e-014 2.4733e-012 1.5095e-011 1.8504e-012
          43 5.4037e-014 7.7333e-015 5.1100e-014 4.0661e-013 2.3675e-011 8.3138e-011 3.7178e-011
          44 6.5131e-012 4.0819e-012 7.3132e-012 8.3599e-011 3.3349e-009 6.9117e-009 7.6848e-009
          45 1.4747e-010 1.1799e-010 1.6779e-010 2.1167e-009 7.7877e-008 1.4239e-007 1.9214e-007
          46 3.5648e-012 5.6678e-012 3.9982e-012 7.2878e-011 2.0681e-009 2.4353e-009 6.2214e-009
          47 6.8876e-012 2.1375e-011 6.7968e-012 2.1084e-010 4.4300e-009 2.8346e-009 1.6375e-008
          48 2.5440e-011 1.2835e-010 2.0457e-011 1.0847e-009 1.7828e-008 6.0248e-009 7.7537e-008
          49 2.7990e-011 2.0786e-010 1.7293e-011 1.5887e-009 2.1218e-008 3.4441e-009 1.0609e-007
          50 1.4976e-011 1.8066e-010 5.4373e-012 1.2493e-009 1.2769e-008 3.9492e-010 7.7021e-008
          51 9.7505e-012 2.0626e-010 1.0413e-012 1.3101e-009 9.8715e-009 7.5024e-011 7.4821e-008
          52 6.0892e-012 2.5006e-010 5.4504e-014 1.4838e-009 8.0226e-009 1.2245e-009 7.9492e-008
          53 2.7060e-012 2.7566e-010 2.1512e-012 1.5458e-009 5.7289e-009 3.4421e-009 7.8786e-008
          54 5.1393e-013 2.8024e-010 6.5125e-012 1.4965e-009 3.5152e-009 6.1590e-009 7.3723e-008
          55 6.4901e-014 2.7190e-010 1.1769e-011 1.3899e-009 1.8069e-009 9.0139e-009 6.7415e-008
          56 1.5654e-012 2.5226e-010 1.6491e-011 1.2378e-009 6.7436e-010 1.1729e-008 6.0393e-008
          57 5.0844e-012 2.2184e-010 1.9388e-011 1.0450e-009 1.0051e-010 1.4056e-008 5.2595e-008
          58 1.0550e-011 1.8354e-010 1.9711e-011 8.2717e-010 2.4053e-011 1.5867e-008 4.4319e-008
          59 1.7776e-011 1.4120e-010 1.7382e-011 6.0363e-010 3.4149e-010 1.7136e-008 3.5930e-008
          60 2.6422e-011 9.8566e-011 1.2940e-011 3.9252e-010 9.2532e-010 1.7842e-008 2.7695e-008
          61 3.5989e-011 5.9611e-011 7.5191e-012 2.1242e-010 1.6383e-009 1.7993e-008 1.9940e-008
          62 4.5950e-011 2.8312e-011 2.6862e-012 8.0826e-011 2.3530e-009 1.7663e-008 1.3077e-008
          63 5.5836e-011 7.7934e-012 1.0996e-013 1.0238e-011 2.9696e-009 1.6965e-008 7.4671e-009
          64 6.5247e-011 3.5840e-014 1.2869e-012 7.1312e-012 3.4223e-009 1.6002e-008 3.3534e-009
          65 7.3713e-011 5.9353e-012 7.3553e-012 7.2304e-011 3.6712e-009 1.4830e-008 8.5815e-010
          66 8.0771e-011 2.5323e-011 1.8925e-011 2.0089e-010 3.7031e-009 1.3495e-008 1.2015e-012
          67 8.6065e-011 5.6916e-011 3.5953e-011 3.8240e-010 3.5331e-009 1.2048e-008 6.8047e-010
          68 8.9488e-011 9.8572e-011 5.7814e-011 6.0258e-010 3.2013e-009 1.0553e-008 2.6719e-009
          69 9.1057e-011 1.4762e-010 8.3430e-011 8.4525e-010 2.7585e-009 9.0623e-009 5.6622e-009
          70 9.0782e-011 2.0094e-010 1.1130e-010 1.0928e-009 2.2548e-009 7.6095e-009 9.2799e-009
          71 8.8821e-011 2.5543e-010 1.3978e-010 1.3287e-009 1.7397e-009 6.2279e-009 1.3141e-008
          72 8.5321e-011 3.0797e-010 1.6713e-010 1.5378e-009 1.2532e-009 4.9406e-009 1.6875e-008
          73 8.0420e-011 3.5535e-010 1.9153e-010 1.7055e-009 8.2637e-010 3.7668e-009 2.0137e-008
          74 7.4493e-011 3.9554e-010 2.1179e-010 1.8246e-009 4.8231e-010 2.7343e-009 2.2693e-008
          75 6.7853e-011 4.2696e-010 2.2700e-010 1.8910e-009 2.3153e-010 1.8593e-009 2.4395e-008
          76 6.0773e-011 4.4846e-010 2.3656e-010 1.9032e-009 7.4905e-011 1.1522e-009 2.5172e-008
          77 5.3581e-011 4.6010e-010 2.4058e-010 1.8660e-009 5.7520e-012 6.1817e-010 2.5069e-008
          78 4.6417e-011 4.6123e-010 2.3886e-010 1.7815e-009 1.2002e-011 2.5418e-010 2.4132e-008
          79 3.9514e-011 4.5266e-010 2.3201e-010 1.6582e-009 7.8397e-011 5.3192e-011 2.2509e-008
          80 3.3063e-011 4.3576e-010 2.2098e-010 1.5065e-009 1.8849e-010 9.8959e-013 2.0387e-008
          81 2.7151e-011 4.1150e-010 2.0649e-010 1.3344e-009 3.2597e-010 7.7988e-011 1.7926e-008
          82 2.1886e-011 3.8179e-010 1.8971e-010 1.1531e-009 4.7651e-010 2.6031e-010 1.5320e-008
          83 1.7285e-011 3.4790e-010 1.7145e-010 9.7022e-010 6.2740e-010 5.2080e-010 1.2710e-008
          84 1.3373e-011 3.1174e-010 1.5277e-010 7.9443e-010 7.6955e-010 8.3137e-010 1.0235e-008
          85 1.0113e-011 2.7453e-010 1.3432e-010 6.3109e-010 8.9574e-010 1.1636e-009 7.9791e-009
          86 7.4610e-012 2.3762e-010 1.1674e-010 4.8483e-010 1.0019e-009 1.4916e-009 6.0050e-009
          87 5.3553e-012 2.0197e-010 1.0044e-010 3.5825e-010 1.0855e-009 1.7912e-009 4.3402e-009
          88 3.7284e-012 1.6850e-010 8.5751e-011 2.5277e-010 1.1461e-009 2.0433e-009 2.9912e-009
          89 2.5081e-012 1.3780e-010 7.2808e-011 1.6837e-010 1.1844e-009 2.2322e-009 1.9432e-009
          90 1.6255e-012 1.1051e-010 6.1776e-011 1.0420e-010 1.2040e-009 2.3522e-009 1.1699e-009
          91 1.0093e-012 8.6733e-011 5.2558e-011 5.8077e-011 1.2069e-009 2.3988e-009 6.3130e-010
          92 5.9703e-013 6.6482e-011 4.5039e-011 2.7457e-011 1.1961e-009 2.3729e-009 2.8538e-010
          93 3.3454e-013 4.9618e-011 3.9047e-011 9.5147e-012 1.1736e-009 2.2786e-009 9.0785e-011
          94 1.7726e-013 3.5955e-011 3.4449e-011 1.3697e-012 1.1427e-009 2.1263e-009 9.1997e-012
          95 8.9465e-014 2.5181e-011 3.1079e-011 2.4444e-013 1.1059e-009 1.9271e-009 6.8468e-012
          96 4.4446e-014 1.6923e-011 2.8770e-011 3.6297e-012 1.0643e-009 1.6928e-009 5.5635e-011
          97 2.3817e-014 1.0828e-011 2.7434e-011 9.3764e-012 1.0206e-009 1.4390e-009 1.3330e-010
          98 1.6212e-014 6.5071e-012 2.6970e-011 1.5758e-011 9.7591e-010 1.1788e-009 2.2315e-010
          99 1.6244e-014 3.5976e-012 2.7323e-011 2.1495e-011 9.3141e-010 9.2517e-010 3.1352e-010
         100 2.3151e-014 1.7644e-012 2.8451e-011 2.5726e-011 8.8767e-010 6.8905e-010 3.9675e-010
         101 3.9551e-014 7.1378e-013 3.0342e-011 2.7996e-011 8.4534e-010 4.7975e-010 4.6866e-010
         102 7.0216e-014 1.9763e-013 3.2990e-011 2.8180e-011 8.0466e-010 3.0419e-010 5.2737e-010
         103 1.2106e-013 1.5526e-014 3.6403e-011 2.6434e-011 7.6587e-010 1.6706e-010 5.7292e-010
         104 1.9812e-013 1.4046e-014 4.0565e-011 2.3099e-011 7.2856e-010 7.0691e-011 6.0599e-010
         105 3.0689e-013 8.3354e-014 4.5464e-011 1.8675e-011 6.9271e-010 1.5556e-011 6.2821e-010
         106 4.5183e-013 1.5254e-013 5.1085e-011 1.3736e-011 6.5828e-010 1.7510e-013 6.4153e-010
         107 6.3586e-013 1.8404e-013 5.7383e-011 8.8750e-012 6.2503e-010 2.1509e-011 6.4781e-010
         108 8.6028e-013 1.6749e-013 6.4302e-011 4.6597e-012 5.9280e-010 7.5292e-011 6.4883e-010
         109 1.1244e-012 1.1338e-013 7.1753e-011 1.5945e-012 5.6133e-010 1.5635e-010 6.4602e-010
         110 1.4264e-012 4.7078e-014 7.9667e-011 9.5304e-014 5.3062e-010 2.5906e-010 6.4085e-010
         111 1.7621e-012 3.0818e-015 8.7902e-011 4.7235e-013 5.0032e-010 3.7747e-010 6.3404e-010
         112 2.1265e-012 2.0205e-014 9.6344e-011 2.9237e-012 4.7039e-010 5.0576e-010 6.2640e-010
         113 2.5135e-012 1.3739e-013 1.0486e-010 7.5357e-012 4.4075e-010 6.3841e-010 6.1838e-010
         114 2.9159e-012 3.9039e-013 1.1330e-010 1.4288e-011 4.1132e-010 7.7031e-010 6.1020e-010
         115 3.3254e-012 8.0904e-013 1.2150e-010 2.3059e-011 3.8200e-010 8.9678e-010 6.0182e-010
         116 3.7336e-012 1.4156e-012 1.2931e-010 3.3646e-011 3.5282e-010 1.0139e-009 5.9317e-010
         117 4.1336e-012 2.2239e-012 1.3662e-010 4.5784e-011 3.2395e-010 1.1189e-009 5.8425e-010
         118 4.5160e-012 3.2377e-012 1.4324e-010 5.9141e-011 2.9538e-010 1.2089e-009 5.7463e-010
         119 4.8721e-012 4.4506e-012 1.4904e-010 7.3334e-011 2.6718e-010 1.2820e-009 5.6392e-010
         120 5.1951e-012 5.8474e-012 1.5390e-010 8.7976e-011 2.3957e-010 1.3373e-009 5.5190e-010
         121 5.4720e-012 7.3943e-012 1.5756e-010 1.0253e-010 2.1251e-010 1.3726e-009 5.3766e-010
         122 5.6797e-012 9.0243e-012 1.5945e-010 1.1621e-010 1.8581e-010 1.3844e-009 5.1955e-010
         123 5.7690e-012 1.0588e-011 1.5837e-010 1.2745e-010 1.5894e-010 1.3633e-009 4.9413e-010
         124 5.6332e-012 1.1742e-011 1.5166e-010 1.3301e-010 1.3092e-010 1.2896e-009 4.5438e-010
