   v'->v''           0           1           2           3           4           5           6           7           8           9          10          11          12          13          14          15          16          17          18          19          20          21          22          23
           0 9.9684e-001 3.1580e-003 3.1418e-006 1.0964e-007 2.8792e-008 1.4175e-009 7.7298e-014 9.7173e-009 1.8406e-010 2.7141e-009 5.7437e-010 1.0090e-009 2.2714e-009 9.1403e-010 1.6953e-011 6.0619e-010 5.9611e-010 2.2578e-010 6.1487e-011 3.8951e-011 6.4717e-011 1.0252e-010 1.1519e-010 8.8210e-011
           1 3.1518e-003 9.8899e-001 7.8276e-003 3.0920e-005 2.3581e-006 6.5058e-007 2.3387e-009 3.4443e-008 1.4452e-008 8.6895e-009 1.4301e-008 2.2405e-013 9.6243e-011 4.7903e-009 2.9450e-009 6.9353e-011 2.3302e-009 2.2247e-009 7.7538e-010 1.7707e-010 9.9889e-011 1.7635e-010 2.8406e-010 2.8382e-010
           2 9.9492e-006 7.8233e-003 9.7583e-001 1.6051e-002 2.5037e-004 3.2494e-005 3.9022e-006 3.0431e-009 2.6310e-007 1.8355e-008 1.2333e-008 1.9474e-008 1.3267e-010 7.3487e-010 2.5374e-009 2.1764e-011 3.7173e-009 3.8642e-009 8.8744e-010 1.5182e-011 4.0694e-013 7.2695e-011 3.5625e-010 5.0785e-010
           3 2.6172e-007 3.0660e-005 1.6275e-002 9.4711e-001 3.4702e-002 1.6286e-003 2.4156e-004 1.3065e-005 8.6764e-007 1.0119e-006 6.6102e-008 1.5803e-010 1.7553e-008 1.6002e-011 2.2108e-008 7.3905e-009 4.0256e-009 1.5803e-008 8.6563e-009 1.4741e-009 5.3483e-011 2.5358e-012 4.2095e-011 1.0765e-010
           4 3.0981e-008 1.8262e-006 5.8001e-005 3.6609e-002 8.7728e-001 7.7427e-002 7.6310e-003 9.6796e-004 1.1100e-005 1.0976e-005 3.7223e-007 1.0551e-006 1.9079e-007 1.5131e-007 1.4498e-007 9.8663e-011 2.2595e-008 5.1320e-009 1.9177e-010 2.0474e-009 2.7139e-009 3.1723e-009 3.3564e-009 2.6387e-009
           5 9.2148e-009 3.5531e-008 7.9701e-006 1.8389e-004 8.6604e-002 7.4751e-001 1.4328e-001 2.0460e-002 1.9255e-003 5.7235e-008 2.1805e-005 1.7277e-006 9.5738e-007 1.2617e-006 1.4036e-008 1.3614e-007 1.3414e-007 4.9149e-008 2.5697e-009 6.5535e-009 1.7065e-008 1.2605e-008 4.6212e-009 8.8751e-010
           6 1.0490e-008 2.0629e-008 4.8034e-007 9.9588e-006 1.1366e-003 1.6725e-001 5.8998e-001 2.0349e-001 3.5475e-002 2.6150e-003 1.5801e-005 1.7964e-005 7.6031e-006 1.0517e-008 1.5237e-006 4.2676e-007 2.8974e-009 4.8425e-008 1.1755e-007 9.7287e-008 2.9022e-008 6.6849e-010 3.3968e-009 6.3557e-009
           7 1.3124e-008 1.2732e-008 8.1242e-008 7.7155e-006 5.6928e-008 6.1250e-003 2.3829e-001 4.4213e-001 2.5643e-001 5.3618e-002 3.3201e-003 5.4732e-005 8.3182e-006 1.4303e-005 1.9288e-006 5.9703e-007 9.0485e-007 3.7208e-007 4.1789e-008 2.6886e-008 1.1492e-007 1.0329e-007 4.9254e-008 1.5872e-008
           8 2.5853e-010 3.2083e-011 3.0632e-008 7.3215e-008 1.7351e-005 4.0577e-007 2.0365e-002 2.8710e-001 3.1386e-001 3.0067e-001 7.3908e-002 3.9637e-003 9.7024e-005 3.5353e-007 1.4639e-005 6.3460e-006 7.9156e-008 4.7279e-007 8.5825e-007 4.9560e-007 9.8861e-008 5.0944e-010 1.2174e-008 1.7624e-008
           9 8.9073e-010 6.8567e-009 1.4974e-008 2.6421e-007 7.1258e-006 3.3288e-007 1.5168e-004 4.4087e-002 3.1001e-001 2.0733e-001 3.3574e-001 9.7670e-002 4.8504e-003 1.2727e-004 3.4789e-006 9.2440e-006 9.8529e-006 2.1033e-006 1.8137e-012 5.4675e-007 7.5634e-007 5.0350e-007 2.3922e-007 9.0020e-008
          10 6.4011e-053 8.2006e-052 8.6674e-051 2.2990e-051 2.5267e-052 6.9898e-048 9.0117e-048 9.3812e-046 3.0598e-044 1.0689e-043 2.4363e-044 1.4972e-043 1.6363e-043 4.3418e-043 1.0878e-041 4.1727e-040 7.8645e-038 2.2400e-035 9.5202e-033 7.8619e-029 6.8979e-025 2.4578e-020 4.4891e-013 4.8372e-006
          11 3.0229e-039 1.6950e-038 2.1951e-037 1.8955e-039 3.9492e-037 1.9895e-034 2.2015e-034 1.5480e-032 6.8332e-031 2.8003e-030 1.1132e-030 3.2722e-030 1.1342e-030 5.4998e-032 1.2347e-033 1.5357e-034 9.7590e-036 9.3520e-034 1.7803e-031 1.3523e-027 1.0673e-023 3.3215e-019 4.1688e-012 1.9040e-005
          12 8.0596e-050 2.2389e-049 3.6383e-048 5.1753e-049 2.9792e-047 3.6601e-045 3.1150e-045 1.5593e-043 1.0052e-041 4.8709e-041 2.9835e-041 4.1566e-041 9.2888e-045 1.0304e-040 2.6261e-039 8.5424e-038 1.3294e-035 3.2518e-033 1.2081e-030 7.8408e-027 5.5211e-023 1.4846e-018 1.2418e-011 2.2654e-005
          13 5.5160e-048 5.4293e-048 1.3860e-046 2.5686e-046 4.3226e-045 1.6127e-043 5.5260e-044 1.7722e-042 3.1367e-040 2.0976e-039 2.3085e-039 5.6871e-040 2.0703e-039 2.0473e-038 3.1712e-037 8.6731e-036 1.1050e-033 2.3113e-031 7.4854e-029 3.8091e-025 2.1480e-021 4.3456e-017 1.6482e-010 5.4060e-005
          14 9.1245e-046 4.8897e-046 1.8080e-044 1.1053e-043 1.1706e-042 2.2337e-041 4.0184e-043 2.2595e-041 3.3852e-038 3.1635e-037 5.2882e-037 3.2649e-040 8.4347e-037 3.0338e-036 2.6324e-035 5.8124e-034 6.0079e-032 1.0691e-029 3.0093e-027 1.1978e-023 5.3973e-020 8.1916e-016 1.3963e-009 9.6777e-005
          15 4.7249e-043 3.2348e-043 1.1989e-041 1.6216e-040 1.2061e-039 1.3748e-038 3.2534e-039 1.0959e-038 1.7798e-035 2.3930e-034 5.5918e-034 6.2360e-035 8.3690e-034 8.5362e-034 1.8948e-033 2.8843e-032 2.3997e-030 3.6118e-028 8.8064e-026 2.7356e-022 9.8290e-019 1.1160e-014 8.4936e-009 1.5921e-004
          16 7.7951e-032 9.1514e-032 2.8511e-030 4.9288e-029 3.1928e-028 2.9885e-027 1.9952e-027 7.9520e-027 3.7417e-024 5.9026e-023 1.5580e-022 3.2562e-023 2.0363e-022 8.5645e-023 4.2819e-024 7.0793e-026 1.8594e-026 2.6889e-027 4.7840e-025 1.1491e-021 3.7786e-018 3.8125e-014 2.0917e-008 2.4898e-004
          17 2.7254e-042 1.8084e-041 3.6783e-040 8.4677e-039 4.4417e-038 3.0763e-037 6.4541e-037 2.3787e-036 3.8231e-034 7.7753e-033 2.4348e-032 9.4015e-033 2.3371e-032 8.3688e-035 6.8239e-032 1.1629e-030 7.5285e-029 9.5294e-027 2.0052e-024 4.8491e-021 1.3864e-017 1.1745e-013 3.9755e-008 2.5976e-004
          18 8.2015e-041 5.9068e-040 4.7499e-039 1.4224e-037 4.9748e-037 1.8414e-036 2.0585e-035 5.3414e-035 2.7178e-033 9.0912e-032 3.7422e-031 2.7799e-031 1.4631e-031 2.7793e-031 3.6112e-030 3.9069e-029 1.9506e-027 2.0574e-025 3.7195e-023 6.9826e-020 1.5847e-016 9.9878e-013 1.5017e-007 4.1624e-004
          19 5.2727e-038 8.7915e-038 3.0817e-037 8.8831e-036 1.8025e-035 1.9490e-035 1.9630e-033 3.1473e-033 6.6581e-032 4.2568e-030 2.2914e-029 2.6370e-029 1.0765e-030 4.6650e-029 1.9182e-028 1.1745e-027 4.3108e-026 3.7513e-024 5.7956e-022 8.4189e-019 1.5126e-015 7.0704e-012 4.7369e-007 6.4130e-004
          20 7.7037e-035 8.5592e-035 1.7144e-034 3.5626e-033 2.9828e-033 1.1342e-033 1.0898e-030 9.2317e-031 8.0072e-030 1.3484e-027 9.5372e-027 1.5320e-026 4.4546e-028 2.5672e-026 2.8017e-026 3.8723e-026 8.3302e-025 5.9264e-023 7.7728e-021 8.7049e-018 1.2346e-014 4.2662e-011 1.2854e-006 9.5349e-004
          21 9.6284e-024 1.0005e-023 1.7520e-023 3.0612e-022 1.5472e-022 5.2215e-022 1.0362e-019 6.5854e-020 3.8411e-019 1.0757e-016 8.4061e-016 1.4971e-015 1.1698e-016 2.2648e-015 1.1806e-015 6.3679e-017 6.7561e-019 3.0564e-019 1.0682e-019 2.4096e-017 3.0602e-014 9.5100e-011 2.1664e-006 1.3318e-003
          22 2.0758e-033 2.0066e-033 2.9485e-033 3.5404e-032 3.0844e-033 2.6144e-031 1.4232e-029 4.6082e-030 8.2592e-030 1.0972e-026 1.0344e-025 2.1944e-025 4.5595e-026 2.5028e-025 3.4381e-027 5.8754e-025 1.4757e-023 8.2831e-022 9.1635e-020 7.8770e-017 8.7889e-014 2.2373e-010 3.0814e-006 1.3878e-003
          23 3.1502e-032 2.9206e-032 3.7284e-032 2.2500e-031 5.6209e-032 5.9628e-030 1.1508e-028 4.4438e-030 3.8765e-029 5.8400e-026 7.5229e-025 2.0444e-024 9.6173e-025 1.1444e-024 1.2092e-024 1.6918e-023 2.3908e-022 1.0436e-020 9.6353e-019 6.3256e-016 5.5319e-013 1.0337e-009 6.6768e-006 1.9899e-003
          24 1.7581e-030 1.6286e-030 1.9920e-030 5.5786e-030 1.3709e-029 3.6172e-028 3.5372e-027 1.7702e-028 8.9434e-027 1.2210e-024 2.2369e-023 7.6605e-023 5.9403e-023 1.1724e-023 1.2781e-022 5.3790e-022 3.7507e-021 1.2041e-019 9.1714e-018 4.5713e-015 3.1205e-012 4.2651e-009 1.3390e-005 2.8095e-003
          25 7.8780e-028 7.4305e-028 9.1738e-028 1.1366e-027 1.0661e-026 1.5517e-025 8.6522e-025 4.7225e-025 5.1194e-024 2.0621e-022 5.7347e-021 2.4561e-020 2.7266e-020 1.5833e-023 5.4472e-020 6.3847e-020 7.3851e-020 1.2881e-018 8.0057e-017 3.0066e-014 1.5944e-011 1.5883e-008 2.5358e-005 3.8940e-003
          26 7.1471e-017 6.7932e-017 8.4625e-017 8.1028e-017 1.0752e-015 1.3684e-014 6.4626e-014 5.5742e-014 4.6363e-013 1.3746e-011 4.4304e-010 2.0315e-009 2.4760e-009 1.5323e-011 4.5471e-009 3.0262e-009 1.8311e-010 1.0373e-012 8.2899e-013 4.5818e-013 2.9554e-011 2.7677e-008 3.6311e-005 5.0912e-003
          27 4.8510e-027 4.7036e-027 6.0176e-027 3.1894e-027 8.7294e-026 8.5510e-025 2.7541e-024 5.7557e-024 2.8999e-023 4.5039e-022 2.1261e-020 1.1373e-019 1.6774e-019 1.3055e-020 2.3470e-019 1.1298e-020 5.8382e-019 1.3257e-017 6.4644e-016 1.8174e-013 7.4484e-011 5.3884e-008 4.6158e-005 5.3044e-003
          28 3.3627e-026 3.3726e-026 4.5277e-026 9.9903e-027 7.1593e-025 5.0636e-024 8.6581e-024 5.8235e-023 1.5485e-022 9.2497e-022 9.2149e-020 6.1826e-019 1.1602e-018 3.0494e-019 8.9760e-019 4.7568e-019 1.0521e-017 1.3089e-016 4.9043e-015 1.0201e-012 3.2114e-010 1.6815e-007 8.1876e-005 7.1249e-003
          29 9.2564e-025 9.6568e-025 1.3679e-024 1.2400e-025 2.1958e-023 1.1410e-022 7.8676e-023 2.0467e-021 2.8162e-021 4.4380e-021 1.6311e-018 1.3867e-017 3.2235e-017 1.5930e-017 9.9598e-018 4.3718e-017 2.2728e-016 1.3148e-015 3.5276e-014 5.3605e-012 1.2872e-009 4.8635e-007 1.4265e-004 9.4464e-003
          30 3.2061e-022 3.5040e-022 5.2475e-022 2.0176e-023 8.2021e-021 3.0746e-020 2.7141e-021 8.4525e-019 5.2392e-019 5.3461e-023 3.7053e-016 4.0635e-015 1.1504e-014 8.6257e-015 6.3629e-016 2.1855e-014 2.9295e-014 2.0777e-014 2.4297e-013 2.6658e-011 4.8391e-009 1.3157e-006 2.4535e-004 1.2366e-002
          31 6.5041e-012 7.1957e-012 1.0917e-011 3.4895e-013 1.6886e-010 5.8279e-010 1.4112e-011 1.7757e-008 8.7809e-009 1.2490e-009 6.8270e-006 7.9730e-005 2.3591e-004 1.9156e-004 6.1876e-006 4.5743e-004 4.0676e-004 2.9115e-005 5.2065e-008 1.1032e-007 7.2262e-008 1.6450e-006 3.2006e-004 1.5082e-002
          32 4.8614e-022 5.6247e-022 8.9084e-022 1.6843e-023 1.3185e-020 3.3636e-020 5.1948e-021 1.4740e-018 2.7786e-019 1.3473e-018 3.7268e-016 5.4233e-015 1.8500e-014 1.8933e-014 1.0387e-016 3.4452e-014 2.8348e-015 8.5263e-014 1.6618e-012 1.2617e-010 1.7183e-008 3.3533e-006 4.1686e-004 1.5956e-002
          33 2.0971e-021 2.6105e-021 4.3714e-021 5.7260e-023 5.9869e-020 9.1575e-020 1.9861e-019 7.1921e-018 5.5601e-020 1.8467e-017 1.0670e-015 2.1533e-014 8.7975e-014 1.1569e-013 1.2394e-014 1.2625e-013 3.6695e-014 1.1299e-012 1.1314e-011 5.7705e-010 5.8142e-008 8.1268e-006 7.0032e-004 2.0299e-002
          34 3.6036e-020 4.9527e-020 8.7641e-020 1.2788e-021 1.0838e-018 7.3784e-019 1.0457e-017 1.3956e-016 1.0542e-017 5.9710e-016 1.1977e-014 3.5958e-013 1.7561e-012 2.8567e-012 7.8929e-013 1.5292e-012 3.3939e-012 2.0068e-011 8.3002e-011 2.5756e-009 1.8896e-007 1.8875e-005 1.1626e-003 2.5438e-002
          35 3.9496e-017 6.2540e-017 1.1688e-016 2.7827e-018 1.2633e-015 1.2741e-016 2.6902e-014 1.7516e-013 8.1686e-014 1.0309e-012 8.1755e-012 4.1142e-010 2.4066e-009 4.7207e-009 2.2433e-009 8.8035e-010 8.0485e-009 1.1837e-008 2.8150e-009 1.1430e-008 5.9857e-007 4.2423e-005 1.9101e-003 3.1404e-002
          36 1.2524e-009 2.0127e-009 3.7791e-009 9.4841e-011 4.0299e-008 2.8913e-009 9.1286e-007 5.6259e-006 2.9238e-006 3.3851e-005 2.4801e-004 1.3148e-002 7.8117e-002 1.5555e-001 7.6674e-002 2.5796e-002 2.6823e-001 3.4303e-001 3.1386e-002 3.9755e-007 1.0555e-004 3.3910e-005 2.3486e-007 3.2755e-004
          37 2.9539e-018 5.8058e-018 1.1451e-017 5.3704e-019 1.0277e-016 1.3957e-017 4.4488e-015 1.5581e-014 2.1742e-014 1.1560e-013 3.3572e-013 3.5666e-011 2.5145e-010 5.8418e-010 4.0276e-010 1.3372e-011 1.0076e-009 1.2341e-010 2.6312e-009 5.1238e-008 1.8405e-006 9.3136e-005 3.1067e-003 3.8079e-002
          38 7.6287e-018 2.1500e-017 4.4679e-017 4.4063e-018 3.0406e-016 6.1499e-016 2.7546e-014 5.2262e-014 1.8016e-013 4.7219e-013 3.1181e-013 1.2736e-010 1.0944e-009 2.9731e-009 2.7164e-009 3.6999e-011 4.2181e-009 6.4020e-010 2.9450e-008 2.4410e-007 5.6611e-006 2.0168e-004 5.0133e-003 4.5222e-002
          39 6.3153e-017 3.5897e-016 7.8311e-016 1.6628e-016 3.3479e-015 3.8924e-014 7.5047e-013 7.1482e-013 6.0683e-012 7.9373e-012 2.2056e-014 2.1236e-009 2.2631e-008 7.1256e-008 8.1657e-008 9.2830e-009 7.0071e-008 8.7528e-008 5.7490e-007 1.4351e-006 1.7671e-005 4.3556e-004 8.0330e-003 5.2322e-002
          40 1.5531e-011 3.4439e-010 7.7635e-010 3.0844e-010 1.6525e-009 8.6226e-008 1.0628e-006 5.0807e-007 9.8833e-006 7.0074e-006 5.2681e-006 2.0934e-003 2.6922e-002 9.4895e-002 1.2673e-001 2.8918e-002 6.0729e-002 1.9366e-001 4.1038e-001 5.4979e-002 3.7608e-004 2.6120e-004 6.8444e-006 2.4886e-005
          41 5.2645e-016 2.5366e-014 5.7589e-014 2.7076e-014 9.1611e-014 7.7882e-012 8.6844e-011 3.3340e-011 8.3561e-010 4.9558e-010 6.2745e-010 1.5600e-007 2.1140e-006 7.6720e-006 1.0632e-005 2.7743e-006 4.2732e-006 1.6981e-005 2.6069e-005 3.5988e-008 5.3843e-005 9.3726e-004 1.2797e-002 5.8500e-002
          42 4.9242e-016 5.1409e-015 1.1898e-014 1.3157e-014 2.4960e-017 4.0701e-012 2.9703e-011 2.3018e-012 3.3423e-010 6.7838e-011 6.2733e-010 3.4497e-008 6.1621e-007 2.5705e-006 4.1988e-006 1.7979e-006 5.7263e-007 7.0218e-006 1.0893e-006 2.1690e-005 1.9434e-004 2.0987e-003 2.0252e-002 6.2455e-002
          43 2.2329e-014 1.8076e-014 4.0471e-014 1.1962e-013 2.4232e-013 3.7096e-011 1.8766e-010 9.6850e-013 2.4599e-009 6.2337e-011 7.0783e-009 1.4096e-007 3.4950e-006 1.6753e-005 3.1649e-005 1.9115e-005 5.2511e-007 4.6045e-005 3.2692e-006 2.5273e-004 8.3433e-004 4.9162e-003 3.1913e-002 6.2022e-002
          44 6.2380e-012 8.7864e-013 1.6401e-012 1.7019e-011 1.0244e-010 5.0724e-009 1.8253e-008 3.7354e-009 2.8035e-007 3.8909e-009 1.0221e-006 8.7044e-006 3.2219e-004 1.7752e-003 3.8181e-003 2.9809e-003 3.0566e-005 4.2609e-003 2.9892e-003 2.2109e-002 1.3349e-002 1.5296e-002 5.0942e-002 5.0277e-002
          45 1.6383e-010 1.5623e-011 2.6546e-011 4.0098e-010 2.8332e-009 1.1787e-007 3.9181e-007 1.1841e-007 6.2597e-006 2.0849e-007 2.3751e-005 1.6680e-004 6.8859e-003 3.9216e-002 8.6800e-002 7.1364e-002 1.6569e-003 8.9545e-002 8.3798e-002 4.3270e-001 1.1391e-001 6.4148e-003 1.1469e-004 3.8598e-003
          46 6.0643e-012 1.4682e-013 1.1462e-013 1.1138e-011 1.1891e-010 3.0931e-009 7.8318e-009 6.5221e-009 1.4433e-007 2.3490e-008 6.0798e-007 2.1950e-006 1.3912e-004 8.8725e-004 2.1548e-003 2.0714e-003 1.8915e-004 1.6250e-003 3.2605e-003 5.2042e-003 1.6764e-003 2.3925e-002 6.8069e-002 3.7970e-002
          47 1.7962e-011 5.1885e-014 6.3322e-014 2.5893e-011 3.8893e-010 6.5858e-009 1.1671e-008 2.5068e-008 2.6421e-007 1.2459e-007 1.2074e-006 1.7067e-006 2.2339e-004 1.6437e-003 4.4401e-003 5.0148e-003 1.0159e-003 2.0220e-003 8.6030e-003 2.0862e-003 2.4456e-002 7.3314e-002 8.8456e-002 1.0278e-002
          48 9.1442e-011 4.6566e-015 2.5774e-012 1.1387e-010 2.1038e-009 2.6538e-008 3.3478e-008 1.4630e-007 9.3972e-007 8.3944e-007 4.4701e-006 2.1071e-006 7.2988e-004 6.0855e-003 1.7891e-002 2.2695e-002 6.9437e-003 4.5800e-003 3.7040e-002 1.0931e-005 1.4039e-001 1.5246e-001 3.7561e-002 6.6371e-003
          49 1.3106e-010 3.1183e-014 7.3014e-012 1.4810e-010 3.1462e-009 3.1750e-008 2.8545e-008 2.2831e-007 1.0102e-006 1.4249e-006 4.8919e-006 4.1692e-007 7.4329e-004 6.9229e-003 2.1814e-002 3.0215e-002 1.1971e-002 2.8270e-003 4.4718e-002 4.5469e-003 1.6758e-001 4.7441e-002 1.2690e-002 2.8112e-002
          50 9.9217e-011 8.2083e-014 9.0656e-012 1.0158e-010 2.4961e-009 1.9338e-008 1.0037e-008 1.8796e-007 5.3423e-007 1.2711e-006 2.5953e-006 1.0991e-007 3.7621e-004 4.0657e-003 1.3959e-002 2.1389e-002 1.0941e-002 4.1177e-004 2.6438e-002 1.2727e-002 7.8287e-002 1.7286e-003 7.5291e-002 3.4897e-003
          51 9.8988e-011 8.3989e-014 1.2669e-011 9.2970e-011 2.6070e-009 1.5260e-008 3.1286e-009 2.0162e-007 3.5615e-007 1.4605e-006 1.6912e-006 1.0890e-006 2.4801e-004 3.1967e-003 1.2039e-002 2.0385e-002 1.2987e-002 1.7154e-005 1.9415e-002 2.2344e-002 3.3184e-002 4.3078e-002 7.1716e-002 7.4040e-003
          52 1.0607e-010 3.4216e-014 1.7185e-011 9.2634e-011 2.9168e-009 1.2776e-008 2.6740e-010 2.2965e-007 2.4465e-007 1.7635e-006 1.0938e-006 2.6774e-006 1.7720e-004 2.7834e-003 1.1509e-002 2.1385e-002 1.6312e-002 7.4297e-004 1.4558e-002 3.1169e-002 7.9963e-003 8.8626e-002 2.3286e-002 3.4784e-002
          53 1.0418e-010 1.1451e-015 2.0272e-011 8.5158e-011 2.9902e-009 9.5213e-009 5.3446e-010 2.3833e-007 1.4143e-007 1.9304e-006 5.5626e-007 4.2123e-006 1.1534e-004 2.2772e-003 1.0370e-002 2.1049e-002 1.8722e-002 2.3873e-003 9.2542e-003 3.4382e-002 3.3433e-008 9.3548e-002 1.0694e-004 3.7643e-002
          54 9.4893e-011 1.1348e-013 2.1616e-011 7.2556e-011 2.8472e-009 6.2236e-009 3.5580e-009 2.2890e-007 6.3644e-008 1.9531e-006 1.8486e-007 5.2509e-006 6.7924e-005 1.7653e-003 8.8987e-003 1.9691e-002 2.0051e-002 4.5926e-003 4.7473e-003 3.2167e-002 5.3679e-003 6.3819e-002 2.2677e-002 1.4264e-002
          55 8.2942e-011 4.8157e-013 2.1923e-011 5.8794e-011 2.6088e-009 3.5404e-009 8.4956e-009 2.1113e-007 1.8211e-008 1.8999e-006 1.6019e-008 5.7607e-006 3.6706e-005 1.3423e-003 7.5376e-003 1.8156e-002 2.0862e-002 7.1004e-003 1.7597e-003 2.7102e-002 1.5645e-002 2.8679e-002 5.3977e-002 6.6029e-005
          56 6.9722e-011 1.1609e-012 2.1510e-011 4.4860e-011 2.3090e-009 1.6041e-009 1.4474e-008 1.8798e-007 7.1455e-010 1.7897e-006 2.4381e-008 5.7740e-006 1.7616e-005 1.0053e-003 6.3336e-003 1.6591e-002 2.1265e-002 9.6908e-003 2.6379e-004 2.0864e-002 2.4534e-002 6.2348e-003 6.2984e-002 9.3446e-003
          57 5.5897e-011 2.1238e-012 2.0563e-011 3.1300e-011 1.9618e-009 4.3428e-010 2.0611e-008 1.6081e-007 5.0669e-009 1.6290e-006 1.7080e-007 5.3567e-006 6.8897e-006 7.3714e-004 5.2571e-003 1.4974e-002 2.1211e-002 1.2139e-002 6.0658e-005 1.4577e-002 2.9139e-002 1.2054e-005 4.7916e-002 2.7875e-002
          58 4.2473e-011 3.2609e-012 1.9370e-011 1.9051e-011 1.5952e-009 5.2262e-012 2.6181e-008 1.3196e-007 2.4852e-008 1.4343e-006 4.1084e-007 4.6399e-006 1.7482e-006 5.2834e-004 4.3114e-003 1.3359e-002 2.0765e-002 1.4301e-002 8.8550e-004 9.0835e-003 2.9266e-002 4.8203e-003 2.4317e-002 3.7221e-002
          59 3.0315e-011 4.4018e-012 1.8215e-011 9.1090e-012 1.2364e-009 2.3247e-010 3.0673e-008 1.0368e-007 5.3881e-008 1.2238e-006 7.0126e-007 3.7660e-006 7.1323e-008 3.6970e-004 3.4984e-003 1.1805e-002 2.0022e-002 1.6104e-002 2.4469e-003 4.8371e-003 2.6114e-002 1.3466e-002 6.6229e-003 3.2093e-002
          60 1.9953e-011 5.3324e-012 1.7274e-011 2.4335e-012 9.0430e-010 9.8914e-010 3.3697e-008 7.7421e-008 8.6580e-008 1.0094e-006 1.0022e-006 2.8503e-006 3.2010e-007 2.5128e-004 2.8039e-003 1.0320e-002 1.9018e-002 1.7478e-002 4.4610e-003 1.9654e-003 2.1133e-002 2.0741e-002 9.4596e-005 1.8934e-002
          61 1.1729e-011 5.8399e-012 1.6677e-011 1.5097e-018 6.1421e-010 2.1180e-009 3.5028e-008 5.4306e-008 1.1817e-007 8.0137e-007 1.2792e-006 1.9865e-006 1.4391e-006 1.6471e-004 2.2142e-003 8.9101e-003 1.7779e-002 1.8369e-002 6.6648e-003 4.1162e-004 1.5585e-002 2.4319e-002 2.5006e-003 6.7574e-003
          62 5.8089e-012 5.7811e-012 1.6562e-011 2.6907e-012 3.7860e-010 3.4502e-009 3.4709e-008 3.5227e-008 1.4520e-007 6.1050e-007 1.5083e-006 1.2482e-006 2.7475e-006 1.0340e-004 1.7228e-003 7.6018e-003 1.6386e-002 1.8797e-002 8.8463e-003 4.3183e-006 1.0412e-002 2.4140e-002 8.7879e-003 6.3421e-004
          63 2.1053e-012 5.1218e-012 1.7071e-011 1.1210e-011 2.0304e-010 4.8307e-009 3.2984e-008 2.0574e-008 1.6572e-007 4.4440e-007 1.6775e-006 6.7756e-007 3.8589e-006 6.1612e-005 1.3222e-003 6.4213e-003 1.4927e-002 1.8829e-002 1.0862e-002 5.0466e-004 6.1650e-003 2.1296e-002 1.4702e-002 6.2462e-004
          64 3.2387e-013 3.9493e-012 1.8341e-011 2.6097e-011 8.6170e-011 6.1324e-009 3.0181e-008 1.0239e-008 1.7901e-007 3.0664e-007 1.7837e-006 2.8700e-007 4.5993e-006 3.4296e-005 1.0017e-003 5.3791e-003 1.3471e-002 1.8543e-002 1.2625e-002 1.6608e-003 3.0585e-003 1.7099e-002 1.8111e-002 4.0850e-003
          65 4.8032e-014 2.4727e-012 2.0487e-011 4.7674e-011 2.1597e-011 7.2468e-009 2.6595e-008 3.7801e-009 1.8484e-007 1.9725e-007 1.8263e-006 6.7901e-008 4.9220e-006 1.7292e-005 7.4762e-004 4.4653e-003 1.2040e-002 1.7976e-002 1.4068e-002 3.2371e-003 1.0895e-003 1.2583e-002 1.8654e-002 8.1578e-003
          66 8.0839e-013 1.0375e-012 2.3637e-011 7.5925e-011 1.8011e-013 8.0902e-009 2.2532e-008 6.1344e-010 1.8352e-007 1.1491e-007 1.8081e-006 4.9408e-012 4.8576e-006 7.4327e-006 5.4820e-004 3.6684e-003 1.0650e-002 1.7162e-002 1.5142e-002 5.0217e-003 1.4521e-004 8.4366e-003 1.6952e-002 1.1018e-002
          67 2.1259e-012 1.0957e-013 2.7930e-011 1.1046e-010 1.0959e-011 8.6132e-009 1.8308e-008 7.3360e-011 1.7592e-007 5.7371e-008 1.7365e-006 5.5469e-008 4.4831e-006 2.3578e-006 3.9392e-004 2.9806e-003 9.3224e-003 1.6149e-002 1.5830e-002 6.8337e-003 5.2673e-005 5.0437e-003 1.3953e-002 1.2041e-002
          68 3.5647e-012 2.3098e-013 3.3548e-011 1.5071e-010 4.2271e-011 8.8121e-009 1.4227e-008 1.4644e-009 1.6349e-007 2.1582e-008 1.6234e-006 2.0262e-007 3.9004e-006 3.1666e-007 2.7692e-004 2.3971e-003 8.0851e-003 1.5009e-002 1.6159e-002 8.5406e-003 6.1159e-004 2.5566e-003 1.0531e-002 1.1446e-002
          69 4.7760e-012 1.9736e-012 4.0678e-011 1.9595e-010 8.3127e-011 8.7116e-009 1.0517e-008 4.1305e-009 1.4774e-007 3.8256e-009 1.4814e-006 4.1016e-007 3.2085e-006 4.6759e-008 1.8999e-004 1.9096e-003 6.9568e-003 1.3805e-002 1.6178e-002 1.0056e-002 1.6245e-003 9.6342e-004 7.2942e-003 9.8041e-003
          70 5.5159e-012 5.8939e-012 4.9438e-011 2.4508e-010 1.2408e-010 8.3458e-009 7.3181e-009 7.4975e-009 1.2990e-007 2.3317e-010 1.3203e-006 6.4934e-007 2.4886e-006 6.8028e-007 1.2662e-004 1.5062e-003 5.9393e-003 1.2574e-002 1.5922e-002 1.1319e-002 2.9130e-003 1.6301e-004 4.5731e-003 7.6932e-003
          71 5.6632e-012 1.2490e-011 5.9931e-011 2.9696e-010 1.5793e-010 7.7677e-009 4.7134e-009 1.1100e-008 1.1118e-007 7.1014e-009 1.1502e-006 8.9588e-007 1.8064e-006 1.6512e-006 8.1470e-005 1.1762e-003 5.0343e-003 1.1355e-002 1.5443e-002 1.2305e-002 4.3287e-003 1.6462e-005 2.5070e-003 5.5616e-003
          72 5.2098e-012 2.2161e-011 7.2163e-011 3.5013e-010 1.7987e-010 7.0295e-009 2.7215e-009 1.4579e-008 9.2494e-008 2.1066e-008 9.7847e-007 1.1299e-006 1.2071e-006 2.6142e-006 5.0103e-005 9.0835e-004 4.2352e-003 1.0169e-002 1.4783e-002 1.3005e-002 5.7516e-003 3.7418e-004 1.1031e-003 3.6802e-003
          73 4.2507e-012 3.5121e-011 8.5966e-011 4.0262e-010 1.8731e-010 6.1809e-009 1.3200e-009 1.7657e-008 7.4528e-008 3.9133e-008 8.1083e-007 1.3345e-006 7.1920e-007 3.3755e-006 2.8986e-005 6.9228e-004 3.5318e-003 9.0231e-003 1.3967e-002 1.3411e-002 7.0818e-003 1.0905e-003 3.0111e-004 2.1795e-003
          74 2.9832e-012 5.1461e-011 1.0125e-010 4.5324e-010 1.8042e-010 5.2860e-009 4.5815e-010 2.0182e-008 5.8008e-008 5.8803e-008 6.5394e-007 1.5003e-006 3.5869e-007 3.8544e-006 1.5417e-005 5.2070e-004 2.9229e-003 7.9464e-003 1.3057e-002 1.3560e-002 8.2590e-003 2.0331e-003 7.2787e-006 1.0993e-003
          75 1.6618e-012 7.1105e-011 1.1782e-010 5.0070e-010 1.6111e-010 4.3945e-009 5.6991e-011 2.2080e-008 4.3361e-008 7.8092e-008 5.1181e-007 1.6217e-006 1.2688e-007 4.0401e-006 7.2108e-006 3.8607e-004 2.4008e-003 6.9497e-003 1.2091e-002 1.3483e-002 9.2448e-003 3.0900e-003 1.1365e-004 4.1463e-004
          76 5.7562e-013 9.3772e-011 1.3534e-010 5.4359e-010 1.3266e-010 3.5452e-009 2.6177e-011 2.3323e-008 3.0829e-008 9.5451e-008 3.8688e-007 1.6959e-006 1.5368e-008 3.9624e-006 2.6906e-006 2.8164e-004 1.9567e-003 6.0366e-003 1.1100e-002 1.3213e-002 1.0016e-002 4.1695e-003 5.1460e-004 7.1625e-005
          77 2.1994e-014 1.1916e-010 1.5363e-010 5.8144e-010 9.9315e-011 2.7712e-009 2.7322e-010 2.3962e-008 2.0549e-008 1.0992e-007 2.8082e-007 1.7255e-006 8.9599e-009 3.6788e-006 5.9684e-007 2.0190e-004 1.5836e-003 5.2145e-003 1.0120e-002 1.2796e-002 1.0579e-002 5.2073e-003 1.1155e-003 6.0557e-006
          78 2.8074e-013 1.4655e-010 1.7204e-010 6.1239e-010 6.5356e-011 2.0869e-009 7.1018e-010 2.4012e-008 1.2477e-008 1.2065e-007 1.9336e-007 1.7106e-006 8.8368e-008 3.2446e-006 3.9144e-009 1.4157e-004 1.2700e-003 4.4723e-003 9.1520e-003 1.2242e-002 1.0923e-002 6.1457e-003 1.8328e-003 1.5322e-004
          79 1.5919e-012 1.7525e-010 1.9017e-010 6.3590e-010 3.5240e-011 1.5058e-009 1.2577e-009 2.3554e-008 6.5565e-009 1.2731e-007 1.2428e-007 1.6566e-006 2.3213e-007 2.7235e-006 2.5595e-007 9.6762e-005 1.0095e-003 3.8103e-003 8.2167e-003 1.1589e-002 1.1066e-002 6.9512e-003 2.5974e-003 4.5245e-004
          80 4.1407e-012 2.0466e-010 2.0776e-010 6.5210e-010 1.2829e-011 1.0319e-009 1.8506e-009 2.2687e-008 2.6411e-009 1.2999e-007 7.2485e-008 1.5710e-006 4.1899e-007 2.1731e-006 9.0191e-007 6.4165e-005 7.9527e-004 3.2271e-003 7.3313e-003 1.0873e-002 1.1039e-002 7.6102e-003 3.3577e-003 8.5078e-004
          81 8.0405e-012 2.3383e-010 2.2423e-010 6.6028e-010 1.1579e-012 6.6123e-010 2.4345e-009 2.1477e-008 5.3446e-010 1.2877e-007 3.6238e-008 1.4591e-006 6.2841e-007 1.6373e-006 1.6474e-006 4.0937e-005 6.2007e-004 2.7147e-003 6.4971e-003 1.0110e-002 1.0856e-002 8.1080e-003 4.0698e-003 1.3025e-003
          82 1.3341e-011 2.6222e-010 2.3944e-010 6.6123e-010 2.3256e-012 3.8656e-010 2.9722e-009 2.0027e-008 1.3558e-011 1.2417e-007 1.3598e-008 1.3293e-006 8.4305e-007 1.1531e-006 2.3170e-006 2.4879e-005 4.7862e-004 2.2703e-003 5.7257e-003 9.3325e-003 1.0555e-002 8.4536e-003 4.7084e-003 1.7721e-003
          83 2.0001e-011 2.8887e-010 2.5289e-010 6.5472e-010 1.7381e-011 1.9630e-010 3.4340e-009 1.8394e-008 8.3440e-010 1.1662e-007 2.3401e-009 1.1874e-006 1.0473e-006 7.4338e-007 2.8159e-006 1.4148e-005 3.6513e-004 1.8859e-003 5.0148e-003 8.5505e-003 1.0151e-002 8.6473e-003 5.2507e-003 2.2297e-003
          84 2.7934e-011 3.1340e-010 2.6457e-010 6.4196e-010 4.6369e-011 7.7659e-011 3.8070e-009 1.6664e-008 2.7454e-009 1.0685e-007 1.9440e-010 1.0410e-006 1.2303e-006 4.2263e-007 3.1124e-006 7.3206e-006 2.7535e-004 1.5578e-003 4.3706e-003 7.7880e-003 9.6771e-003 8.7103e-003 5.6914e-003 2.6555e-003
          85 3.6966e-011 3.3504e-010 2.7415e-010 6.2320e-010 8.8411e-011 1.6686e-011 4.0818e-009 1.4883e-008 5.4965e-009 9.5412e-008 4.9201e-009 8.9477e-007 1.3833e-006 1.9477e-007 3.2082e-006 3.2554e-006 2.0484e-004 1.2784e-003 3.7883e-003 7.0504e-003 9.1479e-003 8.6527e-003 6.0239e-003 3.0332e-003
          86 4.6894e-011 3.5343e-010 2.8159e-010 5.9940e-010 1.4190e-010 2.5006e-014 4.2591e-009 1.3103e-008 8.8480e-009 8.2985e-008 1.4423e-008 7.5365e-007 1.5014e-006 5.7309e-008 3.1300e-006 1.0880e-006 1.5014e-004 1.0425e-003 3.2671e-003 6.3480e-003 8.5839e-003 8.4941e-003 6.2521e-003 3.3535e-003
          87 5.7448e-011 3.6806e-010 2.8674e-010 5.7117e-010 2.0459e-010 1.5324e-011 4.3419e-009 1.1359e-008 1.2570e-008 7.0141e-008 2.6809e-008 6.2106e-007 1.5817e-006 2.2082e-009 2.9137e-006 1.6648e-007 1.0815e-004 8.4422e-004 2.8025e-003 5.6841e-003 7.9969e-003 8.2488e-003 6.3796e-003 3.6101e-003
          88 6.8342e-011 3.7869e-010 2.8960e-010 5.3945e-010 2.7381e-010 5.1680e-011 4.3384e-009 9.6869e-009 1.6451e-008 5.7443e-008 4.0429e-008 4.9988e-007 1.6242e-006 1.7851e-008 2.6003e-006 1.2910e-008 7.6363e-005 6.7871e-004 2.3914e-003 5.0630e-003 7.4006e-003 7.9343e-003 6.4153e-003 3.8015e-003
          89 7.9236e-011 3.8505e-010 2.9014e-010 5.0493e-010 3.4654e-010 9.9803e-011 4.2572e-009 8.1104e-009 2.0292e-008 4.5366e-008 5.3886e-008 3.9191e-007 1.6302e-006 9.0337e-008 2.2286e-006 2.8488e-007 5.2650e-005 5.4135e-004 2.0294e-003 4.4855e-003 6.8035e-003 7.5639e-003 6.3667e-003 3.9277e-003
          90 8.9949e-011 3.8769e-010 2.8888e-010 4.6926e-010 4.2040e-010 1.5240e-010 4.1162e-009 6.6624e-009 2.3958e-008 3.4370e-008 6.6189e-008 2.9872e-007 1.6055e-006 2.0512e-007 1.8367e-006 7.4718e-007 3.5330e-005 4.2885e-004 1.7153e-003 3.9590e-003 6.2247e-003 7.1633e-003 6.2546e-003 3.9988e-003
          91 1.0018e-010 3.8656e-010 2.8587e-010 4.3294e-010 4.9264e-010 2.0384e-010 3.9250e-009 5.3515e-009 2.7310e-008 2.4712e-008 7.6562e-008 2.2023e-007 1.5538e-006 3.4812e-007 1.4513e-006 1.2470e-006 2.2907e-005 3.3708e-004 1.4434e-003 3.4799e-003 5.6673e-003 6.7409e-003 6.0872e-003 4.0185e-003
          92 1.0969e-010 3.8187e-010 2.8127e-010 3.9667e-010 5.6088e-010 2.5014e-010 3.6947e-009 4.1861e-009 3.0245e-008 1.6583e-008 8.4513e-008 1.5595e-007 1.4799e-006 5.0643e-007 1.0935e-006 1.6924e-006 1.4208e-005 2.6270e-004 1.2092e-003 3.0466e-003 5.1359e-003 6.3068e-003 5.8749e-003 3.9930e-003
          93 1.1818e-010 3.7364e-010 2.7513e-010 3.6084e-010 6.2266e-010 2.8849e-010 3.4336e-009 3.1696e-009 3.2662e-008 1.0088e-008 8.9732e-008 1.0495e-007 1.3880e-006 6.6835e-007 7.7777e-007 2.0331e-006 8.2969e-006 2.0273e-004 1.0078e-003 2.6552e-003 4.6314e-003 5.8658e-003 5.6243e-003 3.9262e-003
          94 1.2553e-010 3.6248e-010 2.6783e-010 3.2623e-010 6.7665e-010 3.1760e-010 3.1536e-009 2.3057e-009 3.4530e-008 5.2602e-009 9.2228e-008 6.6079e-008 1.2840e-006 8.2488e-007 5.1403e-007 2.2517e-006 4.4476e-006 1.5487e-004 8.3605e-004 2.3053e-003 4.1596e-003 5.4291e-003 5.3484e-003 3.8268e-003
          95 1.3159e-010 3.4872e-010 2.5957e-010 2.9322e-010 7.2157e-010 3.3697e-010 2.8627e-009 1.5917e-009 3.5818e-008 2.0532e-009 9.2120e-008 3.7847e-008 1.1724e-006 9.6877e-007 3.0629e-007 2.3492e-006 2.0836e-006 1.1696e-004 6.9023e-004 1.9939e-003 3.7213e-003 5.0016e-003 5.0547e-003 3.7004e-003
          96 1.3615e-010 3.3252e-010 2.5034e-010 2.6192e-010 7.5603e-010 3.4653e-010 2.5660e-009 1.0217e-009 3.6494e-008 3.6171e-010 8.9590e-008 1.8665e-008 1.0563e-006 1.0940e-006 1.5471e-007 2.3367e-006 7.6256e-007 8.7115e-005 5.6650e-004 1.7166e-003 3.3143e-003 4.5839e-003 4.7467e-003 3.5500e-003
          97 1.3927e-010 3.1461e-010 2.4060e-010 2.3284e-010 7.8025e-010 3.4734e-010 2.2723e-009 5.8960e-010 3.6607e-008 3.7413e-011 8.5069e-008 6.9835e-009 9.4033e-007 1.1980e-006 5.6981e-008 2.2356e-006 1.5179e-007 6.3933e-005 4.6251e-004 1.4725e-003 2.9418e-003 4.1842e-003 4.4353e-003 3.3841e-003
          98 1.4088e-010 2.9532e-010 2.3046e-010 2.0603e-010 7.9404e-010 3.4037e-010 1.9861e-009 2.8490e-010 3.6182e-008 8.9587e-010 7.8932e-008 1.2556e-009 8.2716e-007 1.2789e-006 8.2484e-009 2.0669e-006 2.7532e-010 4.6101e-005 3.7539e-004 1.2581e-003 2.6020e-003 3.8038e-003 4.1243e-003 3.2067e-003
          99 1.4105e-010 2.7516e-010 2.2015e-010 1.8163e-010 7.9791e-010 3.2698e-010 1.7120e-009 9.5906e-011 3.5275e-008 2.7342e-009 7.1622e-008 6.0424e-011 7.1923e-007 1.3364e-006 2.4290e-009 1.8522e-006 1.2494e-007 3.2566e-005 3.0283e-004 1.0710e-003 2.2942e-003 3.4454e-003 3.8190e-003 3.0229e-003
         100 1.3980e-010 2.5444e-010 2.0977e-010 1.5959e-010 7.9229e-010 3.0844e-010 1.4531e-009 9.3366e-012 3.3939e-008 5.3399e-009 6.3541e-008 2.1269e-009 6.1805e-007 1.3712e-006 3.2701e-008 1.6108e-006 3.9490e-007 2.2437e-005 2.4266e-004 9.0824e-004 2.0162e-003 3.1095e-003 3.5220e-003 2.8357e-003
         101 1.3725e-010 2.3358e-010 1.9949e-010 1.3989e-010 7.7818e-010 2.8614e-010 1.2122e-009 1.0933e-011 3.2248e-008 8.5053e-009 5.5093e-008 6.3593e-009 5.2491e-007 1.3849e-006 9.2035e-008 1.3595e-006 7.1977e-007 1.4991e-005 1.9307e-004 7.6738e-004 1.7667e-003 2.7973e-003 3.2366e-003 2.6487e-003
         102 1.3349e-010 2.1289e-010 1.8942e-010 1.2243e-010 7.5651e-010 2.6128e-010 9.9125e-010 8.5901e-011 3.0270e-008 1.2031e-008 4.6627e-008 1.1844e-008 4.4042e-007 1.3796e-006 1.7354e-007 1.1117e-006 1.0397e-006 9.6322e-006 1.5243e-004 6.4595e-004 1.5435e-003 2.5087e-003 2.9643e-003 2.4643e-003
         103 1.2869e-010 1.9267e-010 1.7968e-010 1.0709e-010 7.2850e-010 2.3502e-010 7.9179e-010 2.1938e-010 2.8081e-008 1.5740e-008 3.8445e-008 1.7850e-008 3.6495e-007 1.3578e-006 2.7081e-007 8.7811e-007 1.3179e-006 5.8772e-006 1.1935e-004 5.4177e-004 1.3449e-003 2.2438e-003 2.7070e-003 2.2849e-003
         104 1.2291e-010 1.7307e-010 1.7023e-010 9.3655e-011 6.9488e-010 2.0819e-010 6.1432e-010 3.9662e-010 2.5735e-008 1.9463e-008 3.0770e-008 2.3806e-008 2.9824e-007 1.3213e-006 3.7784e-007 6.6586e-007 1.5336e-006 3.3342e-006 9.2545e-005 4.5246e-004 1.1680e-003 2.0007e-003 2.4639e-003 2.1106e-003
         105 1.1633e-010 1.5431e-010 1.6117e-010 8.1995e-011 6.5686e-010 1.8162e-010 4.5964e-010 6.0339e-010 2.3302e-008 2.3061e-008 2.3796e-008 2.9290e-008 2.4013e-007 1.2728e-006 4.8932e-007 4.8041e-007 1.6783e-006 1.6962e-006 7.1002e-005 3.7626e-004 1.0112e-003 1.7789e-003 2.2358e-003 1.9429e-003
         106 1.0912e-010 1.3656e-010 1.5254e-010 7.1952e-011 6.1565e-010 1.5600e-010 3.2807e-010 8.2648e-010 2.0847e-008 2.6424e-008 1.7660e-008 3.4024e-008 1.9022e-007 1.2150e-006 6.0080e-007 3.2492e-007 1.7522e-006 7.1767e-007 5.3839e-005 3.1154e-004 8.7285e-004 1.5775e-003 2.0232e-003 1.7829e-003
         107 1.0142e-010 1.1994e-010 1.4437e-010 6.3354e-011 5.7224e-010 1.3181e-010 2.1949e-010 1.0537e-009 1.8422e-008 2.9461e-008 1.2441e-008 3.7831e-008 1.4793e-007 1.1499e-006 7.0843e-007 2.0070e-007 1.7607e-006 2.0642e-007 4.0285e-005 2.5677e-004 7.5107e-004 1.3953e-003 1.8257e-003 1.6311e-003
         108 9.3412e-011 1.0455e-010 1.3668e-010 5.6046e-011 5.2766e-010 1.0943e-010 1.3357e-010 1.2745e-009 1.6076e-008 3.2112e-008 8.1749e-009 4.0634e-008 1.1263e-007 1.0798e-006 8.0921e-007 1.0769e-007 1.7127e-006 1.4014e-008 2.9691e-005 2.1062e-004 6.4431e-004 1.2311e-003 1.6433e-003 1.4881e-003
         109 8.5218e-011 9.0400e-011 1.2946e-010 4.9870e-011 4.8270e-010 8.9109e-011 6.9693e-011 1.4793e-009 1.3844e-008 3.4329e-008 4.8578e-009 4.2414e-008 8.3628e-008 1.0063e-006 9.0060e-007 4.4692e-008 1.6185e-006 2.7541e-008 2.1502e-005 1.7186e-004 5.5096e-004 1.0835e-003 1.4753e-003 1.3539e-003
         110 7.7008e-011 7.7555e-011 1.2274e-010 4.4702e-011 4.3828e-010 7.1004e-011 2.7014e-011 1.6612e-009 1.1762e-008 3.6104e-008 2.4549e-009 4.3231e-008 6.0247e-008 9.3147e-007 9.8123e-007 9.7007e-009 1.4900e-006 1.6299e-007 1.5257e-005 1.3950e-004 4.6978e-004 9.5152e-004 1.3215e-003 1.2291e-003
         111 6.8879e-011 6.5970e-011 1.1648e-010 4.0395e-011 3.9489e-010 5.5149e-011 4.4615e-012 1.8139e-009 9.8467e-009 3.7420e-008 9.0463e-010 4.3152e-008 4.1770e-008 8.5631e-007 1.0496e-006 1.0004e-010 1.3373e-006 3.5938e-007 1.0560e-005 1.1255e-004 3.9925e-004 8.3352e-004 1.1810e-003 1.1131e-003
         112 6.0958e-011 5.5629e-011 1.1067e-010 3.6843e-011 3.5312e-010 4.1548e-011 8.0846e-013 1.9335e-009 8.1145e-009 3.8295e-008 1.2985e-010 4.2287e-008 2.7546e-008 7.8211e-007 1.1052e-006 1.2900e-008 1.1708e-006 5.7403e-007 7.0890e-006 9.0234e-005 3.3825e-004 7.2846e-004 1.0531e-003 1.0060e-003
         113 5.3338e-011 4.6479e-011 1.0530e-010 3.3943e-011 3.1340e-010 3.0133e-011 1.4668e-011 2.0176e-009 6.5727e-009 3.8750e-008 4.1266e-011 4.0757e-008 1.6951e-008 7.0981e-007 1.1478e-006 4.4893e-008 9.9935e-007 7.7844e-007 4.5767e-006 7.1841e-005 2.8565e-004 6.3516e-004 9.3708e-004 9.0738e-004
         114 4.6102e-011 3.8456e-011 1.0034e-010 3.1606e-011 2.7601e-010 2.0800e-011 4.4523e-011 2.0650e-009 5.2227e-009 3.8815e-008 5.4384e-010 3.8683e-008 9.4099e-009 6.4012e-007 1.1775e-006 9.2777e-008 8.3035e-007 9.5484e-007 2.8055e-006 5.6760e-005 2.4044e-004 5.5251e-004 8.3216e-004 8.1688e-004
         115 3.9308e-011 3.1480e-011 9.5737e-011 2.9747e-011 2.4115e-010 1.3411e-011 8.8731e-011 2.0756e-009 4.0596e-009 3.8517e-008 1.5406e-009 3.6179e-008 4.3993e-009 5.7350e-007 1.1946e-006 1.5324e-007 6.6970e-007 1.0933e-006 1.5987e-006 4.4456e-005 2.0166e-004 4.7938e-004 7.3737e-004 7.3390e-004
         116 3.3009e-011 2.5473e-011 9.1470e-011 2.8300e-011 2.0894e-010 7.8171e-012 1.4555e-010 2.0509e-009 3.0760e-009 3.7897e-008 2.9360e-009 3.3361e-008 1.4513e-009 5.1038e-007 1.1996e-006 2.2307e-007 5.2208e-007 1.1900e-006 8.1546e-007 3.4481e-005 1.6849e-004 4.1484e-004 6.5196e-004 6.5799e-004
         117 2.7258e-011 2.0359e-011 8.7534e-011 2.7217e-011 1.7953e-010 3.8593e-012 2.1321e-010 1.9942e-009 2.2619e-009 3.7007e-008 4.6396e-009 3.0347e-008 1.5001e-010 4.5123e-007 1.1938e-006 2.9928e-007 3.9099e-007 1.2455e-006 3.4427e-007 2.6460e-005 1.4027e-004 3.5815e-004 5.7536e-004 5.8890e-004
         118 2.2070e-011 1.6046e-011 8.3872e-011 2.6438e-011 1.5286e-010 1.3660e-012 2.8979e-010 1.9080e-009 1.6027e-009 3.5877e-008 6.5655e-009 2.7221e-008 1.2774e-010 3.9611e-007 1.1777e-006 3.7896e-007 2.7841e-007 1.2623e-006 9.6924e-008 2.0054e-005 1.1628e-004 3.0837e-004 5.0666e-004 5.2596e-004
         119 1.7459e-011 1.2449e-011 8.0438e-011 2.5915e-011 1.2887e-010 1.6797e-013 3.7326e-010 1.7961e-009 1.0832e-009 3.4542e-008 8.6334e-009 2.4064e-008 1.0643e-009 3.4507e-007 1.1522e-006 4.5938e-007 1.8544e-007 1.2448e-006 5.3409e-009 1.4981e-005 9.5951e-005 2.6472e-004 4.4509e-004 4.6866e-004
         120 1.3434e-011 9.4887e-012 7.7217e-011 2.5613e-011 1.0752e-010 9.6700e-014 4.6166e-010 1.6635e-009 6.8763e-010 3.3048e-008 1.0773e-008 2.0956e-008 2.6819e-009 2.9825e-007 1.1185e-006 5.3820e-007 1.1236e-007 1.1988e-006 1.7254e-008 1.1007e-005 7.8795e-005 2.2661e-004 3.9012e-004 4.1670e-004
         121 9.9825e-012 7.0809e-012 7.4097e-011 2.5467e-011 8.8611e-011 9.8343e-013 5.5223e-010 1.5134e-009 3.9919e-010 3.1395e-008 1.2903e-008 1.7940e-008 4.7354e-009 2.5537e-007 1.0767e-006 6.1256e-007 5.8619e-008 1.1288e-006 9.2930e-008 7.9241e-006 6.4309e-005 1.9323e-004 3.4078e-004 3.6929e-004
         122 7.0835e-012 5.1453e-012 7.0866e-011 2.5372e-011 7.1888e-011 2.6466e-012 6.4066e-010 1.3480e-009 2.0158e-010 2.9546e-008 1.4915e-008 1.5040e-008 6.9903e-009 2.1595e-007 1.0253e-006 6.7835e-007 2.3160e-008 1.0384e-006 2.0177e-007 5.5574e-006 5.2022e-005 1.6370e-004 2.9592e-004 3.2537e-004
         123 4.7148e-012 3.6079e-012 6.7057e-011 2.5109e-011 5.7013e-011 4.8423e-012 7.1803e-010 1.1670e-009 7.9488e-011 2.7366e-008 1.6605e-008 1.2253e-008 9.1683e-009 1.7918e-007 9.5941e-007 7.2773e-007 4.4641e-009 9.2807e-007 3.1786e-007 3.7613e-006 4.1451e-005 1.3693e-004 2.5381e-004 2.8318e-004
         124 2.8613e-012 2.4036e-012 6.1688e-011 2.4204e-011 4.3560e-011 7.1325e-012 7.6478e-010 9.6635e-010 1.8024e-011 2.4540e-008 1.7537e-008 9.5486e-009 1.0833e-008 1.4370e-007 8.6777e-007 7.4413e-007 1.1555e-010 7.9426e-007 4.1331e-007 2.4183e-006 3.2078e-005 1.1143e-004 2.1177e-004 2.3969e-004
