   v'->v''           0           1           2           3           4           5           6
           0 9.9927e-001 7.3238e-004 2.9703e-007 1.4868e-009 4.7136e-008 1.9540e-008 1.7108e-008
           1 7.3192e-004 9.9750e-001 1.7700e-003 1.2203e-006 7.8407e-011 6.4995e-008 7.4052e-009
           2 3.3124e-007 1.7687e-003 9.9487e-001 3.3570e-003 2.8154e-006 3.4337e-008 2.0192e-010
           3 1.1773e-008 1.7287e-006 3.3509e-003 9.9072e-001 5.9182e-003 1.0145e-005 1.8059e-007
           4 5.5606e-009 3.1034e-009 7.6280e-006 5.9026e-003 9.8419e-001 9.8675e-003 2.7789e-005
           5 1.7116e-009 9.0561e-009 5.2670e-008 1.9523e-005 9.8313e-003 9.7416e-001 1.5917e-002
           6 1.4225e-009 2.6194e-008 7.9111e-009 3.0172e-007 5.2717e-005 1.5816e-002 9.5817e-001
           7 5.5404e-010 4.5376e-008 1.5127e-009 2.1334e-008 5.8197e-007 1.4387e-004 2.5504e-002
           8 4.6967e-010 2.7863e-010 3.2970e-008 5.5167e-010 8.7460e-009 1.4851e-006 3.7995e-004
           9 2.1887e-009 3.2092e-009 4.4135e-010 6.7747e-009 2.5216e-008 5.9061e-010 4.2433e-006
          10 8.0618e-010 1.3201e-008 2.0248e-009 8.8848e-009 2.3225e-008 5.7845e-008 1.9236e-008
          11 2.8444e-010 2.0694e-009 6.8023e-009 2.1073e-010 2.1793e-008 2.7776e-008 9.5150e-008
          12 2.9664e-010 8.7183e-010 5.9690e-010 2.0236e-009 1.8606e-008 8.2101e-009 6.1935e-009
          13 3.3627e-010 3.8457e-009 2.0140e-009 3.3755e-010 1.5301e-010 2.7245e-008 4.1031e-009
          14 1.6469e-010 2.4633e-009 5.0559e-009 1.1727e-009 3.8534e-009 6.7335e-010 1.1031e-008
          15 4.9571e-013 3.8714e-010 2.8804e-009 2.7954e-009 2.6332e-014 2.3817e-009 3.3216e-011
          16 1.7942e-010 9.1870e-013 5.8702e-010 1.2954e-009 3.7682e-009 2.2088e-012 1.0624e-009
          17 6.0402e-010 8.9179e-012 5.9413e-011 1.6224e-010 3.9797e-009 3.4104e-009 8.1882e-010
          18 9.2061e-010 6.4814e-011 7.3180e-011 1.0358e-011 6.0383e-010 3.7542e-009 4.7401e-009
          19 9.5449e-010 4.8269e-010 3.3709e-010 6.4892e-011 1.6503e-010 5.0014e-010 2.6800e-009
          20 7.8398e-010 1.0041e-009 7.6918e-010 3.3520e-010 8.1616e-010 3.1572e-010 1.0150e-010
          21 5.4959e-010 1.2172e-009 1.0167e-009 6.8359e-010 6.1526e-010 1.4240e-009 4.6694e-010
          22 3.5129e-010 1.0879e-009 9.5463e-010 8.3459e-010 1.6241e-010 1.5005e-009 1.1198e-009
          23 2.0923e-010 7.8866e-010 7.0641e-010 7.3740e-010 1.2876e-012 9.0642e-010 9.8881e-010
          24 1.2256e-010 5.1235e-010 4.5997e-010 5.4494e-010 3.8955e-011 4.1103e-010 6.0274e-010
          25 7.3478e-011 3.2192e-010 2.8697e-010 3.7319e-010 9.4505e-011 1.6251e-010 3.2069e-010
          26 4.6780e-011 2.0835e-010 1.8371e-010 2.5659e-010 1.2070e-010 6.0916e-011 1.6921e-010
          27 3.0790e-011 1.3724e-010 1.1956e-010 1.7670e-010 1.2164e-010 2.1152e-011 8.9924e-011
          28 1.9722e-011 8.7336e-011 7.5241e-011 1.1615e-010 1.0254e-010 6.4463e-012 4.6750e-011
          29 1.1120e-011 4.8860e-011 4.1729e-011 6.6394e-011 6.8409e-011 1.6731e-012 2.2246e-011
