   v'->v''           0           1           2           3           4           5           6           7           8           9          10          11          12          13          14          15
           0 9.4263e-001 5.4532e-002 2.6961e-003 1.4060e-004 7.3878e-006 5.4701e-007 1.9221e-008 3.2447e-010 2.7272e-012 3.7915e-010 1.3679e-010 1.0466e-010 7.5144e-011 5.2919e-011 3.6637e-011 2.6218e-011
           1 5.6271e-002 8.2243e-001 1.1120e-001 9.3026e-003 7.2987e-004 5.6878e-005 5.6943e-006 5.0100e-007 2.0678e-008 8.3676e-010 1.6597e-010 1.4301e-010 1.2172e-010 1.0083e-010 7.9688e-011 6.3247e-011
           2 1.0953e-003 1.1892e-001 6.8934e-001 1.6671e-001 2.1251e-002 2.3707e-003 2.6341e-004 3.4358e-005 4.8778e-006 7.0840e-007 7.1911e-008 4.4020e-008 2.6431e-008 1.6558e-008 1.0662e-008 7.2910e-009
           3 7.2357e-006 4.0660e-003 1.8656e-001 5.4603e-001 2.1613e-001 3.9885e-002 6.1553e-003 9.5141e-004 1.6531e-004 3.2414e-005 3.9796e-006 2.5477e-006 1.5919e-006 1.0264e-006 6.7393e-007 4.6703e-007
           4 2.0877e-008 4.3550e-005 1.0039e-002 2.5655e-001 3.9694e-001 2.5263e-001 6.5911e-002 1.3890e-002 2.9122e-003 6.6181e-004 8.8791e-005 5.8167e-005 3.7152e-005 2.4372e-005 1.6209e-005 1.1338e-005
           5 1.5955e-008 1.9416e-007 1.6274e-004 2.0757e-002 3.2461e-001 2.4981e-001 2.6577e-001 9.7797e-002 2.7813e-002 7.4891e-003 1.0865e-003 7.2554e-004 4.7197e-004 3.1412e-004 2.1115e-004 1.4888e-004
           6 2.3861e-008 1.1228e-008 1.0886e-006 4.9835e-004 3.8970e-002 3.8328e-001 1.1881e-001 2.4097e-001 1.2567e-001 4.5786e-002 7.4953e-003 5.1418e-003 3.4278e-003 2.3243e-003 1.5835e-003 1.1274e-003
           7 1.9510e-008 1.6426e-008 2.0905e-009 4.4634e-006 1.3484e-003 6.8665e-002 4.2030e-001 2.6682e-002 1.6576e-001 1.1702e-001 2.4354e-002 1.7603e-002 1.2303e-002 8.6438e-003 6.0403e-003 4.3798e-003
           8 1.4882e-009 2.8587e-008 1.0207e-008 9.7024e-009 1.2860e-005 3.2858e-003 1.1510e-001 4.1483e-001 1.7398e-003 5.3904e-002 2.2547e-002 1.8500e-002 1.4421e-002 1.0969e-002 8.1007e-003 6.1084e-003
           9 6.5617e-009 8.4084e-009 2.8127e-008 3.7723e-008 1.8178e-007 2.7670e-005 7.5822e-003 1.8560e-001 3.3030e-001 6.0292e-002 8.6732e-004 4.9413e-005 7.1869e-005 2.7469e-004 3.8806e-004 4.1793e-004
          10 6.8047e-010 5.3076e-009 9.3900e-009 3.5247e-008 5.6737e-008 7.0764e-007 8.1208e-005 1.8763e-002 2.8595e-001 1.2596e-001 4.8156e-002 3.5161e-002 2.3880e-002 1.5999e-002 1.0644e-002 7.3848e-003
          11 3.6922e-009 2.9686e-009 2.2072e-009 7.2872e-009 4.4852e-009 1.0078e-008 1.3964e-009 4.6830e-004 5.3455e-002 3.3483e-001 8.8673e-003 1.2078e-003 4.9405e-005 8.4947e-004 1.4653e-003 1.6867e-003
          12 1.8691e-010 3.0063e-009 3.2276e-009 1.0144e-009 1.4601e-008 1.5373e-009 7.9336e-007 2.3010e-005 4.9269e-003 1.6380e-001 2.5167e-002 3.3885e-002 3.3189e-002 2.7189e-002 2.0252e-002 1.5029e-002
          13 1.2509e-009 3.2370e-010 5.0197e-010 4.7455e-009 1.9934e-009 1.2964e-007 1.1256e-008 1.2926e-005 1.0010e-003 5.4990e-002 8.0242e-002 6.2096e-002 3.7856e-002 2.0777e-002 1.1016e-002 6.1052e-003
          14 1.6506e-009 2.7301e-009 1.9313e-009 5.7755e-011 1.4091e-008 1.4332e-010 7.9429e-008 5.7384e-007 2.6639e-004 2.2472e-002 1.0580e-001 5.1824e-002 1.6833e-002 3.8344e-003 4.6706e-004 2.1889e-007
          15 1.4908e-010 6.7048e-010 1.9091e-009 4.2092e-009 2.3913e-010 2.9826e-008 5.8666e-010 3.1571e-008 2.0890e-005 8.7164e-003 1.2107e-001 3.1865e-002 2.0749e-003 6.9183e-004 3.2590e-003 4.5878e-003
          16 3.4118e-010 2.9599e-010 2.9974e-012 2.1386e-009 9.4014e-009 1.7178e-009 8.1308e-009 6.8268e-009 1.8615e-006 2.7272e-003 1.2518e-001 1.0244e-002 2.9292e-003 1.2785e-002 1.5085e-002 1.3432e-002
          17 9.8257e-010 1.4363e-009 1.1890e-009 1.6129e-010 2.5481e-009 1.8541e-009 2.3639e-008 1.1431e-010 6.4920e-007 8.8005e-004 1.1837e-001 4.0913e-006 2.4208e-002 3.1902e-002 2.4263e-002 1.6231e-002
          18 6.5142e-010 9.1549e-010 1.1006e-009 1.7984e-009 4.4141e-010 2.1296e-010 1.4516e-010 1.8993e-009 1.1483e-007 2.6488e-004 1.0599e-001 1.4701e-002 5.4736e-002 3.8194e-002 1.7907e-002 7.5097e-003
          19 1.1137e-010 8.3605e-011 1.4284e-010 9.8618e-010 1.9574e-009 2.1684e-010 2.0006e-008 1.6674e-009 1.1522e-007 5.6369e-005 8.7589e-002 6.2726e-002 6.8763e-002 1.9961e-002 2.3187e-003 1.5663e-005
          20 1.5038e-011 9.6828e-011 7.6480e-011 2.1799e-011 6.8864e-010 2.9636e-012 1.6768e-008 1.4293e-008 6.9930e-009 1.0103e-005 6.3470e-002 1.3951e-001 4.0774e-002 1.0728e-005 7.5145e-003 1.2970e-002
          21 1.6323e-010 3.8715e-010 3.6462e-010 2.3608e-010 9.1651e-014 6.4394e-010 3.1048e-009 1.0423e-008 4.8312e-009 5.6078e-007 3.7144e-002 2.1030e-001 1.3439e-004 3.5486e-002 3.9686e-002 2.6006e-002
          22 2.4367e-010 4.3782e-010 3.9092e-010 4.9688e-010 2.1643e-010 1.5347e-009 4.2330e-012 1.8894e-009 2.8527e-010 1.4249e-007 1.4197e-002 2.0750e-001 9.7322e-002 8.2142e-002 1.7319e-002 8.2270e-004
          23 1.9459e-010 2.9080e-010 2.3594e-010 3.9146e-010 3.0103e-010 1.3126e-009 6.1460e-010 2.8185e-012 1.0336e-009 1.6125e-008 1.8753e-003 9.3091e-002 3.7837e-001 1.4392e-003 4.0802e-002 3.9756e-002
          24 9.0943e-011 1.2122e-010 9.0679e-011 1.7055e-010 1.6022e-010 5.8864e-010 5.1933e-010 1.1505e-010 1.1012e-009 1.5139e-008 6.1675e-006 2.5227e-003 1.8051e-001 5.6208e-001 1.1158e-003 5.2678e-003
