   v'->v''           0           1           2           3           4           5           6           7           8           9          10          11          12          13          14          15          16          17          18          19          20          21          22          23          24          25          26          27          28          29          30          31          32          33          34
           0 9.9611e-001 3.8857e-003 3.8013e-006 7.9802e-013 1.4618e-008 1.4303e-008 2.8754e-008 1.4619e-008 7.3279e-009 1.2706e-009 4.8458e-010 4.1466e-009 1.2588e-011 5.5250e-009 4.8557e-009 4.1285e-010 2.1277e-010 2.2824e-010 3.1829e-012 1.7306e-010 9.5746e-011 1.6072e-011 3.7057e-010 8.6158e-010 1.0406e-009 8.6239e-010 5.4919e-010 2.8887e-010 1.5014e-010 8.3975e-011 4.7335e-011 2.6446e-011 1.4533e-011 7.6717e-012 3.5249e-012
           1 3.8751e-003 9.8703e-001 9.0789e-003 1.5456e-005 1.0450e-008 2.4992e-009 3.3496e-008 3.9643e-009 4.3968e-008 6.3292e-010 4.0233e-009 9.9378e-010 2.6429e-010 5.5185e-009 7.8371e-009 9.3446e-010 2.0702e-010 1.5528e-010 9.5401e-011 3.5170e-010 3.5928e-011 2.8494e-010 1.2600e-009 1.8405e-009 1.5888e-009 9.6129e-010 4.4245e-010 1.6578e-010 6.0584e-011 2.2639e-011 7.6906e-012 2.1782e-012 4.5031e-013 4.8868e-014 3.9537e-016
           2 1.5703e-005 9.0175e-003 9.7503e-001 1.5887e-002 4.6508e-005 6.9655e-010 2.6312e-008 3.0707e-008 2.5209e-010 2.6422e-008 3.6153e-009 4.2858e-009 1.0199e-010 1.8306e-009 7.1484e-009 1.5592e-009 1.8315e-010 2.9665e-010 3.9007e-011 2.7494e-010 1.0948e-011 3.6617e-010 1.2020e-009 1.4160e-009 9.7048e-010 4.5036e-010 1.5248e-010 4.0370e-011 9.9199e-012 2.1509e-012 2.6173e-013 1.2609e-016 6.8859e-014 1.1549e-013 8.9853e-014
           3 1.1848e-007 6.5428e-005 1.5713e-002 9.5969e-001 2.4412e-002 1.1723e-004 5.5768e-008 7.2376e-008 1.9001e-008 2.0714e-008 2.3217e-008 1.3155e-008 6.3800e-009 1.5780e-009 1.1225e-009 7.5455e-009 5.2813e-010 1.8132e-009 1.2976e-009 2.4751e-011 6.1006e-010 1.2099e-010 2.4983e-010 1.2039e-009 1.4931e-009 1.0054e-009 4.4600e-010 1.4469e-010 4.1452e-011 1.0207e-011 1.3943e-012 3.5293e-016 4.1611e-013 7.4315e-013 6.0014e-013
           4 2.2345e-009 6.0639e-007 1.6901e-004 2.4043e-002 9.3998e-001 3.5544e-002 2.6522e-004 1.1669e-006 1.6770e-007 5.0443e-011 1.0743e-008 2.3252e-009 9.2316e-009 1.5334e-011 4.4026e-010 2.3917e-009 1.1673e-009 3.5346e-010 5.9622e-010 4.6238e-012 1.9926e-010 1.9869e-012 3.1230e-010 7.4104e-010 6.2552e-010 2.8484e-010 7.7779e-011 1.2729e-011 1.0289e-012 3.1021e-014 5.1608e-013 8.1420e-013 7.8911e-013 5.8692e-013 3.2801e-013
           5 3.0150e-008 2.3472e-010 1.5020e-006 3.5939e-004 3.4832e-002 9.1363e-001 5.0587e-002 5.8884e-004 6.9768e-006 5.0060e-007 2.4836e-009 1.8413e-009 5.6273e-010 5.8340e-009 1.8020e-009 4.0458e-010 1.2219e-009 2.9909e-011 5.0554e-010 3.9089e-011 1.7914e-010 7.1760e-011 9.4813e-011 4.8949e-010 5.1632e-010 2.6473e-010 8.2156e-011 1.7738e-011 3.3456e-012 5.3342e-013 4.8151e-014 1.4025e-016 2.3335e-015 2.3595e-015 1.0598e-015
           6 9.3427e-009 5.5137e-010 9.5952e-009 4.7982e-006 7.1611e-004 4.9302e-002 8.7762e-001 7.0985e-002 1.3326e-003 2.9965e-005 2.1503e-006 3.3414e-008 3.2538e-010 1.0657e-008 2.0087e-008 4.7025e-009 3.0065e-009 2.3413e-009 6.5825e-011 2.1294e-009 5.1901e-010 4.1984e-010 7.2326e-010 8.3689e-012 4.6653e-010 9.6322e-010 7.5939e-010 3.7491e-010 1.6186e-010 6.9793e-011 2.8238e-011 1.0504e-011 3.5725e-012 1.1169e-012 3.1906e-013
           7 2.7718e-010 3.1184e-008 4.4871e-009 2.8717e-009 1.5909e-005 1.3668e-003 6.8874e-002 8.2740e-001 9.9074e-002 3.1304e-003 1.2706e-004 1.1721e-005 6.0396e-007 5.7019e-008 6.3591e-009 1.2033e-008 5.1568e-009 4.8604e-012 3.0667e-010 1.8165e-009 1.4789e-009 2.7349e-011 3.5241e-010 3.0901e-013 3.5256e-010 5.7441e-010 3.4939e-010 1.2613e-010 3.7518e-011 9.7776e-012 1.7179e-012 7.3695e-014 6.4546e-014 2.0061e-013 1.7993e-013
           8 1.1160e-009 3.4929e-009 3.7408e-008 9.4898e-011 9.6511e-008 4.3711e-005 2.5339e-003 9.5952e-002 7.5351e-001 1.3944e-001 7.8696e-003 5.8048e-004 7.0926e-005 5.7952e-006 3.2377e-007 3.3155e-008 3.3087e-008 1.6966e-008 5.7570e-010 1.8495e-009 5.4976e-009 4.6318e-009 2.7162e-011 8.3904e-010 9.4195e-012 6.3464e-010 1.1356e-009 7.7723e-010 3.9252e-010 1.8430e-010 7.7884e-011 2.9270e-011 9.7252e-012 2.8645e-012 7.5073e-013
           9 3.6367e-009 1.3383e-009 1.6761e-009 2.7838e-008 1.6275e-008 1.1285e-006 1.1053e-004 4.7667e-003 1.3538e-001 6.3537e-001 1.9924e-001 2.1707e-002 2.8856e-003 4.7335e-004 5.2175e-005 2.7660e-006 2.6610e-008 1.8061e-008 8.5695e-009 3.8795e-009 1.1256e-009 5.6530e-009 6.8219e-011 1.8512e-010 3.0976e-010 1.7370e-009 1.5536e-009 6.4205e-010 1.8909e-010 4.0991e-011 3.2000e-012 7.3252e-013 4.4717e-012 5.8825e-012 4.2523e-012
          10 9.2123e-009 5.3171e-009 5.1459e-011 1.1976e-010 1.9498e-008 3.1020e-008 4.7164e-006 2.8505e-004 9.7316e-003 1.9465e-001 4.3681e-001 2.7708e-001 6.2954e-002 1.4709e-002 3.2801e-003 4.6012e-004 2.5478e-005 2.0114e-008 3.4281e-008 6.7563e-013 1.0554e-008 1.6925e-008 8.2016e-009 1.1757e-009 1.0349e-009 5.2127e-010 2.2946e-009 1.7619e-009 8.7611e-010 3.9554e-010 1.6286e-010 6.2165e-011 2.2497e-011 7.8834e-012 2.6036e-012
          11 2.5947e-009 2.2974e-009 1.1544e-009 5.3846e-009 1.5403e-010 6.0518e-009 3.5025e-007 2.0998e-005 8.3733e-004 2.3597e-002 2.7311e-001 1.6331e-001 3.0703e-001 1.5172e-001 5.9489e-002 1.7744e-002 2.9778e-003 1.7233e-004 6.6038e-009 1.8514e-008 2.1972e-008 8.5798e-008 1.7906e-008 2.0040e-008 1.5182e-009 9.1296e-010 1.4683e-009 6.6748e-010 9.3639e-011 4.7816e-012 9.2923e-011 1.7612e-010 1.9645e-010 1.6167e-010 9.6299e-011
          12 8.0529e-013 2.6915e-012 4.3604e-010 2.8276e-010 9.8153e-009 1.8533e-009 1.4075e-009 2.5460e-006 1.1209e-004 3.1524e-003 6.7764e-002 3.2436e-001 2.8187e-003 1.9040e-001 2.1573e-001 1.3449e-001 5.1125e-002 9.5315e-003 5.3196e-004 4.0256e-009 1.0307e-008 2.9474e-008 8.1073e-008 2.7268e-009 1.6705e-009 1.2187e-010 8.1107e-009 1.2965e-008 1.0353e-008 6.9595e-009 4.2130e-009 2.3866e-009 1.2943e-009 6.6865e-010 3.0163e-010
          13 8.8639e-010 1.0921e-009 3.7774e-010 7.7491e-010 5.1083e-009 7.4052e-010 1.6131e-008 2.3230e-007 1.7418e-005 5.1313e-004 1.2461e-002 1.6004e-001 2.3239e-001 5.7628e-002 4.4959e-002 1.8509e-001 1.9220e-001 9.4209e-002 1.9504e-002 9.7539e-004 1.1058e-006 1.1774e-009 5.4666e-008 2.9531e-007 8.4002e-010 6.3753e-010 2.1823e-009 1.0967e-009 8.0546e-012 8.1282e-010 1.7580e-009 2.0903e-009 1.8667e-009 1.3545e-009 7.5284e-010
          14 1.2644e-009 1.8567e-009 2.8635e-009 1.8809e-010 1.4521e-010 8.0249e-010 3.2301e-009 3.6719e-010 2.2100e-006 9.6439e-005 2.0729e-003 4.2444e-002 2.4466e-001 6.3588e-002 1.3677e-001 1.2383e-004 1.1059e-001 2.2125e-001 1.4425e-001 3.2679e-002 1.4203e-003 4.5958e-006 4.8920e-007 3.1939e-008 3.0874e-007 9.7538e-008 4.9194e-008 3.6913e-008 1.9081e-008 7.1274e-009 1.5876e-009 7.5355e-011 8.9013e-011 2.8735e-010 2.6841e-010
          15 6.1536e-010 1.1819e-009 3.7271e-009 1.0099e-009 2.2149e-009 5.1167e-011 2.1421e-010 1.0862e-008 1.5552e-007 1.7904e-005 4.0962e-004 8.3101e-003 1.0783e-001 2.2296e-001 1.5247e-004 1.1970e-001 3.2383e-002 4.1112e-002 2.1993e-001 1.9595e-001 4.9417e-002 1.9031e-003 1.4264e-005 1.0956e-006 2.9581e-007 6.8240e-008 3.3227e-008 2.7474e-008 4.0372e-008 4.7474e-008 4.3550e-008 3.3529e-008 2.2806e-008 1.3846e-008 6.9145e-009
          16 1.1701e-010 4.5304e-010 2.2035e-009 3.9824e-009 3.7788e-010 5.1762e-010 6.8439e-012 1.2135e-009 3.3628e-009 2.4394e-006 9.7125e-005 1.6061e-003 3.0264e-002 1.8016e-001 1.0232e-001 4.4447e-002 4.9248e-002 7.5582e-002 4.1378e-003 1.9214e-001 2.4787e-001 6.9788e-002 2.2370e-003 3.3730e-005 3.2932e-006 1.0792e-006 4.6544e-008 7.3877e-009 5.4204e-010 2.1799e-009 1.0409e-008 1.7364e-008 1.8886e-008 1.5465e-008 9.2089e-009
          17 6.5841e-012 1.9362e-010 7.3942e-010 3.9185e-009 6.5344e-010 1.1553e-010 1.3731e-009 4.3745e-011 2.4833e-012 1.8916e-007 2.1849e-005 3.8490e-004 6.8422e-003 8.1072e-002 1.8157e-001 9.7632e-003 8.6469e-002 3.3100e-003 8.6738e-002 4.3782e-003 1.4733e-001 2.9550e-001 9.4073e-002 2.4522e-003 6.8894e-005 6.5861e-006 2.9482e-006 4.2123e-007 1.1702e-007 7.2680e-008 5.0080e-008 2.9917e-008 1.5329e-008 6.9584e-009 2.7356e-009
          18 4.8129e-012 2.0317e-010 1.8508e-010 1.6388e-009 2.4345e-009 4.7444e-011 2.3356e-009 1.3884e-009 5.7711e-010 1.0654e-008 3.8607e-006 1.1257e-004 1.5627e-003 2.6503e-002 1.3768e-001 9.5701e-002 1.1282e-002 6.7164e-002 8.8997e-003 6.1282e-002 3.0424e-002 9.5228e-002 3.3814e-001 1.2341e-001 2.4474e-003 1.3042e-004 1.0973e-005 5.2220e-006 1.7257e-006 7.0323e-007 3.9865e-007 2.7269e-007 1.9024e-007 1.2223e-007 6.3880e-008
          19 5.1119e-011 3.6233e-010 8.1635e-011 2.2709e-010 2.0286e-009 1.9509e-010 8.3748e-010 4.7554e-009 3.5111e-009 2.5019e-009 5.2226e-007 3.4075e-005 4.3329e-004 7.4489e-003 7.0145e-002 1.3472e-001 1.3005e-002 5.0784e-002 1.9481e-002 3.8243e-002 2.2934e-002 6.2784e-002 4.6754e-002 3.7180e-001 1.5924e-001 1.9379e-003 2.6318e-004 2.6879e-005 9.2066e-006 3.7567e-006 1.6468e-006 8.5723e-007 5.1744e-007 3.1992e-007 1.6814e-007
          20 1.8548e-010 5.8236e-010 1.0965e-010 4.8883e-012 6.6136e-010 9.8998e-011 6.3759e-012 4.9703e-009 7.3011e-009 8.7276e-010 6.4537e-008 9.6823e-006 1.5161e-004 2.0921e-003 2.9041e-002 1.0838e-001 6.2329e-002 6.3696e-003 5.1116e-002 1.0291e-004 4.9481e-002 8.8845e-004 8.1398e-002 1.2498e-002 3.9508e-001 1.9982e-001 6.6485e-004 4.3395e-004 9.7923e-005 3.2442e-005 1.2673e-005 5.5772e-006 2.7460e-006 1.4249e-006 6.6854e-007
          21 3.4869e-010 7.2245e-010 1.8644e-010 8.6015e-011 3.2468e-011 2.5567e-012 1.9786e-010 2.3959e-009 7.7865e-009 7.0427e-011 1.0206e-008 2.5457e-006 6.1191e-005 6.6184e-004 1.0923e-002 6.6341e-002 8.5247e-002 3.6081e-003 3.5459e-002 1.5666e-002 1.7053e-002 2.9494e-002 8.0139e-003 7.3128e-002 2.9335e-005 4.1246e-001 2.4064e-001 3.8066e-004 3.1179e-004 2.2405e-004 1.1418e-004 5.3117e-005 2.4159e-005 1.1011e-005 4.6308e-006
          22 4.4806e-010 7.1908e-010 2.5256e-010 8.7582e-011 5.8284e-011 2.8873e-011 3.3787e-010 5.3831e-010 5.5101e-009 2.0800e-009 2.1569e-009 6.4744e-007 2.6522e-005 2.5368e-004 4.1216e-003 3.5800e-002 7.6561e-002 2.1529e-002 1.1142e-002 2.9449e-002 2.8006e-004 3.0320e-002 4.2327e-003 3.0547e-002 4.3079e-002 7.4649e-003 4.3892e-001 2.5476e-001 1.0691e-002 3.2969e-004 1.3434e-005 8.3298e-005 8.2005e-005 5.3878e-005 2.7056e-005
          23 4.4123e-010 5.9415e-010 2.6143e-010 4.1747e-011 1.8385e-010 8.0068e-011 2.3342e-010 1.8270e-011 2.9871e-009 4.3820e-009 3.2028e-010 1.6288e-007 1.1726e-005 1.1364e-004 1.6290e-003 1.8118e-002 5.5169e-002 3.2268e-002 9.1464e-004 2.5148e-002 3.2637e-003 1.4097e-002 1.5573e-002 3.0335e-003 3.8717e-002 1.2036e-002 1.8115e-002 5.0624e-001 2.2164e-001 2.7289e-002 5.1850e-003 9.7100e-004 1.4608e-004 1.5902e-005 9.1456e-007
          24 3.6866e-010 4.3804e-010 2.2471e-010 1.1604e-011 2.1137e-010 9.4630e-011 1.0512e-010 3.2276e-011 1.4387e-009 4.9653e-009 1.9677e-013 4.3333e-008 5.4330e-006 5.7772e-005 7.1386e-004 9.2672e-003 3.6111e-002 3.1746e-002 3.1594e-004 1.5642e-002 7.6530e-003 4.0717e-003 1.5828e-002 3.1791e-004 1.7796e-002 2.2918e-002 1.5638e-004 1.7202e-002 5.8437e-001 1.9622e-001 2.4332e-002 8.8668e-003 3.3876e-003 1.2474e-003 4.4480e-004
          25 2.8286e-010 3.0717e-010 1.7464e-010 1.5066e-012 1.7785e-010 8.2832e-011 3.6774e-011 9.1438e-011 6.8742e-010 4.3439e-009 8.6545e-011 1.2733e-008 2.7132e-006 3.2384e-005 3.5309e-004 5.0095e-003 2.3154e-002 2.6191e-002 1.7541e-003 8.6397e-003 8.5140e-003 7.1892e-004 1.1415e-002 2.4526e-003 6.2633e-003 1.9034e-002 4.5911e-003 1.2925e-003 2.0020e-002 5.9799e-001 2.3205e-001 1.2901e-002 6.6646e-003 3.4328e-003 1.4520e-003
          26 2.1449e-010 2.1796e-010 1.3304e-010 1.1361e-014 1.3650e-010 6.5909e-011 1.0414e-011 1.1158e-010 3.5017e-010 3.4914e-009 2.0184e-010 4.1934e-009 1.4961e-006 1.9952e-005 1.9798e-004 2.9513e-003 1.5393e-002 2.0597e-002 2.7210e-003 4.7500e-003 7.6372e-003 2.6988e-005 7.5503e-003 3.5994e-003 1.9205e-003 1.2942e-002 7.0536e-003 1.2851e-005 2.1052e-003 4.4173e-002 5.3202e-001 3.1257e-001 6.2083e-003 3.1802e-003 1.7137e-003
          27 1.6034e-010 1.5494e-010 9.9503e-011 7.5890e-013 1.0019e-010 4.9884e-011 1.9391e-012 1.0513e-010 1.8783e-010 2.6764e-009 2.6216e-010 1.4735e-009 8.7842e-007 1.2915e-005 1.1964e-004 1.8325e-003 1.0436e-002 1.5711e-002 2.9982e-003 2.6273e-003 6.2067e-003 4.7032e-005 4.8412e-003 3.6602e-003 4.8029e-004 8.2258e-003 6.9210e-003 5.7232e-004 3.0154e-004 5.7727e-003 8.0186e-002 4.2386e-001 4.0761e-001 4.7842e-003 1.2827e-003
          28 1.1249e-010 1.0473e-010 6.9715e-011 1.4702e-012 6.8375e-011 3.4892e-011 8.2385e-014 8.3311e-011 1.0116e-010 1.8950e-009 2.5365e-010 5.2538e-010 5.1548e-007 8.2026e-006 7.2430e-005 1.1250e-003 6.8210e-003 1.1152e-002 2.6581e-003 1.4151e-003 4.5405e-003 1.5518e-004 2.9462e-003 3.0188e-003 7.9002e-005 4.9079e-003 5.4446e-003 9.8019e-004 1.1440e-005 1.1587e-003 1.6842e-002 9.7673e-002 3.1800e-001 5.0142e-001 7.6690e-003
          29 6.7305e-011 6.1123e-011 4.1644e-011 1.4095e-012 3.9908e-011 2.0724e-011 5.5607e-014 5.3078e-011 5.0208e-011 1.1363e-009 1.8280e-010 1.8179e-010 2.7369e-007 4.6063e-006 3.9460e-005 6.1682e-004 3.8959e-003 6.7163e-003 1.8257e-003 6.9197e-004 2.7710e-003 1.6857e-004 1.5796e-003 1.9659e-003 4.7055e-006 2.5822e-003 3.4114e-003 8.6038e-004 6.8832e-006 2.6527e-004 4.5362e-003 2.8372e-002 8.1681e-002 2.3231e-001 5.8986e-001
