   v'->v''           0           1           2
           0 9.9403e-001 5.7897e-003 1.7099e-004
           1 5.9441e-003 9.8225e-001 1.1274e-002
           2 2.5836e-005 1.1884e-002 9.7000e-001
           3 7.1032e-007 6.7845e-005 1.8437e-002
           4 4.4925e-008 4.3957e-006 1.1287e-004
           5 2.6298e-009 2.0118e-007 7.9880e-006
           6 5.3417e-008 3.8305e-010 1.1157e-006
           7 3.1090e-009 1.6034e-009 2.2685e-008
           8 4.0321e-009 2.4094e-009 3.1657e-011
           9 1.5366e-009 3.7811e-009 1.5462e-008
          10 5.5366e-011 4.5871e-010 8.4758e-009
          11 3.0525e-009 4.1873e-009 6.3512e-009
          12 1.3372e-010 1.0883e-009 1.7256e-009
          13 1.7959e-009 5.8836e-014 2.3146e-009
          14 1.4447e-009 5.1205e-011 2.7387e-010
          15 1.1168e-011 6.4323e-011 5.2291e-010
          16 9.8947e-010 1.3493e-010 1.0376e-009
          17 7.1825e-010 1.4388e-010 1.0610e-010
          18 1.0460e-011 3.1265e-011 6.5188e-010
          19 3.0340e-010 1.1256e-011 1.9499e-009
          20 5.6483e-010 7.9577e-011 1.3208e-009
          21 2.8990e-010 7.8813e-011 1.9325e-010
          22 2.0284e-011 2.3736e-011 5.4646e-011
          23 4.8092e-011 1.4300e-014 3.6349e-010
          24 1.9007e-010 1.5294e-011 4.3531e-010
          25 2.4754e-010 3.2923e-011 2.7671e-010
          26 2.0213e-010 3.4616e-011 1.1025e-010
          27 1.2349e-010 2.5673e-011 2.5642e-011
          28 5.8175e-011 1.4640e-011 1.6262e-012
          29 2.3433e-011 7.2720e-012 5.2875e-013
          30 7.7695e-012 2.9699e-012 1.7498e-012
          31 5.6874e-013 2.4279e-013 2.4294e-013
          32 5.0766e-013 2.2144e-013 2.4116e-013
