   v'->v''           0           1           2           3           4           5           6           7           8           9          10          11          12          13          14          15          16          17          18          19          20          21          22          23          24          25          26          27
           0 9.9411e-001 5.8865e-003 2.8961e-006 1.3722e-006 1.7711e-006 1.0534e-007 4.2278e-008 3.1747e-009 8.3668e-009 1.5025e-009 3.7434e-009 4.8217e-009 3.3395e-011 1.9839e-009 1.8038e-009 6.4592e-011 5.4568e-010 1.1392e-009 6.4846e-010 9.0491e-011 2.3754e-011 1.8657e-010 2.8659e-010 2.7195e-010 2.0041e-010 1.2527e-010 6.8340e-011 3.0704e-011
           1 5.4791e-003 9.3708e-001 5.5624e-002 1.7255e-003 7.9823e-005 2.6773e-006 7.0496e-006 1.9040e-007 6.2990e-007 8.9104e-009 1.4346e-007 1.2208e-008 2.1736e-008 3.4755e-008 7.9322e-009 3.6412e-010 5.8309e-009 6.4479e-009 2.8711e-009 3.8568e-010 5.8624e-011 5.6852e-010 9.1648e-010 9.1735e-010 7.2291e-010 4.8862e-010 2.8899e-010 1.3880e-010
           2 3.0583e-004 4.1670e-002 5.4679e-001 3.8849e-001 2.2503e-002 1.1683e-004 6.6479e-005 3.7301e-005 1.0574e-005 2.2547e-006 3.0874e-006 1.7815e-008 5.9796e-007 3.9892e-007 9.3594e-009 8.5508e-008 1.4623e-007 6.9443e-008 6.7150e-009 3.9974e-009 1.9440e-008 2.4550e-008 1.9372e-008 1.1711e-008 5.8462e-009 2.4881e-009 9.1616e-010 2.8867e-010
           3 8.2405e-005 1.0258e-002 2.2107e-001 1.8406e-001 4.8846e-001 9.4555e-002 7.7655e-004 6.3537e-004 4.9958e-006 7.6251e-005 1.4982e-005 3.4388e-006 8.5305e-006 1.3478e-006 3.8717e-007 1.5359e-006 8.0781e-007 5.9432e-008 7.1156e-008 2.4301e-007 2.4359e-007 1.4546e-007 5.9291e-008 1.5609e-008 1.5661e-009 1.7009e-010 1.4349e-009 1.5880e-009
           4 1.9450e-005 4.0712e-003 1.2083e-001 2.2730e-001 5.9622e-002 4.0285e-001 1.7251e-001 1.1901e-002 3.4599e-004 4.2126e-004 3.1782e-006 8.4672e-005 2.1721e-005 1.3937e-006 1.1356e-005 5.8993e-006 3.1726e-007 5.8771e-007 1.4977e-006 1.1629e-006 4.7986e-007 9.4241e-008 3.5561e-010 2.5331e-008 6.1642e-008 7.4966e-008 6.4626e-008 3.9175e-008
           5 2.1473e-006 9.7104e-004 4.8214e-002 1.4862e-001 2.1028e-001 2.1325e-002 3.2042e-001 2.1309e-001 3.5783e-002 3.1138e-004 6.7424e-004 1.6668e-004 1.4855e-005 7.1938e-005 2.3683e-005 8.2008e-010 6.6905e-006 8.1665e-006 3.5876e-006 4.9310e-007 4.3288e-008 5.1410e-007 8.1322e-007 7.8799e-007 6.0130e-007 3.9492e-007 2.2815e-007 1.0781e-007
           6 6.0642e-008 4.0479e-005 7.1784e-003 4.6620e-002 1.7082e-001 2.2842e-001 5.3988e-003 2.3998e-001 2.3041e-001 6.5805e-002 4.4239e-003 2.0100e-004 5.0702e-004 5.5220e-005 2.0984e-005 5.8573e-005 2.7228e-005 2.3497e-006 1.3392e-006 5.6324e-006 6.1128e-006 3.9675e-006 1.8059e-006 5.7308e-007 9.9216e-008 8.1553e-010 1.4317e-008 2.3170e-008
           7 3.2302e-007 1.4932e-005 3.0464e-006 2.4754e-003 4.6481e-002 2.0972e-001 2.3899e-001 1.0279e-003 1.7418e-001 2.1929e-001 9.2449e-002 1.4311e-002 1.4674e-004 4.6071e-004 2.9937e-004 2.1393e-005 1.4824e-005 4.2192e-005 3.0367e-005 1.0345e-005 1.0194e-006 2.9379e-007 1.9442e-006 2.9571e-006 2.9428e-006 2.3441e-006 1.5686e-006 8.1954e-007
           8 3.9093e-009 2.9528e-006 2.4072e-004 5.3726e-004 4.6953e-004 4.1151e-002 2.2980e-001 2.6578e-001 1.2415e-004 1.2934e-001 1.9315e-001 1.0858e-001 2.7809e-002 2.1922e-003 8.6515e-005 4.3285e-004 1.8352e-004 1.3719e-005 7.4360e-006 2.7762e-005 2.7734e-005 1.7016e-005 7.5681e-006 2.4753e-006 5.0860e-007 2.6056e-008 1.7150e-008 4.5834e-008
           9 1.8687e-008 1.9020e-006 6.8964e-006 7.4030e-005 1.1590e-003 2.5378e-004 2.8815e-002 2.4399e-001 2.8644e-001 8.8564e-005 1.0152e-001 1.6999e-001 1.1634e-001 4.2611e-002 7.6220e-003 2.1469e-004 2.2231e-004 3.5260e-004 1.5693e-004 2.5042e-005 1.8497e-007 1.1034e-005 1.8807e-005 1.8337e-005 1.3965e-005 9.1940e-006 5.3563e-006 2.5571e-006
          10 2.6683e-012 2.5642e-011 1.8606e-005 7.7761e-005 3.5757e-007 1.2825e-003 1.9196e-003 1.9350e-002 2.5399e-001 3.0178e-001 1.4001e-003 7.6166e-002 1.4690e-001 1.1982e-001 5.7420e-002 1.6700e-002 2.3347e-003 1.1725e-005 2.0237e-004 2.7836e-004 1.6574e-004 6.0562e-005 1.2371e-005 3.7577e-007 1.1672e-006 3.4945e-006 4.0617e-006 2.7988e-006
          11 4.3420e-011 5.3537e-007 9.7550e-006 2.4728e-007 9.9922e-005 1.8533e-004 5.8976e-004 3.3333e-003 1.3759e-002 2.6859e-001 3.1516e-001 3.9970e-003 5.4863e-002 1.2110e-001 1.1389e-001 6.7487e-002 2.7623e-002 7.4637e-003 1.0438e-003 5.7385e-006 1.1402e-004 1.9872e-004 1.6826e-004 1.0605e-004 5.6396e-005 2.6711e-005 1.1513e-005 4.3332e-006
          12 1.8727e-010 1.6312e-007 1.7160e-007 1.1698e-005 2.3404e-005 4.4322e-005 5.3911e-004 5.1319e-005 4.1047e-003 8.8878e-003 2.7994e-001 3.2356e-001 8.3589e-003 3.7835e-002 9.8451e-002 1.0478e-001 7.3527e-002 3.8344e-002 1.5260e-002 4.5574e-003 8.9862e-004 6.1287e-005 1.3408e-005 7.4335e-005 9.9151e-005 8.8819e-005 6.3048e-005 3.3987e-005
          13 1.6377e-009 3.3139e-008 2.9874e-006 5.6610e-006 1.5249e-006 6.8067e-005 3.8099e-006 5.9373e-004 5.3721e-005 4.3113e-003 5.9342e-003 2.9404e-001 3.3004e-001 1.4184e-002 2.4030e-002 7.5665e-002 9.0789e-002 7.3297e-002 4.6113e-002 2.3901e-002 1.0519e-002 4.0063e-003 1.3056e-003 3.4593e-004 6.2672e-005 3.5762e-006 1.0420e-006 3.2991e-006
          14 5.7979e-010 1.0598e-007 1.1184e-006 4.2215e-008 8.2400e-006 6.4881e-006 7.0134e-005 1.3949e-004 3.7436e-004 4.4198e-004 3.8973e-003 3.7271e-003 3.0779e-001 3.2938e-001 2.2551e-002 1.3504e-002 5.6171e-002 7.5670e-002 6.8615e-002 4.9983e-002 3.1211e-002 1.7535e-002 9.1733e-003 4.5906e-003 2.2240e-003 1.0491e-003 4.7708e-004 1.9312e-004
          15 4.9792e-010 1.7889e-008 1.1195e-009 1.2409e-006 3.9123e-006 2.1075e-006 3.9625e-005 7.7916e-006 2.8814e-004 1.1889e-004 9.0515e-004 3.2417e-003 2.5944e-003 3.2617e-001 3.2211e-001 3.3960e-002 5.8273e-003 3.8647e-002 5.8519e-002 5.9023e-002 4.8389e-002 3.4836e-002 2.3078e-002 1.4585e-002 8.9302e-003 5.3008e-003 2.9694e-003 1.4069e-003
          16 1.9999e-009 2.3018e-009 3.2240e-007 1.6035e-006 2.0981e-007 6.2696e-006 2.0783e-006 5.5863e-005 1.8662e-005 3.3536e-004 9.0983e-007 1.3519e-003 2.3481e-003 2.1076e-003 3.4768e-001 3.0335e-001 4.9717e-002 1.0973e-003 2.3878e-002 4.2221e-002 4.6895e-002 4.2484e-002 3.4061e-002 2.5322e-002 1.7847e-002 1.1956e-002 7.3840e-003 3.7402e-003
          17 7.0896e-010 9.9373e-009 4.3394e-007 4.2093e-007 5.8705e-007 3.4025e-006 2.6927e-006 2.9246e-005 1.6911e-005 1.1543e-004 2.2007e-004 7.0386e-005 1.5900e-003 1.4562e-003 2.4515e-003 3.7720e-001 2.7133e-001 6.9536e-002 2.2648e-004 1.1994e-002 2.7140e-002 3.3460e-002 3.2886e-002 2.8588e-002 2.2808e-002 1.6845e-002 1.1189e-002 5.9418e-003
          18 4.9334e-011 5.9618e-009 1.5943e-007 1.0482e-008 1.4851e-006 4.8740e-007 5.7623e-006 2.0543e-006 4.1140e-005 1.7007e-006 1.9353e-004 8.3164e-005 2.6534e-004 1.6580e-003 7.0057e-004 3.7403e-003 4.1295e-001 2.2595e-001 9.1841e-002 4.7572e-003 3.5202e-003 1.4349e-002 2.0621e-002 2.2046e-002 2.0247e-002 1.6550e-002 1.1805e-002 6.5518e-003
          19 7.7251e-010 1.9787e-009 1.0519e-009 2.9381e-007 9.1583e-007 5.9767e-008 3.0446e-006 1.9574e-006 2.1123e-005 2.0360e-005 5.0631e-005 1.8708e-004 3.5219e-006 5.0951e-004 1.5128e-003 1.9260e-004 6.8268e-003 4.5366e-001 1.6662e-001 1.1321e-001 1.6446e-002 6.5561e-006 4.8374e-003 9.9137e-003 1.1975e-002 1.1417e-002 8.9515e-003 5.2460e-003
          20 7.1874e-010 3.5565e-010 5.6837e-008 3.4823e-007 1.4724e-007 5.9734e-007 5.7117e-007 5.3031e-006 2.4668e-006 3.2855e-005 2.1269e-008 1.1865e-004 1.0674e-004 2.5870e-005 7.0336e-004 1.2308e-003 1.1107e-006 1.3453e-002 4.9787e-001 9.8817e-002 1.2496e-001 3.5656e-002 3.7371e-003 1.5451e-004 2.4388e-003 4.1235e-003 4.1347e-003 2.7244e-003
          21 1.4521e-010 1.2315e-011 1.1048e-007 1.6025e-007 1.6465e-008 8.4445e-007 4.4509e-010 3.7995e-006 4.3266e-007 1.7545e-005 1.4870e-005 2.6074e-005 1.3827e-004 2.7075e-005 1.2961e-004 8.1139e-004 9.1325e-004 1.7814e-004 2.6637e-002 5.3585e-001 3.6880e-002 1.1636e-001 5.7302e-002 1.6302e-002 2.6670e-003 6.4485e-005 1.6455e-004 3.1275e-004
          22 1.8721e-011 5.7044e-010 8.0107e-008 2.4121e-008 1.7753e-007 6.3091e-007 1.4484e-007 1.4397e-006 2.7608e-006 4.0288e-006 2.3474e-005 8.0183e-009 7.6671e-005 9.8674e-005 4.5565e-007 2.7283e-004 7.9718e-004 6.1187e-004 9.3430e-004 5.0939e-002 5.5189e-001 1.9020e-003 8.1496e-002 6.8700e-002 3.3633e-002 1.3049e-002 4.4363e-003 1.3396e-003
          23 2.1482e-010 1.4556e-009 2.8370e-008 1.4741e-009 2.5571e-007 2.7435e-007 3.1407e-007 2.6568e-007 3.3025e-006 6.4122e-008 1.6946e-005 7.7435e-006 2.1092e-005 9.7964e-005 3.4694e-005 4.2071e-005 3.9030e-004 6.8698e-004 3.6595e-004 2.6793e-003 9.3010e-002 5.2637e-001 1.3613e-002 3.1975e-002 5.4887e-002 4.0802e-002 2.2638e-002 1.0024e-002
          24 2.9978e-010 1.8331e-009 2.9313e-009 2.2772e-008 2.0754e-007 4.8803e-008 3.7445e-007 6.7224e-010 2.4217e-006 6.9059e-007 7.7089e-006 1.4752e-005 1.2726e-006 5.6905e-005 6.7899e-005 7.6837e-007 1.2878e-004 4.3230e-004 5.2709e-004 1.9994e-004 6.3722e-003 1.5794e-001 4.4553e-001 6.8267e-002 1.0195e-003 2.0356e-002 2.3990e-002 1.4908e-002
          25 2.0938e-010 1.4778e-009 7.5829e-010 3.7869e-008 1.1899e-007 1.1781e-009 3.3897e-007 7.5738e-008 1.3235e-006 1.7877e-006 2.1020e-006 1.4273e-005 1.3678e-006 2.3167e-005 6.4758e-005 2.2437e-005 1.7987e-005 2.1770e-004 4.1144e-004 3.6095e-004 9.1673e-005 1.3446e-002 2.4555e-001 3.1833e-001 1.2638e-001 1.4218e-002 2.0601e-005 1.8422e-003
          26 8.5916e-011 8.2114e-010 5.1603e-009 3.7665e-008 5.0465e-008 4.2294e-008 2.5059e-007 1.8324e-007 5.5552e-007 2.0798e-006 1.7565e-007 9.9714e-006 5.7220e-006 6.1556e-006 4.6172e-005 3.7971e-005 5.0148e-008 7.5252e-005 2.6339e-004 3.3343e-004 2.2805e-004 2.0244e-005 2.5522e-002 3.4684e-001 1.8025e-001 1.3811e-001 4.8112e-002 1.2480e-002
          27 1.7156e-011 3.0992e-010 7.6171e-009 2.9198e-008 1.4939e-008 8.5271e-008 1.5571e-007 2.2556e-007 1.7016e-007 1.7367e-006 5.8914e-008 5.6144e-006 7.8378e-006 5.9757e-007 2.7374e-005 3.9150e-005 6.6465e-006 1.8839e-005 1.3294e-004 2.4618e-004 2.2735e-004 1.3287e-004 1.4058e-005 4.2452e-002 4.5088e-001 7.1897e-002 9.1119e-002 4.5187e-002
          28 1.2941e-013 6.8550e-011 7.1834e-009 1.9383e-008 2.3643e-009 9.6449e-008 8.3207e-008 2.0462e-007 3.1633e-008 1.1950e-006 3.3252e-007 2.6993e-006 7.1949e-006 8.0925e-008 1.4024e-005 3.1628e-005 1.2655e-005 2.8612e-006 6.0904e-005 1.5294e-004 1.8250e-004 1.3040e-004 6.7301e-005 3.6557e-004 6.0677e-002 5.5238e-001 1.4084e-002 2.7937e-002
          29 2.9587e-012 4.3615e-012 5.2455e-009 1.1352e-008 2.3695e-011 7.9312e-008 3.9027e-008 1.4967e-007 1.5211e-009 7.1162e-007 4.3916e-007 1.1530e-006 5.1644e-006 5.9648e-007 6.3765e-006 2.1217e-005 1.2944e-005 5.5160e-008 2.6446e-005 8.5727e-005 1.1989e-004 1.0334e-004 6.0381e-005 4.7692e-006 2.0699e-003 7.2636e-002 6.5507e-001 6.6847e-006
          30 4.9238e-012 6.5482e-013 2.9138e-009 5.5082e-009 1.6837e-010 4.7315e-008 1.5607e-008 8.3968e-008 4.2890e-010 3.4795e-007 3.2148e-007 4.3059e-007 2.8325e-006 6.5208e-007 2.5076e-006 1.1205e-005 8.5973e-006 1.2498e-007 1.0266e-005 4.0606e-005 6.2963e-005 5.9328e-005 4.1857e-005 1.6065e-005 1.1505e-004 6.0502e-003 6.8435e-002 7.6798e-001
