   v'->v''           0           1           2           3           4           5           6           7           8           9          10          11          12          13          14          15          16          17          18          19          20          21          22          23
           0 9.8407e-001 1.5920e-002 5.9471e-006 2.7544e-008 7.0232e-010 8.1271e-009 2.0217e-008 5.2853e-009 2.3329e-011 2.9307e-009 5.5087e-010 1.7598e-009 8.1608e-011 1.2053e-009 1.4630e-010 3.2152e-010 5.9879e-010 1.0635e-010 5.3031e-011 2.7754e-010 2.7191e-010 1.2205e-010 2.4261e-011 5.8685e-013
           1 1.5511e-002 9.5186e-001 3.2614e-002 2.0472e-005 1.9909e-008 7.6299e-010 1.0966e-008 2.4423e-009 2.1716e-010 1.3363e-009 3.9327e-011 3.8692e-010 2.0802e-011 7.4725e-011 2.4869e-011 8.5328e-011 1.4772e-012 4.3723e-011 5.3578e-011 9.1294e-012 2.6551e-012 1.6963e-011 1.9491e-011 1.2009e-011
           2 4.0060e-004 3.0926e-002 9.1821e-001 5.0414e-002 4.4732e-005 2.8868e-007 9.6460e-008 5.2288e-008 2.6885e-010 1.6430e-010 9.2086e-009 3.2932e-010 2.5690e-009 1.3419e-011 8.7755e-010 1.8683e-011 5.4038e-010 3.8342e-010 5.9923e-013 2.2677e-010 2.6604e-010 9.6019e-011 6.3651e-012 3.1609e-012
           3 1.4976e-005 1.2310e-003 4.6475e-002 8.8374e-001 6.8484e-002 5.4161e-005 4.0407e-006 7.5054e-007 1.6476e-008 1.5751e-008 1.1871e-008 2.9425e-008 5.4864e-009 5.5546e-009 5.1798e-010 2.0058e-009 3.8828e-010 8.9977e-010 1.5646e-009 2.2360e-010 1.4216e-010 5.7933e-010 5.2128e-010 2.4980e-010
           4 4.5386e-007 6.3182e-005 2.5201e-003 6.1176e-002 8.5146e-001 8.4738e-002 1.9432e-005 2.1097e-005 8.6442e-007 2.8465e-007 6.1065e-008 1.3119e-007 3.9161e-008 2.6449e-008 3.4454e-009 1.3786e-009 1.9236e-009 8.8185e-010 6.2761e-010 2.1406e-009 8.7215e-010 1.0701e-011 1.7669e-010 2.9326e-010
           5 9.9988e-008 3.6259e-006 1.5769e-004 4.3154e-003 7.2785e-002 8.2522e-001 9.7465e-002 5.7340e-006 4.3545e-005 4.1228e-007 2.4077e-006 2.4127e-008 4.8052e-007 5.6106e-009 4.6743e-008 1.2917e-008 3.9324e-010 2.6214e-010 1.0475e-009 8.8062e-010 1.4763e-010 2.7622e-011 1.8031e-010 1.6960e-010
           6 1.8849e-009 2.9923e-007 1.2895e-005 3.0376e-004 6.6332e-003 7.9567e-002 8.0513e-001 1.0823e-001 7.6661e-005 2.5868e-005 1.3745e-005 1.5233e-006 2.6420e-006 2.3108e-007 4.8128e-007 1.7848e-008 4.7806e-008 7.7465e-008 2.1032e-008 7.4442e-010 1.4735e-008 1.5206e-008 6.4732e-009 1.4024e-009
           7 8.9999e-010 1.7188e-009 1.0731e-006 3.0848e-005 5.2422e-004 9.3757e-003 8.3266e-002 7.8359e-001 1.2312e-001 5.6144e-005 2.2796e-009 2.3157e-005 2.7236e-006 4.4549e-006 1.4966e-006 1.3017e-007 8.8357e-007 2.6679e-007 2.3626e-008 2.2211e-007 1.6398e-007 3.8285e-008 6.3302e-010 2.8985e-009
           8 8.1305e-009 1.1292e-008 4.5985e-008 3.7248e-006 5.7691e-005 9.2370e-004 1.2224e-002 9.0421e-002 7.5088e-001 1.4547e-001 2.1339e-006 9.9497e-007 1.5422e-006 1.2859e-005 1.5247e-007 3.0918e-006 1.9341e-006 5.7817e-009 8.1281e-007 6.5833e-007 1.2714e-007 8.1082e-010 4.8763e-008 6.3487e-008
           9 7.5352e-011 5.8344e-009 2.0478e-008 2.6344e-007 1.0366e-005 9.4808e-005 1.6903e-003 1.4654e-002 1.0496e-001 7.1539e-001 1.6312e-001 4.9526e-005 1.7858e-005 7.5537e-007 3.5479e-006 3.3014e-006 2.2874e-009 1.7048e-006 1.2615e-006 8.4759e-008 9.6601e-008 2.7292e-007 2.4393e-007 1.3542e-007
          10 2.9193e-009 4.3720e-010 5.0104e-009 3.7636e-008 1.1580e-006 2.0088e-005 1.6052e-004 2.6904e-003 1.6787e-002 1.1371e-001 6.9556e-001 1.7057e-001 4.4730e-004 4.7042e-005 3.3328e-008 6.1941e-007 2.9341e-006 1.2721e-006 1.5440e-007 1.1852e-006 7.9741e-007 2.0561e-007 1.3878e-008 2.6122e-009
          11 5.1307e-013 6.0663e-011 3.9816e-010 7.8982e-009 1.0337e-007 4.0247e-006 2.5836e-005 3.3661e-004 3.3572e-003 2.0311e-002 1.1042e-001 6.8718e-001 1.7694e-001 1.3365e-003 8.3115e-005 1.1863e-006 2.9833e-007 5.7619e-007 2.9817e-006 9.4162e-007 5.1214e-009 3.6446e-007 5.0043e-007 3.5014e-007
          12 1.7481e-009 1.1717e-009 1.2251e-009 3.3508e-009 1.0120e-008 4.7129e-007 8.9404e-006 3.1899e-005 6.8206e-004 3.8569e-003 2.4518e-002 1.0671e-001 6.8487e-001 1.7580e-001 3.4372e-003 6.4545e-005 1.5515e-005 7.8295e-010 2.8139e-008 6.6526e-007 1.1067e-006 5.7769e-007 1.4279e-007 1.0597e-008
          13 4.2096e-010 3.6150e-010 8.4186e-010 3.8003e-009 6.0383e-009 9.5489e-009 2.6094e-006 8.3412e-006 8.0248e-005 9.4860e-004 4.7837e-003 2.7496e-002 9.7224e-002 6.9194e-001 1.7061e-001 6.8412e-003 2.1908e-005 3.4747e-005 1.3293e-006 3.4319e-007 6.0484e-010 3.0889e-007 5.0349e-007 3.7997e-007
          14 3.8265e-010 3.4126e-010 8.5601e-012 1.2863e-009 8.5763e-009 2.2345e-009 1.0805e-007 7.0698e-006 5.6856e-006 2.0453e-004 1.1776e-003 5.8766e-003 3.0680e-002 8.6688e-002 7.0652e-001 1.5587e-001 1.2895e-002 1.4156e-005 5.0661e-005 1.1533e-005 1.8129e-007 3.4204e-008 4.1934e-009 3.4440e-009
          15 1.0328e-009 6.8717e-010 2.5741e-010 2.8707e-012 3.2752e-009 2.0031e-008 1.9300e-008 1.8922e-006 4.4158e-006 2.1868e-005 3.1920e-004 1.4779e-003 7.1522e-003 3.2388e-002 7.1529e-002 7.3268e-001 1.3193e-001 2.2083e-002 3.3264e-004 3.9180e-005 2.9735e-005 4.7119e-006 3.6082e-007 8.6808e-009
          16 1.9314e-010 2.2464e-011 1.4875e-011 3.8326e-011 1.5888e-010 1.3336e-008 2.8138e-009 6.7072e-009 4.8673e-006 2.3705e-006 6.2040e-005 4.5685e-004 1.8291e-003 8.3518e-003 3.4151e-002 5.4052e-002 7.6898e-001 9.5510e-002 3.4642e-002 1.8976e-003 4.3495e-007 3.5663e-005 1.8091e-005 5.3630e-006
          17 1.3877e-010 2.7500e-010 8.8394e-011 1.0577e-011 6.7123e-012 6.1824e-010 4.7583e-008 6.8878e-008 1.8036e-006 1.6517e-006 9.2696e-006 1.2156e-004 5.6926e-004 2.2983e-003 9.3861e-003 3.5318e-002 3.3222e-002 8.1315e-001 5.1194e-002 4.7687e-002 6.6219e-003 3.4842e-004 9.7946e-008 1.2924e-005
          18 6.0547e-010 3.8568e-010 7.9437e-011 5.8695e-011 1.6375e-010 1.4005e-010 2.1444e-008 3.4153e-009 1.2239e-007 2.4141e-006 1.4251e-006 2.5571e-005 1.8857e-004 7.3149e-004 2.8044e-003 9.9621e-003 3.6612e-002 1.3419e-002 8.5289e-001 1.1227e-002 5.2520e-002 1.6190e-002 2.8825e-003 4.0095e-004
          19 4.1695e-010 6.0065e-011 4.5704e-013 3.1076e-012 2.2006e-010 8.7161e-011 3.1071e-010 2.0571e-008 6.2537e-008 1.9896e-006 8.9400e-007 3.3729e-006 5.9908e-005 2.5734e-004 9.1038e-004 3.2885e-003 1.0183e-002 3.9150e-002 8.2129e-004 8.6236e-001 3.5564e-003 3.6614e-002 2.5686e-002 9.2343e-003
          20 4.2782e-011 4.4039e-011 7.5570e-011 3.9118e-011 1.3264e-011 1.0836e-009 9.2504e-010 3.8703e-008 1.5271e-007 5.9867e-007 1.4306e-006 5.5687e-007 1.3375e-005 9.9032e-005 3.3235e-004 1.1458e-003 3.7224e-003 9.7248e-003 4.4243e-002 7.1253e-003 7.9451e-001 6.9243e-002 4.7057e-003 1.5477e-002
          21 5.5852e-011 2.0935e-010 9.7448e-011 8.4289e-011 8.6121e-011 8.7941e-010 8.6637e-011 2.4891e-008 4.5596e-008 4.0996e-009 1.3746e-006 7.0841e-007 2.0639e-006 3.1474e-005 1.3968e-004 4.2495e-004 1.3799e-003 3.9905e-003 8.3048e-003 5.6058e-002 4.8843e-002 5.8939e-001 2.0749e-001 2.0949e-002
          22 2.5086e-010 1.9648e-010 3.1280e-011 4.1881e-011 2.1237e-010 6.8802e-011 4.5269e-010 7.6796e-009 3.5055e-009 1.2354e-007 6.3532e-007 1.1715e-006 4.6221e-007 7.7477e-006 5.6911e-005 1.8975e-004 5.4190e-004 1.5837e-003 4.1142e-003 5.6628e-003 8.3902e-002 1.3112e-001 2.5045e-001 2.4233e-001
          23 3.0481e-010 6.8679e-011 4.4032e-014 2.1799e-012 1.3560e-010 1.4395e-010 9.6217e-010 3.2324e-010 6.3158e-008 1.7609e-007 1.1896e-007 1.1141e-006 3.4123e-007 1.8125e-006 2.1547e-005 8.5911e-005 2.4339e-004 6.5979e-004 1.7342e-003 4.1621e-003 1.8402e-003 1.4731e-001 1.9615e-001 6.8591e-003
          24 2.0129e-010 1.6409e-012 2.0426e-011 6.7454e-012 2.4586e-011 4.4650e-010 5.0978e-010 1.1357e-009 9.2039e-008 8.1477e-008 3.5202e-010 6.8757e-007 4.1759e-007 5.2502e-007 7.6161e-006 3.8266e-005 1.1434e-004 3.0985e-004 7.6093e-004 1.7592e-003 4.3265e-003 5.6010e-004 2.7076e-001 9.6520e-002
          25 7.6475e-011 1.8199e-011 4.0051e-011 1.9784e-011 1.2839e-012 3.9294e-010 7.8871e-011 3.5704e-009 6.2407e-008 1.1194e-008 2.1496e-008 3.1212e-007 4.8244e-007 2.3067e-007 2.4401e-006 1.7490e-005 5.7180e-005 1.5038e-004 3.8388e-004 8.3674e-004 1.6221e-003 5.6636e-003 2.5316e-002 3.6635e-001
          26 1.1095e-011 5.4381e-011 3.7105e-011 1.9104e-011 2.1672e-011 1.7890e-010 2.3436e-012 3.9342e-009 2.3863e-008 1.1610e-009 3.9706e-008 1.0703e-007 4.7679e-007 1.6840e-007 7.1682e-007 7.9373e-006 3.0456e-005 7.8315e-005 1.9337e-004 4.3624e-004 8.2900e-004 1.1987e-003 1.4049e-002 1.5685e-001
          27 6.8189e-013 6.8603e-011 2.2800e-011 1.0742e-011 3.2213e-011 4.1843e-011 4.3828e-011 2.6514e-009 4.3079e-009 1.2834e-008 3.7204e-008 2.4693e-008 4.0070e-007 1.6867e-007 2.1929e-007 3.4227e-006 1.6424e-005 4.4100e-005 1.0151e-004 2.2750e-004 4.5835e-004 7.2805e-004 2.4223e-004 7.6537e-002
          28 1.1053e-011 5.9532e-011 1.0378e-011 3.9405e-012 2.6359e-011 2.0834e-012 6.0059e-011 1.2634e-009 2.1756e-011 2.0119e-008 2.6302e-008 2.1847e-009 2.8888e-007 1.7148e-007 8.5072e-008 1.4104e-006 8.6653e-006 2.5427e-005 5.6946e-005 1.2371e-004 2.4259e-004 4.3026e-004 6.2339e-004 5.5160e-003
          29 1.8056e-011 4.0552e-011 3.6962e-012 9.2679e-013 1.5684e-011 1.5285e-012 4.6568e-011 4.5460e-010 6.8489e-010 1.8557e-008 1.5572e-008 1.7130e-010 1.7938e-007 1.4773e-007 4.3575e-008 5.7211e-007 4.3925e-006 1.4129e-005 3.2032e-005 6.7825e-005 1.2899e-004 2.1883e-004 3.1019e-004 1.7632e-003
          30 1.4610e-011 2.1294e-011 1.0618e-012 1.2714e-013 7.1675e-012 3.8719e-012 2.5233e-011 1.2844e-010 1.0526e-009 1.1584e-008 7.4843e-009 1.0884e-009 8.9960e-008 9.3627e-008 2.2756e-008 2.1879e-007 1.9676e-006 6.7729e-006 1.5681e-005 3.2732e-005 6.1597e-005 1.0066e-004 1.3771e-004 9.8073e-005
