# Analytic fits to MCCC calculations of electron scattering on molecular hydrogen and its isotopologues
# Adiabatic nuclei calculations performed with the spheroidal MCCC(210) model
# Reference: Scarlett et al. Atom. Data Nucl. Data Tables (2021)
# MCCC Database: mccc-db.org
# This file: e + D2(X1Sg,vi=16) -> e + D2(H1Sg) all bound vf + dissociative excitation (DE)
#
# Fitting function: |(x-1)/x * (a0^2*log(x)/x + a1/x + a2/x^2 + a3/x^3 + a4/x^4 + a5/x^5)|
#                   where x = energy / threshold_energy
# Yields integrated cross section in atomic units

# vf    vi  threshold (eV)   a0            a1            a2            a3            a4            a5
   0 <- 16  9.85834E+00   -1.24150E-07   1.23880E-06  -1.70300E-05   7.16270E-05  -1.17220E-04   6.52470E-05
   1 <- 16  1.00575E+01   -3.23320E-08   1.93580E-07  -2.36790E-06   9.13050E-06  -1.41550E-05   7.94580E-06
   2 <- 16  1.02456E+01   -7.61920E-08   2.08810E-06  -2.74330E-05   1.11090E-04  -1.76220E-04   9.65450E-05
   3 <- 16  1.04190E+01    2.53120E-07   4.90090E-06  -3.92620E-05   1.11090E-04  -1.32340E-04   5.65370E-05
   4 <- 16  1.05746E+01   -1.94360E-07   5.66470E-05  -4.60080E-04   1.35860E-03  -1.72790E-03   8.20100E-04
   5 <- 16  1.07201E+01   -4.40220E-08   4.97750E-05  -3.14470E-04   8.45340E-04  -1.16540E-03   6.64950E-04
   6 <- 16  1.08609E+01    1.82790E-02  -8.73760E-04   2.09130E-03  -2.01130E-03   9.90210E-04  -2.04930E-04
   7 <- 16  1.09943E+01   -3.37970E-06   5.27790E-03  -3.81950E-03  -1.92380E-02   3.90090E-02  -2.09440E-02
   8 <- 16  1.11205E+01   -1.33620E-14   4.12210E-20   2.21740E-19  -7.15660E-19   8.57960E-19  -3.80530E-19
   9 <- 16  1.11207E+01    4.00890E-07   3.85940E-02   2.05330E-01  -6.64410E-01   7.98970E-01  -3.55740E-01
  10 <- 16  1.11517E+01    2.16440E-11  -1.01560E-21   3.69340E-21  -6.34610E-21   8.95200E-21  -5.40810E-21
  11 <- 16  1.11834E+01    3.93300E-12  -2.41960E-23   3.69280E-22  -9.72680E-22   1.28200E-21  -6.23660E-22
  12 <- 16  1.12147E+01    3.99150E-11  -3.87350E-21   1.34420E-20  -2.37090E-20   3.18970E-20  -1.81720E-20
  13 <- 16  1.12392E+01    9.74950E-06   9.43720E-02   3.53040E-01  -1.14090E+00   1.38760E+00  -6.38270E-01
  14 <- 16  1.12448E+01   -1.02370E-17   5.28300E-22   9.99440E-22   6.40860E-22  -8.50050E-21   7.26050E-21
  15 <- 16  1.12739E+01    2.20250E-15   3.34600E-23  -3.95180E-22   1.59820E-21  -2.36390E-21   1.17310E-21
  16 <- 16  1.13022E+01    3.80300E-12  -4.31640E-23   1.87290E-22   1.48020E-21  -3.58960E-21   2.11050E-21
  17 <- 16  1.13297E+01    2.36400E-15   6.51010E-23  -8.49320E-22   5.03830E-21  -5.95730E-21   1.71700E-21
  18 <- 16  1.13494E+01    3.24370E-02   7.47660E-03  -6.86030E-03  -1.30970E-02   2.88320E-02  -1.32750E-02
  19 <- 16  1.13565E+01    1.22520E-15   1.82310E-21  -5.32010E-21   1.25250E-20  -2.27410E-20   1.54160E-20
  20 <- 16  1.13826E+01    3.94610E-11   3.03320E-20   3.57710E-20  -1.93980E-19   2.97250E-19  -1.60090E-19
  21 <- 16  1.14080E+01   -5.24550E-16   7.75490E-19   2.13390E-18  -7.69700E-18   1.08930E-17  -5.86510E-18
  22 <- 16  1.14328E+01   -2.07570E-13   6.07220E-17   2.72030E-16  -8.63570E-16   1.16710E-15  -6.15440E-16
  23 <- 16  1.14508E+01   -2.28590E-07   1.04640E-02   5.16160E-02  -1.58240E-01   2.13330E-01  -1.13370E-01
  24 <- 16  1.14571E+01    5.72440E-12   9.10310E-15   4.58740E-14  -1.39240E-13   1.87680E-13  -1.00030E-13
  25 <- 16  1.14810E+01   -1.03360E-11   9.54190E-15   5.07770E-14  -1.49000E-13   2.00830E-13  -1.08140E-13
  26 <- 16  1.15043E+01    4.81460E-08   9.12540E-14   5.78870E-13  -1.61930E-12   2.16530E-12  -1.16860E-12
  27 <- 16  1.15272E+01    7.63430E-07   1.92160E-12   3.08930E-11  -7.96360E-11   1.02930E-10  -5.40040E-11
  28 <- 16  1.15425E+01    3.40370E-02   3.91220E-04   4.23790E-02  -1.04170E-01   1.31600E-01  -6.76530E-02
  29 <- 16  1.15497E+01    6.93760E-06  -2.06370E-11   1.55320E-09  -3.73930E-09   4.67350E-09  -2.37890E-09
  30 <- 16  1.15717E+01    7.41280E-06  -1.00020E-10   1.33500E-09  -3.02900E-09   3.66330E-09  -1.80650E-09
  31 <- 16  1.15932E+01    2.14690E-05  -1.18200E-09   9.16060E-09  -1.96520E-08   2.29850E-08  -1.09560E-08
  32 <- 16  1.16143E+01    1.41550E-04  -6.13200E-08   3.36060E-07  -6.78560E-07   7.65240E-07  -3.50850E-07
  33 <- 16  1.16231E+01    1.96470E-02  -1.24770E-03   6.02040E-03  -1.17970E-02   1.30950E-02  -5.89550E-03
  34 <- 16  1.16349E+01    1.61290E-04  -8.86000E-08   3.56880E-07  -6.66150E-07   7.36740E-07  -3.27340E-07
  35 <- 16  1.16550E+01   -7.10800E-09   4.04060E-08   2.61600E-07  -1.26010E-06   1.82510E-06  -8.86420E-07
  36 <- 16  1.16742E+01    9.13670E-08   2.77200E-06   1.70640E-05  -6.55490E-05   9.10700E-05  -4.53290E-05
  37 <- 16  1.16876E+01    2.22730E-06   4.78140E-04   2.72210E-03  -9.80990E-03   1.35430E-02  -6.84790E-03
  38 <- 16  1.16941E+01    8.75630E-07   1.62700E-04   8.92560E-04  -3.14740E-03   4.33910E-03  -2.20860E-03
  39 <- 16  1.17109E+01   -4.32390E-07   1.17780E-04   5.88270E-04  -1.99230E-03   2.74560E-03  -1.41920E-03
  40 <- 16  1.17262E+01   -2.34520E-07   3.37480E-04   1.54250E-03  -5.09650E-03   7.03710E-03  -3.68390E-03
  41 <- 16  1.17396E+01    6.42430E-03   5.20100E-04   3.44230E-03  -1.05540E-02   1.42550E-02  -7.37570E-03
  42 <- 16  1.17535E+01    1.10220E-02   3.19460E-04   4.75300E-03  -1.34570E-02   1.76310E-02  -8.91610E-03
  43 <- 16  1.17684E+01    1.42130E-02   8.32780E-05   5.87160E-03  -1.57730E-02   2.02200E-02  -1.00470E-02
  44 <- 16  1.17834E+01    1.72820E-02  -1.52070E-04   7.36950E-03  -1.90970E-02   2.40970E-02  -1.18140E-02
  45 <- 16  1.17984E+01    2.00080E-02  -4.03470E-04   8.86380E-03  -2.23720E-02   2.78980E-02  -1.35350E-02
  46 <- 16  1.18134E+01    2.21110E-02  -6.46710E-04   9.98570E-03  -2.46970E-02   3.05180E-02  -1.46820E-02
  47 <- 16  1.18283E+01    2.36520E-02  -8.61360E-04   1.07120E-02  -2.60680E-02   3.19860E-02  -1.52830E-02
  48 <- 16  1.18433E+01    2.47280E-02  -1.03840E-03   1.10900E-02  -2.66360E-02   3.25020E-02  -1.54430E-02
  49 <- 16  1.18583E+01    2.53660E-02  -1.16920E-03   1.11260E-02  -2.64310E-02   3.21150E-02  -1.51880E-02
  50 <- 16  1.18732E+01    2.55640E-02  -1.24790E-03   1.08220E-02  -2.54720E-02   3.08500E-02  -1.45350E-02
  51 <- 16  1.18880E+01    2.53200E-02  -1.27190E-03   1.01970E-02  -2.38110E-02   2.87710E-02  -1.35140E-02
  52 <- 16  1.19028E+01    2.46720E-02  -1.24520E-03   9.31440E-03  -2.16030E-02   2.60620E-02  -1.22130E-02
  53 <- 16  1.19175E+01    2.36630E-02  -1.17490E-03   8.24930E-03  -1.90170E-02   2.29240E-02  -1.07220E-02
  54 <- 16  1.19321E+01    2.23430E-02  -1.07070E-03   7.07920E-03  -1.62310E-02   1.95600E-02  -9.13580E-03
  55 <- 16  1.19465E+01    2.07420E-02  -9.41130E-04   5.86400E-03  -1.33750E-02   1.61210E-02  -7.52210E-03
  56 <- 16  1.19609E+01    1.89010E-02  -7.96250E-04   4.66730E-03  -1.05870E-02   1.27660E-02  -5.95180E-03
  57 <- 16  1.19751E+01    1.68570E-02  -6.45220E-04   3.54100E-03  -7.97940E-03   9.62590E-03  -4.48410E-03
  58 <- 16  1.19892E+01    1.46320E-02  -4.95720E-04   2.52450E-03  -5.63580E-03   6.79550E-03  -3.16130E-03
  59 <- 16  1.20032E+01    1.22900E-02  -3.57770E-04   1.66440E-03  -3.65840E-03   4.39720E-03  -2.03920E-03
  60 <- 16  1.20170E+01    9.85870E-03  -2.36850E-04   9.79310E-04  -2.08490E-03   2.47580E-03  -1.13770E-03
  61 <- 16  1.20307E+01    7.34590E-03  -1.36850E-04   4.78260E-04  -9.33390E-04   1.05360E-03  -4.67110E-04
  62 <- 16  1.20443E+01    4.74160E-03  -6.09610E-05   1.65060E-04  -2.11180E-04   1.41650E-04  -3.24410E-05
  63 <- 16  1.20576E+01    1.80550E-03  -1.08890E-05   3.46420E-05   9.41080E-05  -2.72600E-04   1.71960E-04
  64 <- 16  1.20709E+01   -1.74710E-07  -6.56010E-07   1.32940E-04  -1.19010E-04  -7.52650E-05   9.92620E-05
  65 <- 16  1.20840E+01    4.88730E-04   1.31640E-05   2.61830E-04  -4.09480E-04   2.38920E-04  -4.06670E-05
  66 <- 16  1.20969E+01    3.82100E-03  -9.32540E-06   5.76890E-04  -1.12220E-03   1.05370E-03  -4.06970E-04
  67 <- 16  1.21096E+01    6.14900E-03  -5.11510E-05   9.94470E-04  -2.07050E-03   2.15750E-03  -9.08170E-04
  68 <- 16  1.21223E+01    8.26790E-03  -1.09010E-04   1.48960E-03  -3.19790E-03   3.48340E-03  -1.51360E-03
  69 <- 16  1.21347E+01    1.02260E-02  -1.79270E-04   2.03590E-03  -4.44580E-03   4.96310E-03  -2.19190E-03
  70 <- 16  1.21470E+01    1.20230E-02  -2.57810E-04   2.60580E-03  -5.75170E-03   6.52180E-03  -2.90890E-03
  71 <- 16  1.21592E+01    1.36630E-02  -3.41030E-04   3.17800E-03  -7.06690E-03   8.10100E-03  -3.63720E-03
  72 <- 16  1.21712E+01    1.51490E-02  -4.25580E-04   3.73380E-03  -8.34920E-03   9.65000E-03  -4.35370E-03
  73 <- 16  1.21830E+01    1.64750E-02  -5.08150E-04   4.25400E-03  -9.55500E-03   1.11160E-02  -5.03360E-03
  74 <- 16  1.21947E+01    1.76370E-02  -5.85540E-04   4.72200E-03  -1.06460E-02   1.24510E-02  -5.65510E-03
  75 <- 16  1.22063E+01    1.86530E-02  -6.57360E-04   5.13690E-03  -1.16220E-02   1.36590E-02  -6.22000E-03
  76 <- 16  1.22176E+01    1.95030E-02  -7.18970E-04   5.47670E-03  -1.24280E-02   1.46660E-02  -6.69380E-03
  77 <- 16  1.22288E+01    2.02140E-02  -7.71470E-04   5.75030E-03  -1.30870E-02   1.55020E-02  -7.08980E-03
  78 <- 16  1.22399E+01    2.07760E-02  -8.12200E-04   5.94510E-03  -1.35660E-02   1.61250E-02  -7.38800E-03
  79 <- 16  1.22508E+01    2.11910E-02  -8.40700E-04   6.06010E-03  -1.38640E-02   1.65320E-02  -7.58780E-03
  80 <- 16  1.22616E+01    2.14600E-02  -8.56160E-04   6.09290E-03  -1.39740E-02   1.67130E-02  -7.68350E-03
  81 <- 16  1.22722E+01    2.16030E-02  -8.60670E-04   6.05810E-03  -1.39300E-02   1.67100E-02  -7.69560E-03
  82 <- 16  1.22827E+01    2.16250E-02  -8.53380E-04   5.95500E-03  -1.37250E-02   1.65120E-02  -7.61650E-03
  83 <- 16  1.22930E+01    2.15200E-02  -8.34530E-04   5.78400E-03  -1.33630E-02   1.61220E-02  -7.44890E-03
  84 <- 16  1.23032E+01    2.13100E-02  -8.06870E-04   5.56260E-03  -1.28840E-02   1.55900E-02  -7.21580E-03
  85 <- 16  1.23132E+01    2.10110E-02  -7.72080E-04   5.30180E-03  -1.23130E-02   1.49450E-02  -6.93020E-03
  86 <- 16  1.23231E+01    2.06270E-02  -7.31380E-04   5.00860E-03  -1.16670E-02   1.42080E-02  -6.60180E-03
  87 <- 16  1.23329E+01    2.01640E-02  -6.85720E-04   4.68880E-03  -1.09590E-02   1.33920E-02  -6.23690E-03
  88 <- 16  1.23425E+01    1.96380E-02  -6.36980E-04   4.35430E-03  -1.02140E-02   1.25310E-02  -5.85020E-03
  89 <- 16  1.23520E+01    1.90480E-02  -5.85440E-04   4.00630E-03  -9.43640E-03   1.16250E-02  -5.44240E-03
  90 <- 16  1.23613E+01    1.84040E-02  -5.32760E-04   3.65440E-03  -8.64730E-03   1.07020E-02  -5.02590E-03
  91 <- 16  1.23705E+01    1.77150E-02  -4.79910E-04   3.30410E-03  -7.85920E-03   9.77720E-03  -4.60720E-03
  92 <- 16  1.23796E+01    1.69880E-02  -4.27850E-04   2.96080E-03  -7.08460E-03   8.86430E-03  -4.19310E-03
  93 <- 16  1.23885E+01    1.62260E-02  -3.77180E-04   2.62770E-03  -6.33060E-03   7.97220E-03  -3.78750E-03
  94 <- 16  1.23973E+01    1.54400E-02  -3.28510E-04   2.30870E-03  -5.60550E-03   7.11070E-03  -3.39460E-03
  95 <- 16  1.24060E+01    1.46350E-02  -2.82400E-04   2.00680E-03  -4.91640E-03   6.28820E-03  -3.01860E-03
  96 <- 16  1.24146E+01    1.38140E-02  -2.39150E-04   1.72340E-03  -4.26630E-03   5.50840E-03  -2.66080E-03
  97 <- 16  1.24230E+01    1.29800E-02  -1.98940E-04   1.45960E-03  -3.65770E-03   4.77440E-03  -2.32290E-03
  98 <- 16  1.24313E+01    1.21320E-02  -1.61720E-04   1.21480E-03  -3.08870E-03   4.08360E-03  -2.00340E-03
  99 <- 16  1.24395E+01    1.12630E-02  -1.27550E-04   9.88770E-04  -2.55870E-03   3.43470E-03  -1.70150E-03
  100 <- 16  1.24474E+01    1.03510E-02  -9.63070E-05   7.79420E-04  -2.06140E-03   2.81860E-03  -1.41260E-03
  101 <- 16  1.24550E+01    9.25010E-03  -6.66690E-05   5.72810E-04  -1.55680E-03   2.17660E-03  -1.10590E-03
  DE <- 16  1.24602E+01    1.49050E-01  -2.29380E-02   2.29700E-01  -5.77980E-01   7.34140E-01  -3.76050E-01
