# Analytic fits to MCCC calculations of electron scattering on molecular hydrogen and its isotopologues
# Adiabatic nuclei calculations performed with the spheroidal MCCC(210) model
# Reference: Scarlett et al. Atom. Data Nucl. Data Tables (2021)
# MCCC Database: mccc-db.org
# This file: e + D2(X1Sg,vi=19) -> e + D2(B1Su) all bound vf + dissociative excitation (DE)
#
# Fitting function: |(x-1)/x * (a0^2*log(x)/x + a1/x + a2/x^2 + a3/x^3 + a4/x^4 + a5/x^5)|
#                   where x = energy / threshold_energy
# Yields integrated cross section in atomic units

# vf    vi  threshold (eV)   a0            a1            a2            a3            a4            a5
   0 <- 19  6.74671E+00    1.88550E-08   9.86040E-06  -1.49850E-04   6.98430E-04  -1.24430E-03   7.43600E-04
   1 <- 19  6.86370E+00   -3.68830E-07   5.22280E-04  -8.05990E-03   3.69890E-02  -6.48040E-02   3.79720E-02
   2 <- 19  6.97826E+00   -1.63390E-07   1.71090E-05  -2.37170E-04   1.08620E-03  -1.98600E-03   1.25750E-03
   3 <- 19  7.09055E+00   -3.27610E-06   3.19370E-05  -4.06720E-04   1.81070E-03  -3.18510E-03   1.90190E-03
   4 <- 19  7.20066E+00    3.12420E-02   6.69450E-04  -6.09000E-03   1.80500E-02  -1.98820E-02   7.09270E-03
   5 <- 19  7.30863E+00    6.85380E-02  -4.85860E-03   2.19740E-02  -4.52000E-02   6.89100E-02  -4.15560E-02
   6 <- 19  7.41451E+00    1.74800E-01   2.92870E-03  -1.23380E-01   4.02970E-01  -4.56910E-01   1.80440E-01
   7 <- 19  7.51833E+00    7.10980E-01  -8.05350E-02  -7.11370E-01   3.16630E+00  -3.01710E+00   8.47840E-01
   8 <- 19  7.62012E+00    3.84080E-01  -1.54140E-01   7.33460E-01  -1.51400E+00   2.10950E+00  -1.11460E+00
   9 <- 19  7.71989E+00    1.45090E+00   1.01330E+00  -1.18820E+01   3.60020E+01  -3.99920E+01   1.61700E+01
  10 <- 19  7.81768E+00    2.07030E+00   2.67000E+00  -2.74420E+01   8.08980E+01  -8.96710E+01   3.63030E+01
  11 <- 19  7.91351E+00    4.23700E-01   8.81860E-01  -6.50920E+00   1.74670E+01  -2.05650E+01   8.99590E+00
  12 <- 19  8.00738E+00    2.89630E-01   5.06650E-01  -3.65430E+00   9.75060E+00  -1.13980E+01   4.95470E+00
  13 <- 19  8.09933E+00    9.76430E-01   9.52630E-01  -8.05580E+00   2.26590E+01  -2.49250E+01   1.00600E+01
  14 <- 19  8.18937E+00    1.23890E-01  -4.68470E-02   2.96100E-01  -7.05350E-01   9.13700E-01  -4.44630E-01
  15 <- 19  8.27753E+00    1.33540E-01   6.93320E-03  -1.35820E-01   4.04380E-01  -4.63030E-01   1.95430E-01
  16 <- 19  8.36383E+00    4.87250E-01  -7.37690E-03  -4.65420E-01   1.64450E+00  -1.57270E+00   5.13080E-01
  17 <- 19  8.44830E+00    3.66800E-01   1.75240E-03  -1.00630E-01   5.20580E-01  -3.77370E-01   5.57870E-02
  18 <- 19  8.53095E+00    3.23160E-01   3.63370E-02  -3.68030E-01   1.13970E+00  -1.18190E+00   4.48520E-01
  19 <- 19  8.61182E+00    2.31900E-02   4.39550E-04   8.69750E-05  -8.11130E-04   3.54430E-03  -2.82100E-03
  20 <- 19  8.69093E+00    1.52480E-01   7.47460E-03  -6.06900E-02   1.98470E-01  -1.99360E-01   7.54820E-02
  21 <- 19  8.76828E+00    3.05940E-01   2.87900E-02  -2.78140E-01   8.79430E-01  -9.00580E-01   3.44950E-01
  22 <- 19  8.84392E+00    3.17350E-01   2.99120E-02  -2.67820E-01   8.35980E-01  -8.21310E-01   2.98730E-01
  23 <- 19  8.91786E+00    2.58700E-01   2.22320E-02  -1.97210E-01   6.06710E-01  -6.16610E-01   2.31680E-01
  24 <- 19  8.99012E+00    1.37790E-01   4.15050E-03  -4.08470E-02   1.30240E-01  -1.26360E-01   4.31610E-02
  25 <- 19  9.06073E+00    6.96170E-03  -5.11480E-05   1.40600E-04   2.08720E-04  -1.24990E-03   1.09110E-03
  26 <- 19  9.12970E+00    1.07550E-01   8.80680E-03  -5.93460E-02   1.67940E-01  -1.78270E-01   7.36860E-02
  27 <- 19  9.19706E+00    1.88800E-01   2.14220E-02  -1.47830E-01   4.17080E-01  -4.25630E-01   1.65660E-01
  28 <- 19  9.26282E+00    2.29410E-01   3.10660E-02  -2.13390E-01   5.91690E-01  -5.93930E-01   2.24370E-01
  29 <- 19  9.32701E+00    2.29590E-01   3.28880E-02  -2.20940E-01   6.00140E-01  -5.99460E-01   2.23530E-01
  30 <- 19  9.38962E+00    1.99410E-01   2.55240E-02  -1.69960E-01   4.55850E-01  -4.56600E-01   1.69830E-01
  31 <- 19  9.45068E+00    1.48650E-01   1.35940E-02  -9.13440E-02   2.44280E-01  -2.46630E-01   9.21030E-02
  32 <- 19  9.51019E+00    8.83300E-02   3.28980E-03  -2.44640E-02   6.58470E-02  -6.50140E-02   2.33060E-02
  33 <- 19  9.56816E+00    2.50390E-02  -2.30310E-04   5.34720E-04  -1.10960E-03   1.37480E-03  -5.90550E-04
  34 <- 19  9.62459E+00    3.41790E-02   1.64690E-03  -9.36480E-03   2.42340E-02  -2.39260E-02   9.18580E-03
  35 <- 19  9.67947E+00    8.42450E-02   6.19630E-03  -3.78250E-02   9.87070E-02  -9.63900E-02   3.53530E-02
  36 <- 19  9.73280E+00    1.21910E-01   1.13950E-02  -7.12290E-02   1.85680E-01  -1.81050E-01   6.58300E-02
  37 <- 19  9.78456E+00    1.45910E-01   1.62510E-02  -1.01770E-01   2.64240E-01  -2.60310E-01   9.58160E-02
  38 <- 19  9.83472E+00    1.56260E-01   2.06550E-02  -1.27480E-01   3.30420E-01  -3.35160E-01   1.28070E-01
  39 <- 19  9.88324E+00    1.57310E-01   2.07280E-02  -1.27830E-01   3.27790E-01  -3.29970E-01   1.25130E-01
  40 <- 19  9.93006E+00    1.48350E-01   1.99890E-02  -1.21880E-01   3.11380E-01  -3.18650E-01   1.23490E-01
  41 <- 19  9.97510E+00    1.33640E-01   1.66360E-02  -1.01090E-01   2.56640E-01  -2.63320E-01   1.02600E-01
  42 <- 19  1.00182E+01    1.14340E-01   1.27530E-02  -7.71510E-02   1.95240E-01  -2.02270E-01   7.99260E-02
  43 <- 19  1.00594E+01    9.26790E-02   8.85470E-03  -5.33620E-02   1.34790E-01  -1.41470E-01   5.69190E-02
  44 <- 19  1.00982E+01    7.03560E-02   5.52670E-03  -3.31480E-02   8.36740E-02  -8.94440E-02   3.68590E-02
  45 <- 19  1.01346E+01    4.88480E-02   3.02170E-03  -1.79960E-02   4.54180E-02  -4.97810E-02   2.11630E-02
  46 <- 19  1.01680E+01    2.93950E-02   1.36410E-03  -8.03260E-03   2.02530E-02  -2.29650E-02   1.01590E-02
  47 <- 19  1.01980E+01    1.28040E-02   4.54350E-04  -2.61430E-03   6.58730E-03  -7.86720E-03   3.67070E-03
  48 <- 19  1.02238E+01    3.67290E-07   3.51250E-05  -2.26530E-04   6.13500E-04  -7.90810E-04   3.89210E-04
  49 <- 19  1.02443E+01    6.23810E-03  -1.60650E-05   8.47310E-05  -1.84860E-04   4.78450E-04  -3.64570E-04
  50 <- 19  1.02583E+01    8.80090E-03  -1.22730E-06  -1.88330E-05   8.16300E-05   2.49400E-04  -2.96840E-04
  51 <- 19  1.02651E+01    6.67880E-03   5.05310E-06  -4.43820E-05   1.29560E-04   2.64390E-05  -1.05550E-04
  52 <- 19  1.02678E+01    4.72200E-03   3.47370E-06  -2.76650E-05   7.83230E-05  -5.74660E-06  -4.23420E-05
  53 <- 19  1.02690E+01    3.42850E-03   2.05130E-06  -1.58540E-05   4.44340E-05  -7.40390E-06  -1.99320E-05
  54 <- 19  1.02697E+01    2.43620E-03   1.08950E-06  -8.31470E-06   2.32030E-05  -4.80400E-06  -9.48230E-06
  55 <- 19  1.02700E+01    1.69030E-03   5.36500E-07  -4.07200E-06   1.13420E-05  -2.55190E-06  -4.43390E-06
  56 <- 19  1.02701E+01    1.59710E-03   4.84780E-07  -3.66930E-06   1.02100E-05  -2.39660E-06  -3.89320E-06
  DE <- 19  1.02702E+01    6.78450E-01   1.45460E-01  -2.01070E+00   5.27500E+00  -5.11020E+00   1.69960E+00
