# Analytic fits to MCCC calculations of electron scattering on molecular hydrogen and its isotopologues
# Adiabatic nuclei calculations performed with the spheroidal MCCC(210) model
# Reference: Scarlett et al. Atom. Data Nucl. Data Tables (2021)
# MCCC Database: mccc-db.org
# This file: e + D2(X1Sg,vi=15) -> e + D2(B1Su) all bound vf + dissociative excitation (DE)
#
# Fitting function: |(x-1)/x * (a0^2*log(x)/x + a1/x + a2/x^2 + a3/x^3 + a4/x^4 + a5/x^5)|
#                   where x = energy / threshold_energy
# Yields integrated cross section in atomic units

# vf    vi  threshold (eV)   a0            a1            a2            a3            a4            a5
   0 <- 15  7.19077E+00   -5.37690E-09   3.65320E-05  -5.21200E-04   2.44560E-03  -4.33510E-03   2.55170E-03
   1 <- 15  7.30776E+00    4.00800E-06   6.38410E-04  -9.77480E-03   4.47210E-02  -7.80870E-02   4.55980E-02
   2 <- 15  7.42232E+00    9.28950E-02   4.12780E-03  -5.08150E-02   1.50290E-01  -1.65810E-01   6.29470E-02
   3 <- 15  7.53461E+00    6.28580E-01  -7.11480E-02  -5.23250E-01   2.29350E+00  -2.03900E+00   4.41120E-01
   4 <- 15  7.64471E+00    1.75550E+00  -3.14440E-01  -4.89740E+00   2.02100E+01  -1.87040E+01   5.15430E+00
   5 <- 15  7.75269E+00    2.28740E+00  -5.49490E-01  -7.51590E+00   3.16310E+01  -2.84620E+01   7.56460E+00
   6 <- 15  7.85857E+00    5.32080E-01   6.03760E-02  -1.01040E+00   3.17100E+00  -3.22670E+00   1.11290E+00
   7 <- 15  7.96239E+00    1.27340E+00  -3.01100E-02  -2.48930E+00   1.01110E+01  -8.96850E+00   2.38830E+00
   8 <- 15  8.06417E+00    2.32000E-02   2.91010E-03  -1.55260E-02   6.07290E-02  -9.29960E-02   5.79060E-02
   9 <- 15  8.16395E+00    9.25560E-01   5.24620E-02  -1.58630E+00   5.70500E+00  -4.99510E+00   1.31020E+00
  10 <- 15  8.26174E+00    7.14780E-01   7.01570E-02  -1.08000E+00   3.74450E+00  -3.38520E+00   1.01050E+00
  11 <- 15  8.35756E+00    6.90510E-02  -3.70260E-04  -8.24910E-03   3.90410E-02  -5.41990E-02   2.61230E-02
  12 <- 15  8.45144E+00    6.45750E-01   4.65890E-02  -8.12020E-01   2.88250E+00  -2.73890E+00   9.02410E-01
  13 <- 15  8.54338E+00    6.81160E-01   1.04320E-01  -1.14220E+00   3.77040E+00  -3.68930E+00   1.29000E+00
  14 <- 15  8.63342E+00    3.20080E-01   3.10890E-02  -2.81710E-01   8.74850E-01  -8.36140E-01   2.78270E-01
  15 <- 15  8.72158E+00    1.39540E-01   5.28360E-03  -5.66240E-02   1.96050E-01  -2.21970E-01   9.96590E-02
  16 <- 15  8.80789E+00    4.63770E-01   5.86040E-02  -5.68210E-01   1.81860E+00  -1.82330E+00   6.87780E-01
  17 <- 15  8.89235E+00    5.48190E-01   9.95410E-02  -8.66680E-01   2.67450E+00  -2.68510E+00   1.00190E+00
  18 <- 15  8.97501E+00    4.24580E-01   6.63210E-02  -5.45530E-01   1.64750E+00  -1.66700E+00   6.19920E-01
  19 <- 15  9.05588E+00    1.87950E-01   7.35360E-03  -7.47500E-02   2.31740E-01  -2.20110E-01   7.05540E-02
  20 <- 15  9.13498E+00    6.67150E-02   7.09620E-03  -4.26850E-02   1.18010E-01  -1.32520E-01   6.00040E-02
  21 <- 15  9.21234E+00    2.71280E-01   5.05090E-02  -3.38620E-01   9.39950E-01  -9.61710E-01   3.76860E-01
  22 <- 15  9.28798E+00    3.84310E-01   8.72370E-02  -5.98240E-01   1.64770E+00  -1.64230E+00   6.14930E-01
  23 <- 15  9.36192E+00    4.00630E-01   9.01760E-02  -6.21080E-01   1.69530E+00  -1.67590E+00   6.15960E-01
  24 <- 15  9.43418E+00    3.36970E-01   6.47590E-02  -4.42860E-01   1.20050E+00  -1.20120E+00   4.46150E-01
  25 <- 15  9.50479E+00    2.24940E-01   2.49660E-02  -1.76230E-01   4.73520E-01  -4.66730E-01   1.69050E-01
  26 <- 15  9.57376E+00    9.09230E-02   2.03370E-03  -1.83530E-02   4.92790E-02  -4.70610E-02   1.62510E-02
  27 <- 15  9.64112E+00    4.05580E-02   2.43050E-03  -1.36020E-02   3.50170E-02  -3.33990E-02   1.22740E-02
  28 <- 15  9.70688E+00    1.50740E-01   1.94540E-02  -1.18690E-01   3.07330E-01  -2.98320E-01   1.07560E-01
  29 <- 15  9.77106E+00    2.29240E-01   4.27010E-02  -2.63750E-01   6.81690E-01  -6.72130E-01   2.46780E-01
  30 <- 15  9.83367E+00    2.71480E-01   6.49470E-02  -3.97880E-01   1.03070E+00  -1.05120E+00   4.03320E-01
  31 <- 15  9.89473E+00    2.84650E-01   6.83950E-02  -4.21400E-01   1.08320E+00  -1.09720E+00   4.18560E-01
  32 <- 15  9.95424E+00    2.69400E-01   6.17690E-02  -3.80450E-01   9.73210E-01  -9.90630E-01   3.81800E-01
  33 <- 15  1.00122E+01    2.32640E-01   4.82180E-02  -2.95690E-01   7.54360E-01  -7.78710E-01   3.06770E-01
  34 <- 15  1.00686E+01    1.81780E-01   3.18350E-02  -1.93880E-01   4.94010E-01  -5.20970E-01   2.11620E-01
  35 <- 15  1.01235E+01    1.23460E-01   1.68670E-02  -1.01620E-01   2.59030E-01  -2.82280E-01   1.19680E-01
  36 <- 15  1.01769E+01    6.35120E-02   5.97850E-03  -3.53830E-02   9.03050E-02  -1.03820E-01   4.68730E-02
  37 <- 15  1.02286E+01    1.62010E-06   5.71650E-04  -3.26820E-03   8.68380E-03  -1.13900E-02   5.71750E-03
  38 <- 15  1.02788E+01    4.24060E-02   7.08770E-04  -4.52450E-03   1.17910E-02  -6.56770E-03  -8.83980E-04
  39 <- 15  1.03273E+01    8.49280E-02   5.30360E-03  -3.23110E-02   8.34940E-02  -7.79220E-02   2.52640E-02
  40 <- 15  1.03741E+01    1.19930E-01   1.09370E-02  -6.70520E-02   1.71650E-01  -1.64900E-01   5.76180E-02
  41 <- 15  1.04192E+01    1.44740E-01   1.77910E-02  -1.08220E-01   2.77430E-01  -2.77710E-01   1.04050E-01
  42 <- 15  1.04623E+01    1.61120E-01   2.34120E-02  -1.42010E-01   3.64250E-01  -3.72500E-01   1.44510E-01
  43 <- 15  1.05034E+01    1.69590E-01   2.71970E-02  -1.64670E-01   4.22690E-01  -4.39120E-01   1.74570E-01
  44 <- 15  1.05423E+01    1.71270E-01   2.86470E-02  -1.73400E-01   4.45320E-01  -4.67720E-01   1.89170E-01
  45 <- 15  1.05786E+01    1.67040E-01   2.81110E-02  -1.70120E-01   4.37180E-01  -4.63670E-01   1.90270E-01
  46 <- 15  1.06121E+01    1.57930E-01   2.59060E-02  -1.56730E-01   4.03040E-01  -4.31190E-01   1.79160E-01
  47 <- 15  1.06420E+01    1.44770E-01   2.24160E-02  -1.35570E-01   3.48840E-01  -3.76030E-01   1.57880E-01
  48 <- 15  1.06678E+01    1.27960E-01   1.80000E-02  -1.08820E-01   2.80140E-01  -3.03920E-01   1.28700E-01
  49 <- 15  1.06884E+01    1.07000E-01   1.28880E-02  -7.78780E-02   2.00560E-01  -2.18700E-01   9.32270E-02
  50 <- 15  1.07023E+01    7.96930E-02   7.27220E-03  -4.39300E-02   1.13160E-01  -1.23810E-01   5.30070E-02
  51 <- 15  1.07092E+01    4.91190E-02   2.78750E-03  -1.68350E-02   4.33700E-02  -4.75320E-02   2.03940E-02
  52 <- 15  1.07118E+01    3.23260E-02   1.21140E-03  -7.31610E-03   1.88480E-02  -2.06700E-02   8.87540E-03
  53 <- 15  1.07131E+01    2.27250E-02   5.99710E-04  -3.62160E-03   9.33000E-03  -1.02350E-02   4.39660E-03
  54 <- 15  1.07137E+01    1.58970E-02   2.93700E-04  -1.77360E-03   4.56920E-03  -5.01320E-03   2.15390E-03
  55 <- 15  1.07140E+01    1.09470E-02   1.39330E-04  -8.41380E-04   2.16760E-03  -2.37840E-03   1.02190E-03
  56 <- 15  1.07142E+01    1.02990E-02   1.23350E-04  -7.44850E-04   1.91890E-03  -2.10560E-03   9.04800E-04
  DE <- 15  1.07142E+01    9.07120E-01   4.35530E-01  -4.58200E+00   1.19180E+01  -1.23220E+01   4.58760E+00
