# Analytic fits to MCCC calculations of electron scattering on molecular hydrogen and its isotopologues
# Adiabatic nuclei calculations performed with the spheroidal MCCC(210) model
# Reference: Scarlett et al. Atom. Data Nucl. Data Tables (2021)
# MCCC Database: mccc-db.org
# This file: e + D2(X1Sg,vi=0) -> e + D2(EF1Sg) all bound vf + dissociative excitation (DE)
#
# Fitting function: |(x-1)/x * (a0^2*log(x)/x + a1/x + a2/x^2 + a3/x^3 + a4/x^4 + a5/x^5)|
#                   where x = energy / threshold_energy
# Yields integrated cross section in atomic units

# vf    vi  threshold (eV)   a0            a1            a2            a3            a4            a5
   0 <-  0  1.23342E+01    7.64600E-07   1.30280E-01  -4.66340E-01   1.05960E+00  -1.27040E+00   7.30430E-01
   1 <-  0  1.23783E+01   -7.42210E-11   1.78810E-11  -6.56920E-11   1.55320E-10  -1.93660E-10   1.12320E-10
   2 <-  0  1.24846E+01   -2.23970E-10   2.63530E-09  -1.02390E-08   2.61860E-08  -3.49790E-08   2.05720E-08
   3 <-  0  1.25435E+01    4.17990E-06   2.50520E-01  -9.91500E-01   2.60610E+00  -3.56390E+00   2.10980E+00
   4 <-  0  1.25874E+01   -4.74490E-10   3.21040E-07  -1.28830E-06   3.45310E-06  -4.79690E-06   2.85100E-06
   5 <-  0  1.26868E+01    2.75330E-08   8.11800E-06  -3.34850E-05   9.32460E-05  -1.33370E-04   7.98400E-05
   6 <-  0  1.27407E+01   -4.35130E-06   2.81370E-01  -1.17900E+00   3.35030E+00  -4.85940E+00   2.91710E+00
   7 <-  0  1.27825E+01   -4.22310E-07   2.53600E-04  -1.08110E-03   3.12930E-03  -4.59000E-03   2.75750E-03
   8 <-  0  1.28734E+01   -2.36280E-06   2.37770E-03  -1.04910E-02   3.14480E-02  -4.70400E-02   2.82770E-02
   9 <-  0  1.29196E+01    4.88970E-05   2.21950E-01  -9.94830E-01   3.02750E+00  -4.56390E+00   2.74320E+00
  10 <-  0  1.29621E+01    1.31210E-05   1.98760E-02  -8.99070E-02   2.76340E-01  -4.18780E-01   2.51800E-01
  11 <-  0  1.30362E+01    2.87920E-06   4.10100E-02  -1.85260E-01   5.72730E-01  -8.71740E-01   5.25510E-01
  12 <-  0  1.30853E+01   -2.14950E-06   1.03870E-01  -4.64800E-01   1.43440E+00  -2.18450E+00   1.32030E+00
  13 <-  0  1.31414E+01   -1.70800E-05   6.09470E-02  -2.67610E-01   8.19780E-01  -1.24630E+00   7.56230E-01
  14 <-  0  1.32063E+01   -5.34790E-07   5.46230E-02  -2.31700E-01   6.97720E-01  -1.05530E+00   6.44680E-01
  15 <-  0  1.32672E+01    6.27670E-07   5.85150E-02  -2.44270E-01   7.31180E-01  -1.10390E+00   6.76700E-01
  16 <-  0  1.33283E+01    3.45280E-07   5.02940E-02  -2.07790E-01   6.20020E-01  -9.34480E-01   5.73830E-01
  17 <-  0  1.33912E+01    2.48290E-06   4.24630E-02  -1.72510E-01   5.10460E-01  -7.65840E-01   4.71380E-01
  18 <-  0  1.34537E+01   -2.61520E-05   3.76250E-02  -1.47140E-01   4.24670E-01  -6.29580E-01   3.89910E-01
  19 <-  0  1.35155E+01    1.73190E-05   3.23830E-02  -1.17960E-01   3.22640E-01  -4.66200E-01   2.92900E-01
  20 <-  0  1.35769E+01   -2.30240E-06   2.69140E-02  -8.89960E-02   2.23030E-01  -3.07700E-01   1.98390E-01
  21 <-  0  1.36379E+01    5.75540E-07   2.22520E-02  -6.46570E-02   1.39540E-01  -1.74910E-01   1.19080E-01
  22 <-  0  1.36982E+01    8.41150E-06   1.83810E-02  -4.45740E-02   7.06410E-02  -6.53600E-02   5.36580E-02
  23 <-  0  1.37577E+01    9.70280E-03   1.49200E-02  -2.99560E-02   2.68610E-02   5.44510E-04   1.39140E-02
  24 <-  0  1.38164E+01    3.16520E-02   8.97820E-03  -5.88950E-03  -3.34550E-02   7.92650E-02  -2.82500E-02
  25 <-  0  1.38741E+01    4.32830E-02   3.53150E-03   1.62890E-02  -8.88200E-02   1.50900E-01  -6.61370E-02
  26 <-  0  1.39310E+01    5.09990E-02  -1.02090E-03   3.46270E-02  -1.34110E-01   2.08900E-01  -9.66840E-02
  27 <-  0  1.39868E+01    5.58950E-02  -4.50570E-03   4.81680E-02  -1.66710E-01   2.49910E-01  -1.18400E-01
  28 <-  0  1.40415E+01    5.86950E-02  -6.97880E-03   5.71040E-02  -1.87100E-01   2.74600E-01  -1.31720E-01
  29 <-  0  1.40952E+01    5.94940E-02  -8.38200E-03   6.11180E-02  -1.94480E-01   2.82060E-01  -1.36300E-01
  30 <-  0  1.41477E+01    5.94440E-02  -9.22680E-03   6.27390E-02  -1.95720E-01   2.81470E-01  -1.36710E-01
  31 <-  0  1.41991E+01    5.92360E-02  -9.85340E-03   6.36080E-02  -1.95170E-01   2.78540E-01  -1.35730E-01
  32 <-  0  1.42493E+01    5.80820E-02  -9.93120E-03   6.20200E-02  -1.88180E-01   2.67100E-01  -1.30390E-01
  33 <-  0  1.42982E+01    5.61160E-02  -9.56510E-03   5.84720E-02  -1.76130E-01   2.49060E-01  -1.21710E-01
  34 <-  0  1.43458E+01    5.39190E-02  -9.04920E-03   5.43970E-02  -1.62860E-01   2.29530E-01  -1.12200E-01
  35 <-  0  1.43921E+01    5.15310E-02  -8.42510E-03   4.99830E-02  -1.48910E-01   2.09270E-01  -1.02310E-01
  36 <-  0  1.44369E+01    4.90140E-02  -7.73900E-03   4.54330E-02  -1.34810E-01   1.88980E-01  -9.23660E-02
  37 <-  0  1.44802E+01    4.63580E-02  -7.00480E-03   4.07940E-02  -1.20660E-01   1.68800E-01  -8.24660E-02
  38 <-  0  1.45219E+01    4.36860E-02  -6.28010E-03   3.63320E-02  -1.07170E-01   1.49630E-01  -7.30530E-02
  39 <-  0  1.45618E+01    4.07420E-02  -5.49400E-03   3.16750E-02  -9.33110E-02   1.30140E-01  -6.34890E-02
  40 <-  0  1.45997E+01    3.78030E-02  -4.75050E-03   2.73230E-02  -8.04260E-02   1.12070E-01  -5.46290E-02
  41 <-  0  1.46353E+01    3.47740E-02  -4.02950E-03   2.31590E-02  -6.81640E-02   9.49310E-02  -4.62380E-02
  42 <-  0  1.46683E+01    3.14030E-02  -3.28120E-03   1.89170E-02  -5.57860E-02   7.77430E-02  -3.78360E-02
  43 <-  0  1.46981E+01    2.69390E-02  -2.37940E-03   1.39490E-02  -4.15160E-02   5.81250E-02  -2.82700E-02
  44 <-  0  1.47238E+01    2.39060E-02  -1.88030E-03   1.09920E-02  -3.26640E-02   4.56630E-02  -2.21790E-02
  45 <-  0  1.47444E+01    1.96050E-02  -1.25910E-03   7.39970E-03  -2.20500E-02   3.08550E-02  -1.49720E-02
  46 <-  0  1.47573E+01    1.31870E-02  -5.71710E-04   3.34820E-03  -9.95680E-03   1.39130E-02  -6.74550E-03
  DE <-  0  1.47600E+01    8.47620E-02  -2.33450E-02   1.29170E-01  -3.56260E-01   4.61120E-01  -2.04610E-01
