# Analytic fits to MCCC calculations of electron scattering on molecular hydrogen
# Adiabatic nuclei calculations performed with the spheroidal MCCC(210) model
# Reference: Scarlett et al. Atom. Data Nucl. Data Tables (2021)
# MCCC Database: mccc-db.org
# This file: e + H2(X1Sg,vi=11) -> e + H2(B1Su) all bound vf + dissociative excitation (DE)
#
# Fitting function: |(x-1)/x * (a0^2*log(x)/x + a1/x + a2/x^2 + a3/x^3 + a4/x^4 + a5/x^5)|
#                   where x = energy / threshold_energy
# Yields integrated cross section in atomic units

# vf    vi  threshold (eV)   a0            a1            a2            a3            a4            a5
   0 <- 11  7.10492E+00    9.75040E-03  -1.57690E-04   7.60470E-04  -1.66940E-03   2.86640E-03  -1.85610E-03
   1 <- 11  7.26881E+00    1.61140E-02   1.68530E-04  -3.04580E-03   1.10560E-02  -1.93770E-02   1.33330E-02
   2 <- 11  7.42806E+00    4.08210E-01   1.35100E-02  -5.57120E-01   1.84900E+00  -1.90940E+00   6.29270E-01
   3 <- 11  7.58296E+00    1.69610E+00  -3.76540E-01  -4.46590E+00   1.89950E+01  -1.83490E+01   5.53720E+00
   4 <- 11  7.73365E+00    2.55310E+00  -1.60410E-01  -1.30300E+01   4.88450E+01  -4.64900E+01   1.41350E+01
   5 <- 11  7.88022E+00    6.33970E-01   9.54790E-02  -1.58260E+00   4.92320E+00  -5.29760E+00   2.01820E+00
   6 <- 11  8.02274E+00    1.26290E+00  -1.38150E-01  -1.66530E+00   7.68410E+00  -5.99860E+00   9.77210E-01
   7 <- 11  8.16127E+00    4.15110E-01   1.23990E-02  -2.82410E-01   1.07150E+00  -8.81270E-01   2.15150E-01
   8 <- 11  8.29587E+00    5.67890E-01   1.08230E-02  -5.54240E-01   2.01150E+00  -1.77430E+00   4.77430E-01
   9 <- 11  8.42661E+00    8.56810E-01   7.73120E-02  -1.38220E+00   4.95490E+00  -4.62270E+00   1.47130E+00
  10 <- 11  8.55354E+00    5.59990E-01   5.65300E-02  -6.79910E-01   2.35830E+00  -2.33460E+00   8.37790E-01
  11 <- 11  8.67673E+00    5.52450E-02  -2.23470E-04  -7.81730E-04   9.88850E-03  -1.26870E-02   6.10950E-03
  12 <- 11  8.79624E+00    3.56230E-01   5.37160E-02  -4.37800E-01   1.31350E+00  -1.31480E+00   4.90780E-01
  13 <- 11  8.91213E+00    5.48410E-01   1.41150E-01  -1.08120E+00   3.18930E+00  -3.24410E+00   1.24160E+00
  14 <- 11  9.02447E+00    5.28150E-01   1.54290E-01  -1.10760E+00   3.18720E+00  -3.30290E+00   1.29200E+00
  15 <- 11  9.13333E+00    3.73440E-01   7.75630E-02  -5.44080E-01   1.52320E+00  -1.55390E+00   5.93280E-01
  16 <- 11  9.23877E+00    1.60170E-01   1.36530E-02  -9.34540E-02   2.47600E-01  -2.45800E-01   8.88670E-02
  17 <- 11  9.34086E+00    4.84380E-02   1.56460E-03  -1.14430E-02   3.64240E-02  -3.84920E-02   1.81630E-02
  18 <- 11  9.43964E+00    2.08600E-01   3.39980E-02  -2.21770E-01   6.20440E-01  -6.48470E-01   2.63040E-01
  19 <- 11  9.53518E+00    3.10460E-01   7.57340E-02  -4.85630E-01   1.31950E+00  -1.36000E+00   5.35710E-01
  20 <- 11  9.62754E+00    3.54280E-01   9.73640E-02  -6.19540E-01   1.64720E+00  -1.67050E+00   6.41800E-01
  21 <- 11  9.71674E+00    3.48160E-01   9.54660E-02  -6.02620E-01   1.57470E+00  -1.58700E+00   6.03190E-01
  22 <- 11  9.80283E+00    3.04870E-01   7.83440E-02  -4.88640E-01   1.26140E+00  -1.28470E+00   4.93920E-01
  23 <- 11  9.88583E+00    2.39800E-01   5.21510E-02  -3.22270E-01   8.22290E-01  -8.47690E-01   3.30830E-01
  24 <- 11  9.96576E+00    1.66030E-01   2.55440E-02  -1.58040E-01   3.95250E-01  -4.06350E-01   1.58660E-01
  25 <- 11  1.00426E+01    9.00960E-02   8.73010E-03  -5.36830E-02   1.30710E-01  -1.36890E-01   5.51030E-02
  26 <- 11  1.01163E+01    1.98350E-02   8.07030E-04  -4.92360E-03   1.06880E-02  -1.11200E-02   4.70320E-03
  27 <- 11  1.01868E+01    4.33890E-02  -2.75420E-04   8.39710E-04  -2.94300E-04   7.21610E-03  -6.31820E-03
  28 <- 11  1.02540E+01    9.27680E-02   3.26430E-03  -2.20020E-02   6.03990E-02  -4.83350E-02   1.15180E-02
  29 <- 11  1.03176E+01    1.29480E-01   9.44130E-03  -6.03320E-02   1.59820E-01  -1.48710E-01   4.92960E-02
  30 <- 11  1.03774E+01    1.54860E-01   1.50370E-02  -9.52500E-02   2.48520E-01  -2.38230E-01   8.33020E-02
  31 <- 11  1.04329E+01    1.68330E-01   2.00240E-02  -1.25230E-01   3.24860E-01  -3.21470E-01   1.18060E-01
  32 <- 11  1.04833E+01    1.71960E-01   2.19960E-02  -1.37110E-01   3.53820E-01  -3.54270E-01   1.32640E-01
  33 <- 11  1.05275E+01    1.65750E-01   2.09250E-02  -1.30440E-01   3.35160E-01  -3.37230E-01   1.27500E-01
  34 <- 11  1.05634E+01    1.48080E-01   1.70320E-02  -1.06180E-01   2.72060E-01  -2.74940E-01   1.04820E-01
  35 <- 11  1.05881E+01    1.13280E-01   1.01190E-02  -6.30810E-02   1.61380E-01  -1.63660E-01   6.27860E-02
  36 <- 11  1.05989E+01    6.04490E-02   2.90120E-03  -1.80860E-02   4.62440E-02  -4.69730E-02   1.80730E-02
  37 <- 11  1.06019E+01    3.51440E-02   9.82620E-04  -6.12530E-03   1.56590E-02  -1.59140E-02   6.12780E-03
  38 <- 11  1.06030E+01    2.13630E-02   3.63280E-04  -2.26460E-03   5.78900E-03  -5.88390E-03   2.26630E-03
  39 <- 11  1.06034E+01    1.38100E-02   1.51890E-04  -9.46800E-04   2.42030E-03  -2.46020E-03   9.47720E-04
  DE <- 11  1.06035E+01    9.22150E-01   4.18020E-01  -4.44360E+00   1.15570E+01  -1.17740E+01   4.28660E+00
