# Analytic fits to MCCC calculations of electron scattering on molecular hydrogen
# Adiabatic nuclei calculations performed with the spheroidal MCCC(210) model
# Reference: Scarlett et al. Atom. Data Nucl. Data Tables (2021)
# MCCC Database: mccc-db.org
# This file: e + H2(X1Sg,vi=13) -> e + H2(H1Sg) all bound vf + dissociative excitation (DE)
#
# Fitting function: |(x-1)/x * (a0^2*log(x)/x + a1/x + a2/x^2 + a3/x^3 + a4/x^4 + a5/x^5)|
#                   where x = energy / threshold_energy
# Yields integrated cross section in atomic units

# vf    vi  threshold (eV)   a0            a1            a2            a3            a4            a5
   0 <- 13  9.62846E+00    1.31820E-07   2.95320E-09  -3.98390E-08   1.92680E-07  -3.97940E-07   2.96330E-07
   1 <- 13  9.90352E+00   -1.28970E-05  -4.37030E-08   2.27520E-06  -1.51390E-05   3.29110E-05  -2.00630E-05
   2 <- 13  1.01526E+01    3.31340E-07  -5.32230E-07   3.05160E-05  -2.14800E-04   4.86870E-04  -2.99420E-04
   3 <- 13  1.03695E+01   -1.58320E-08  -3.33270E-07   1.13280E-05  -8.86520E-05   2.28900E-04  -1.28830E-04
   4 <- 13  1.05695E+01    1.24660E-02  -3.68160E-04   7.29550E-04  -4.09730E-04  -3.60190E-05   9.54580E-05
   5 <- 13  1.07582E+01    2.65670E-06   1.19420E-04   2.06910E-03  -7.98900E-03   9.85720E-03  -4.09020E-03
   6 <- 13  1.08549E+01   -2.56540E-11   1.07880E-11  -3.27100E-11   8.98060E-11  -1.36050E-10   8.12200E-11
   7 <- 13  1.08991E+01    6.20630E-10   1.52320E-10  -4.72580E-10   1.27830E-09  -1.90980E-09   1.12950E-09
   8 <- 13  1.09313E+01    2.75190E-02  -3.42080E-03   2.76360E-02  -6.99560E-02   8.44350E-02  -3.88530E-02
   9 <- 13  1.09435E+01    1.51140E-09   9.90040E-10  -3.14700E-09   8.32260E-09  -1.21880E-08   7.11680E-09
  10 <- 13  1.09860E+01    4.84130E-09   4.04160E-09  -1.31490E-08   3.37890E-08  -4.82520E-08   2.77260E-08
  11 <- 13  1.10262E+01   -2.14500E-08   1.26980E-08  -4.21540E-08   1.04900E-07  -1.45560E-07   8.20820E-08
  12 <- 13  1.10651E+01   -1.47110E-09   3.47640E-08  -1.17180E-07   2.82110E-07  -3.79930E-07   2.09840E-07
  13 <- 13  1.10883E+01   -8.43610E-06   2.47240E-02  -3.27040E-02   3.55550E-02  -6.94810E-02   5.71220E-02
  14 <- 13  1.11024E+01    1.77840E-09   8.67930E-08  -2.94970E-07   6.87770E-07  -8.99950E-07   4.86730E-07
  15 <- 13  1.11385E+01    2.19730E-09   2.09430E-07  -7.10590E-07   1.60670E-06  -2.04890E-06   1.08660E-06
  16 <- 13  1.11734E+01   -3.92590E-09   4.95300E-07  -1.65540E-06   3.62750E-06  -4.52440E-06   2.35920E-06
  17 <- 13  1.12072E+01   -3.48680E-09   1.23200E-06  -3.90690E-06   8.21250E-06  -1.00800E-05   5.21660E-06
  18 <- 13  1.12275E+01   -6.84050E-06   2.27450E-01   2.10220E-01  -1.04910E+00   1.11440E+00  -3.55560E-01
  19 <- 13  1.12402E+01   -4.38810E-09   2.20600E-06  -7.90440E-06   1.69010E-05  -2.00150E-05   9.80780E-06
  20 <- 13  1.12722E+01   -7.71080E-09   6.39480E-06  -2.03770E-05   4.11090E-05  -4.84790E-05   2.39850E-05
  21 <- 13  1.13033E+01   -3.99760E-08   2.01530E-05  -5.83390E-05   1.12190E-04  -1.32810E-04   6.64800E-05
  22 <- 13  1.13335E+01    1.87110E-06   1.69510E-04  -3.96720E-04   7.22330E-04  -9.18480E-04   4.95670E-04
  23 <- 13  1.13457E+01    5.35630E-06   1.42510E-01  -2.57570E-01   4.69280E-01  -6.89720E-01   4.13400E-01
  24 <- 13  1.13627E+01    1.83610E-03  -3.89100E-06   7.87640E-05  -1.49180E-04   1.17860E-04  -2.45800E-05
  25 <- 13  1.13908E+01    2.05100E-03   8.73340E-06  -5.84350E-05   8.92100E-05  -3.38960E-05  -4.67420E-06
  26 <- 13  1.14166E+01    6.24000E-03   6.36700E-05  -4.91980E-04   7.47550E-04  -1.71790E-04  -1.51970E-04
  27 <- 13  1.14329E+01    4.64660E-03   5.66850E-04  -4.77480E-03   1.20420E-02  -9.53580E-03   1.61710E-03
  28 <- 13  1.14476E+01   -6.09270E-08   4.99060E-06  -1.89330E-04   1.79020E-03   1.62370E-04  -1.88700E-03
  29 <- 13  1.14700E+01    8.90960E-03  -1.71260E-04   3.35760E-03  -7.39960E-03   8.91770E-03  -4.82630E-03
  30 <- 13  1.14916E+01    1.09390E-02   8.79070E-05   6.35280E-03  -1.69320E-02   2.09190E-02  -1.06400E-02
  31 <- 13  1.15123E+01    1.19750E-02   3.75390E-04   9.03320E-03  -2.66650E-02   3.42860E-02  -1.73150E-02
  32 <- 13  1.15332E+01    9.67190E-03   6.51130E-04   8.66980E-03  -2.74650E-02   3.68900E-02  -1.90110E-02
  33 <- 13  1.15543E+01    6.35730E-03   7.50510E-04   7.24100E-03  -2.44270E-02   3.45300E-02  -1.82920E-02
  34 <- 13  1.15755E+01    9.67300E-04   7.50920E-04   5.61300E-03  -2.01160E-02   3.00770E-02  -1.64400E-02
  35 <- 13  1.15966E+01    1.19470E-05   5.99900E-04   4.50760E-03  -1.65760E-02   2.58270E-02  -1.44010E-02
  36 <- 13  1.16176E+01   -2.57570E-05   4.62800E-04   3.32800E-03  -1.25630E-02   2.04810E-02  -1.16970E-02
  37 <- 13  1.16385E+01    2.49280E-05   3.48070E-04   2.22500E-03  -8.67770E-03   1.49530E-02  -8.81180E-03
  38 <- 13  1.16591E+01    4.75260E-03   1.63380E-04   1.78520E-03  -6.57930E-03   1.14100E-02  -6.74630E-03
  39 <- 13  1.16795E+01    6.75250E-03  -4.38130E-06   1.59040E-03  -5.30510E-03   8.90820E-03  -5.17520E-03
  40 <- 13  1.16997E+01    7.62210E-03  -1.14150E-04   1.39140E-03  -4.19530E-03   6.69530E-03  -3.77970E-03
  41 <- 13  1.17197E+01    7.57410E-03  -1.57800E-04   1.11300E-03  -3.07060E-03   4.62400E-03  -2.51960E-03
  42 <- 13  1.17394E+01    6.60270E-03  -1.37540E-04   7.34930E-04  -1.87650E-03   2.66750E-03  -1.39900E-03
  43 <- 13  1.17587E+01    4.30580E-03  -6.21340E-05   2.73660E-04  -6.45980E-04   8.77530E-04  -4.46450E-04
  44 <- 13  1.17778E+01    5.47370E-04  -1.99630E-06   3.03480E-05  -1.12950E-04   1.55620E-04  -7.18720E-05
  45 <- 13  1.17966E+01   -2.75370E-08  -5.25810E-06   2.44650E-04  -7.99750E-04   9.32740E-04  -3.66160E-04
  46 <- 13  1.18151E+01    1.23850E-07  -2.65640E-06   5.07090E-04  -1.64850E-03   1.98140E-03  -8.17540E-04
  47 <- 13  1.18333E+01   -3.60150E-07   1.20980E-05   7.34310E-04  -2.40830E-03   3.00350E-03  -1.30840E-03
  48 <- 13  1.18512E+01    1.71090E-07   3.57250E-05   9.33110E-04  -3.09830E-03   4.00520E-03  -1.83030E-03
  49 <- 13  1.18687E+01    3.45490E-08   6.40370E-05   1.17300E-03  -4.13270E-03   5.75330E-03  -2.82150E-03
  50 <- 13  1.18860E+01   -5.66480E-07   9.60380E-05   1.40360E-03  -5.22840E-03   7.71450E-03  -3.96730E-03
  51 <- 13  1.19029E+01   -1.47470E-05   1.30260E-04   1.61350E-03  -6.31360E-03   9.73870E-03  -5.17250E-03
  52 <- 13  1.19195E+01    4.21390E-03   9.60320E-05   2.09400E-03  -7.86940E-03   1.20680E-02  -6.40200E-03
  53 <- 13  1.19359E+01    7.12120E-03   2.93800E-06   2.78680E-03  -9.75280E-03   1.45420E-02  -7.59190E-03
  54 <- 13  1.19519E+01    9.16740E-03  -9.11870E-05   3.41870E-03  -1.13790E-02   1.66020E-02  -8.55940E-03
  55 <- 13  1.19675E+01    9.65200E-03  -8.44540E-05   3.38170E-03  -1.08930E-02   1.56980E-02  -8.07590E-03
  56 <- 13  1.19829E+01   -3.23580E-06   3.55260E-04   5.42090E-04  -1.32160E-03   1.82550E-03  -1.18900E-03
  57 <- 13  1.19980E+01    7.98250E-03   1.20620E-04   2.03430E-03  -6.02630E-03   8.54980E-03  -4.54010E-03
  58 <- 13  1.20128E+01    1.03880E-02  -2.85130E-05   2.81180E-03  -8.05250E-03   1.11160E-02  -5.72300E-03
  59 <- 13  1.20273E+01    1.19730E-02  -1.44380E-04   3.35990E-03  -9.38150E-03   1.27210E-02  -6.43900E-03
  60 <- 13  1.20416E+01    1.33180E-02  -2.58510E-04   3.86980E-03  -1.06060E-02   1.41840E-02  -7.08260E-03
  61 <- 13  1.20555E+01    1.44650E-02  -3.68040E-04   4.33120E-03  -1.17010E-02   1.54770E-02  -7.64260E-03
  62 <- 13  1.20692E+01    1.54530E-02  -4.71800E-04   4.74600E-03  -1.26740E-02   1.66140E-02  -8.12700E-03
  63 <- 13  1.20826E+01    1.62900E-02  -5.67720E-04   5.10410E-03  -1.35030E-02   1.75670E-02  -8.52460E-03
  64 <- 13  1.20957E+01    1.69950E-02  -6.54720E-04   5.40590E-03  -1.41890E-02   1.83410E-02  -8.83850E-03
  65 <- 13  1.21085E+01    1.75760E-02  -7.31790E-04   5.64940E-03  -1.47290E-02   1.89330E-02  -9.06840E-03
  66 <- 13  1.21211E+01    1.80450E-02  -7.98840E-04   5.83790E-03  -1.51340E-02   1.93590E-02  -9.22290E-03
  67 <- 13  1.21334E+01    1.84070E-02  -8.54960E-04   5.96900E-03  -1.53970E-02   1.96130E-02  -9.29910E-03
  68 <- 13  1.21455E+01    1.86670E-02  -9.00050E-04   6.04460E-03  -1.55260E-02   1.97050E-02  -9.30290E-03
  69 <- 13  1.21573E+01    1.88180E-02  -9.32890E-04   6.05960E-03  -1.55070E-02   1.96190E-02  -9.22650E-03
  70 <- 13  1.21688E+01    1.88180E-02  -9.48750E-04   5.98670E-03  -1.52720E-02   1.92700E-02  -9.03140E-03
  71 <- 13  1.21798E+01    1.84010E-02  -9.20420E-04   5.66470E-03  -1.44140E-02   1.81460E-02  -8.47910E-03
  DE <- 13  1.21882E+01    4.74730E-02   3.65960E-02  -1.51510E-01   4.87650E-01  -6.35240E-01   2.61930E-01
