# Analytic fits to MCCC calculations of electron scattering on molecular hydrogen and its isotopologues
# Adiabatic nuclei calculations performed with the spheroidal MCCC(210) model
# Reference: Scarlett et al. Atom. Data Nucl. Data Tables (2021)
# MCCC Database: mccc-db.org
# This file: e + D2(X1Sg,vi=12) -> e + D2(H1Sg) all bound vf + dissociative excitation (DE)
#
# Fitting function: |(x-1)/x * (a0^2*log(x)/x + a1/x + a2/x^2 + a3/x^3 + a4/x^4 + a5/x^5)|
#                   where x = energy / threshold_energy
# Yields integrated cross section in atomic units

# vf    vi  threshold (eV)   a0            a1            a2            a3            a4            a5
   0 <- 12  1.05413E+01    2.52150E-04  -1.86770E-07   5.16410E-07  -5.08450E-07  -2.72080E-08   2.53480E-07
   1 <- 12  1.07405E+01    2.40600E-03  -1.87750E-05   6.75750E-05  -1.27140E-04   1.26060E-04  -4.80230E-05
   2 <- 12  1.09286E+01    3.81910E-03  -5.36730E-05   2.38160E-04  -4.68830E-04   4.54770E-04  -1.62300E-04
   3 <- 12  1.11020E+01    1.85070E-02  -1.40300E-03   8.44070E-03  -1.40260E-02   1.12980E-02  -3.57970E-03
   4 <- 12  1.12576E+01    4.40820E-02  -5.50720E-03   9.91120E-02  -1.84140E-01   1.67050E-01  -6.50840E-02
   5 <- 12  1.14031E+01    9.60950E-02  -2.26210E-03   3.66890E-01  -8.19120E-01   9.07040E-01  -4.19350E-01
   6 <- 12  1.15439E+01    4.94850E-02   1.62660E-02   1.36910E-01  -3.93280E-01   5.10740E-01  -2.59610E-01
   7 <- 12  1.16773E+01    9.14170E-02  -1.92360E-02   1.39680E-01  -3.05370E-01   3.53620E-01  -1.62930E-01
   8 <- 12  1.18035E+01    4.56430E-11  -2.32770E-21   5.28250E-20  -1.29660E-19   1.55200E-19  -7.30170E-20
   9 <- 12  1.18037E+01    3.90250E-02  -9.64050E-04   4.43090E-02  -1.11620E-01   1.35630E-01  -6.44270E-02
  10 <- 12  1.18347E+01    1.61280E-11  -7.07280E-22   1.58340E-21  -4.13520E-22  -2.16430E-21   1.86160E-21
  11 <- 12  1.18664E+01    2.07950E-12  -1.82220E-23   1.20010E-22  -3.60280E-22   5.02560E-22  -2.34610E-22
  12 <- 12  1.18977E+01    4.45150E-11  -6.20120E-21   2.08610E-20  -3.56300E-20   3.24720E-20  -1.14310E-20
  13 <- 12  1.19222E+01    1.07050E-01  -2.14650E-02   1.77950E-01  -4.13260E-01   4.95520E-01  -2.30730E-01
  14 <- 12  1.19278E+01    6.40540E-15   5.64150E-22  -5.34020E-21   2.25020E-20  -3.71160E-20   2.04570E-20
  15 <- 12  1.19569E+01    1.48310E-11  -4.86380E-22   3.99690E-22   3.38840E-21  -7.66190E-21   4.60290E-21
  16 <- 12  1.19852E+01    1.07330E-15   8.38160E-22  -6.31960E-22   9.84410E-22  -9.06640E-22   1.30850E-22
  17 <- 12  1.20127E+01    7.12800E-11  -1.35160E-20   5.87500E-20  -1.18650E-19   1.28990E-19  -5.55530E-20
  18 <- 12  1.20324E+01    6.41530E-02  -6.54030E-03   4.60160E-02  -1.11580E-01   1.42290E-01  -6.89890E-02
  19 <- 12  1.20395E+01    1.04900E-10  -3.00710E-20   1.30060E-19  -2.74220E-19   3.10620E-19  -1.36880E-19
  20 <- 12  1.20656E+01    5.42280E-11   4.84050E-21   1.25980E-20  -7.33770E-20   1.39830E-19  -8.25150E-20
  21 <- 12  1.20910E+01    5.63280E-11   8.75870E-20  -3.72550E-19   6.97480E-19  -5.39620E-19   1.26550E-19
  22 <- 12  1.21158E+01   -1.16180E-13   9.49680E-19  -1.07490E-17   4.05320E-17  -5.80850E-17   2.89970E-17
  23 <- 12  1.21338E+01    9.68120E-03  -3.26350E-04   2.14230E-03  -1.54890E-04  -4.06000E-03   3.13950E-03
  24 <- 12  1.21401E+01    1.39110E-08  -6.08890E-16   4.15060E-15  -4.76710E-15   1.22070E-15   8.18020E-16
  25 <- 12  1.21640E+01    3.11710E-08  -2.49330E-15   1.74460E-14  -3.27030E-14   3.14460E-14  -1.19940E-14
  26 <- 12  1.21873E+01    1.58410E-07  -5.77800E-14   4.07780E-13  -8.34600E-13   8.87100E-13  -3.71640E-13
  27 <- 12  1.22102E+01    1.44790E-06  -4.46420E-12   3.18090E-11  -6.78880E-11   7.53920E-11  -3.27640E-11
  28 <- 12  1.22255E+01    6.14650E-02  -7.67590E-03   5.51810E-02  -1.20080E-01   1.36000E-01  -6.00440E-02
  29 <- 12  1.22327E+01    1.25530E-05  -3.13370E-10   2.26380E-09  -4.96550E-09   5.66870E-09  -2.51840E-09
  30 <- 12  1.22547E+01    1.44130E-05  -3.86950E-10   2.84600E-09  -6.37900E-09   7.43810E-09  -3.35940E-09
  31 <- 12  1.22762E+01    4.89840E-05  -4.18250E-09   3.14620E-08  -7.18870E-08   8.53680E-08  -3.90960E-08
  32 <- 12  1.22973E+01    4.29460E-04  -2.98090E-07   2.31280E-06  -5.37730E-06   6.49040E-06  -3.00920E-06
  33 <- 12  1.23061E+01    7.27110E-02  -8.25650E-03   6.50450E-02  -1.52350E-01   1.85140E-01  -8.62740E-02
  34 <- 12  1.23179E+01    9.94240E-04  -1.46810E-06   1.18410E-05  -2.80190E-05   3.43620E-05  -1.61220E-05
  35 <- 12  1.23380E+01    1.43380E-03  -2.77220E-06   2.34700E-05  -5.65670E-05   7.05080E-05  -3.34750E-05
  36 <- 12  1.23572E+01    5.42040E-03  -3.54620E-05   3.18790E-04  -7.83800E-04   9.93610E-04  -4.77480E-04
  37 <- 12  1.23706E+01    5.08820E-02  -2.85850E-03   2.70360E-02  -6.75270E-02   8.67090E-02  -4.20420E-02
  38 <- 12  1.23771E+01    2.59700E-02  -7.10570E-04   6.90860E-03  -1.73990E-02   2.24900E-02  -1.09540E-02
  39 <- 12  1.23939E+01    1.64860E-02  -2.49710E-04   2.63920E-03  -6.80890E-03   8.96530E-03  -4.42090E-03
  40 <- 12  1.24092E+01    2.23130E-02  -3.93180E-04   4.58030E-03  -1.21240E-02   1.62660E-02  -8.11850E-03
  41 <- 12  1.24226E+01    2.63380E-02  -4.65480E-04   6.05300E-03  -1.64490E-02   2.24760E-02  -1.13470E-02
  42 <- 12  1.24365E+01    2.36020E-02  -2.98970E-04   4.55960E-03  -1.27990E-02   1.78700E-02  -9.13970E-03
  43 <- 12  1.24514E+01    2.04810E-02  -1.57000E-04   3.15630E-03  -9.24900E-03   1.32670E-02  -6.89310E-03
  44 <- 12  1.24664E+01    1.83160E-02  -6.10690E-05   2.25790E-03  -7.01050E-03   1.04020E-02  -5.50710E-03
  45 <- 12  1.24814E+01    1.62100E-02   1.29170E-05   1.51230E-03  -5.10660E-03   7.92040E-03  -4.29250E-03
  46 <- 12  1.24964E+01    1.38570E-02   6.56720E-05   8.62050E-04  -3.35330E-03   5.54530E-03  -3.10060E-03
  47 <- 12  1.25113E+01    1.13740E-02   9.78590E-05   3.43890E-04  -1.87070E-03   3.45980E-03  -2.03020E-03
  48 <- 12  1.25263E+01    8.82800E-03   1.12850E-04  -3.44530E-05  -7.06090E-04   1.75270E-03  -1.13380E-03
  49 <- 12  1.25413E+01    6.19150E-03   1.13650E-04  -2.79670E-04   1.38390E-04   4.45350E-04  -4.27590E-04
  50 <- 12  1.25562E+01    3.21380E-03   1.03580E-04  -4.04670E-04   6.80220E-04  -4.70700E-04   8.79250E-05
  51 <- 12  1.25710E+01   -2.02010E-07   6.24250E-05  -3.24660E-04   7.21650E-04  -7.65440E-04   3.13210E-04
  52 <- 12  1.25858E+01   -1.82440E-08   1.71760E-05  -1.56850E-04   5.13930E-04  -7.11700E-04   3.60390E-04
  53 <- 12  1.26005E+01    6.96700E-08   3.77180E-06  -5.90750E-05   4.02030E-04  -6.91190E-04   3.89110E-04
  54 <- 12  1.26151E+01    6.00480E-04   1.84270E-05  -2.33510E-05   3.68060E-04  -6.85980E-04   3.93500E-04
  55 <- 12  1.26295E+01    4.20720E-03  -1.79620E-06   2.07260E-04  -1.54080E-04  -7.02030E-05   1.14240E-04
  56 <- 12  1.26439E+01    6.35310E-03  -1.89470E-05   4.63070E-04  -7.83910E-04   7.24730E-04  -2.64270E-04
  57 <- 12  1.26581E+01    8.19110E-03  -3.28940E-05   7.33750E-04  -1.49260E-03   1.65830E-03  -7.21120E-04
  58 <- 12  1.26722E+01    9.82460E-03  -4.37680E-05   1.00880E-03  -2.24880E-03   2.68470E-03  -1.23220E-03
  59 <- 12  1.26862E+01    1.13040E-02  -5.24800E-05   1.28460E-03  -3.03570E-03   3.77500E-03  -1.78100E-03
  60 <- 12  1.27000E+01    1.26680E-02  -6.15050E-05   1.56570E-03  -3.85900E-03   4.93000E-03  -2.36530E-03
  61 <- 12  1.27137E+01    1.38500E-02  -6.45200E-05   1.81130E-03  -4.60220E-03   5.98930E-03  -2.90530E-03
  62 <- 12  1.27273E+01    1.49070E-02  -6.76810E-05   2.04400E-03  -5.31860E-03   7.01660E-03  -3.42940E-03
  63 <- 12  1.27407E+01    1.58520E-02  -7.15150E-05   2.26250E-03  -5.99820E-03   7.99270E-03  -3.92640E-03
  64 <- 12  1.27539E+01    1.66820E-02  -7.70290E-05   2.46480E-03  -6.62950E-03   8.89660E-03  -4.38450E-03
  65 <- 12  1.27670E+01    1.74050E-02  -8.49710E-05   2.65170E-03  -7.20940E-03   9.72030E-03  -4.79840E-03
  66 <- 12  1.27799E+01    1.80300E-02  -9.50520E-05   2.82220E-03  -7.73140E-03   1.04520E-02  -5.16200E-03
  67 <- 12  1.27927E+01    1.85700E-02  -1.07530E-04   2.97850E-03  -8.19920E-03   1.10960E-02  -5.47650E-03
  68 <- 12  1.28053E+01    1.90280E-02  -1.22580E-04   3.12070E-03  -8.61140E-03   1.16490E-02  -5.74070E-03
  69 <- 12  1.28177E+01    1.93960E-02  -1.39720E-04   3.24390E-03  -8.95400E-03   1.20920E-02  -5.94530E-03
  70 <- 12  1.28300E+01    1.96740E-02  -1.58880E-04   3.34760E-03  -9.22620E-03   1.24250E-02  -6.09040E-03
  71 <- 12  1.28422E+01    1.98790E-02  -1.80230E-04   3.43690E-03  -9.44220E-03   1.26670E-02  -6.18680E-03
  72 <- 12  1.28542E+01    2.00170E-02  -2.02880E-04   3.51090E-03  -9.60230E-03   1.28230E-02  -6.23680E-03
  73 <- 12  1.28661E+01    2.00870E-02  -2.26520E-04   3.56890E-03  -9.70580E-03   1.28920E-02  -6.24140E-03
  74 <- 12  1.28777E+01    2.00930E-02  -2.50570E-04   3.61070E-03  -9.75560E-03   1.28830E-02  -6.20560E-03
  75 <- 12  1.28893E+01    2.00400E-02  -2.74250E-04   3.63590E-03  -9.75260E-03   1.27970E-02  -6.13140E-03
  76 <- 12  1.29006E+01    1.99360E-02  -2.97620E-04   3.64750E-03  -9.70800E-03   1.26530E-02  -6.02870E-03
  77 <- 12  1.29119E+01    1.97860E-02  -3.19430E-04   3.64410E-03  -9.61980E-03   1.24510E-02  -5.89770E-03
  78 <- 12  1.29229E+01    1.95900E-02  -3.39560E-04   3.62570E-03  -9.49090E-03   1.21960E-02  -5.74250E-03
  79 <- 12  1.29338E+01    1.93430E-02  -3.56950E-04   3.58820E-03  -9.31250E-03   1.18800E-02  -5.55940E-03
  80 <- 12  1.29446E+01    1.90440E-02  -3.71140E-04   3.53100E-03  -9.08490E-03   1.15030E-02  -5.34970E-03
  81 <- 12  1.29552E+01    1.87080E-02  -3.82720E-04   3.46060E-03  -8.82720E-03   1.10940E-02  -5.12720E-03
  82 <- 12  1.29657E+01    1.83420E-02  -3.91360E-04   3.37790E-03  -8.54260E-03   1.06570E-02  -4.89390E-03
  83 <- 12  1.29760E+01    1.79320E-02  -3.96300E-04   3.27800E-03  -8.21970E-03   1.01780E-02  -4.64420E-03
  84 <- 12  1.29862E+01    1.74920E-02  -3.98070E-04   3.16620E-03  -7.87300E-03   9.67700E-03  -4.38730E-03
  85 <- 12  1.29962E+01    1.70270E-02  -3.96830E-04   3.04460E-03  -7.50870E-03   9.16160E-03  -4.12700E-03
  86 <- 12  1.30061E+01    1.65340E-02  -3.92500E-04   2.91290E-03  -7.12590E-03   8.63130E-03  -3.86300E-03
  87 <- 12  1.30159E+01    1.60140E-02  -3.85010E-04   2.77140E-03  -6.72560E-03   8.08720E-03  -3.59590E-03
  88 <- 12  1.30255E+01    1.54760E-02  -3.74980E-04   2.62410E-03  -6.31790E-03   7.54170E-03  -3.33130E-03
  89 <- 12  1.30350E+01    1.49170E-02  -3.62400E-04   2.47040E-03  -5.90170E-03   6.99360E-03  -3.06850E-03
  90 <- 12  1.30443E+01    1.43390E-02  -3.47620E-04   2.31260E-03  -5.48190E-03   6.44870E-03  -2.81020E-03
  91 <- 12  1.30535E+01    1.37460E-02  -3.31000E-04   2.15230E-03  -5.06280E-03   5.91170E-03  -2.55820E-03
  92 <- 12  1.30626E+01    1.31400E-02  -3.12780E-04   1.99070E-03  -4.64660E-03   5.38500E-03  -2.31350E-03
  93 <- 12  1.30715E+01    1.25210E-02  -2.93300E-04   1.82940E-03  -4.23710E-03   4.87300E-03  -2.07800E-03
  94 <- 12  1.30803E+01    1.18960E-02  -2.73070E-04   1.67080E-03  -3.83960E-03   4.38130E-03  -1.85390E-03
  95 <- 12  1.30890E+01    1.12650E-02  -2.52290E-04   1.51580E-03  -3.45560E-03   3.91120E-03  -1.64140E-03
  96 <- 12  1.30976E+01    1.06300E-02  -2.31230E-04   1.36500E-03  -3.08670E-03   3.46430E-03  -1.44130E-03
  97 <- 12  1.31060E+01    9.99180E-03  -2.10130E-04   1.21960E-03  -2.73470E-03   3.04210E-03  -1.25400E-03
  98 <- 12  1.31143E+01    9.34990E-03  -1.89150E-04   1.07990E-03  -2.40040E-03   2.64530E-03  -1.07950E-03
  99 <- 12  1.31225E+01    8.69650E-03  -1.68130E-04   9.44560E-04  -2.08040E-03   2.26970E-03  -9.16100E-04
  100 <- 12  1.31304E+01    8.01270E-03  -1.46600E-04   8.10690E-04  -1.76840E-03   1.90860E-03  -7.61100E-04
  101 <- 12  1.31380E+01    7.18120E-03  -1.20840E-04   6.58090E-04  -1.42110E-03   1.51620E-03  -5.96600E-04
  DE <- 12  1.31432E+01    1.74500E-01  -5.27150E-02   3.82430E-01  -9.60720E-01   1.22350E+00  -6.09170E-01
