# Analytic fits to MCCC calculations of electron scattering on molecular hydrogen and its isotopologues
# Adiabatic nuclei calculations performed with the spheroidal MCCC(210) model
# Reference: Scarlett et al. Atom. Data Nucl. Data Tables (2021)
# MCCC Database: mccc-db.org
# This file: e + D2(X1Sg,vi=14) -> e + D2(B1Su) all bound vf + dissociative excitation (DE)
#
# Fitting function: |(x-1)/x * (a0^2*log(x)/x + a1/x + a2/x^2 + a3/x^3 + a4/x^4 + a5/x^5)|
#                   where x = energy / threshold_energy
# Yields integrated cross section in atomic units

# vf    vi  threshold (eV)   a0            a1            a2            a3            a4            a5
   0 <- 14  7.35325E+00    7.20060E-08   4.35750E-04  -5.33960E-03   2.33380E-02  -4.02540E-02   2.33800E-02
   1 <- 14  7.47024E+00    8.36870E-02   1.71490E-03  -2.74450E-02   8.37170E-02  -8.54690E-02   2.70100E-02
   2 <- 14  7.58480E+00    5.33940E-01  -6.92430E-02  -2.11000E-01   1.19020E+00  -8.44780E-01   1.01400E-02
   3 <- 14  7.69709E+00    1.55860E+00  -3.20770E-01  -3.11110E+00   1.40140E+01  -1.24450E+01   3.12770E+00
   4 <- 14  7.80720E+00    2.23740E+00  -6.09730E-01  -6.02110E+00   2.70130E+01  -2.30160E+01   5.36140E+00
   5 <- 14  7.91517E+00    7.82600E-01   4.50560E-02  -1.46630E+00   5.05940E+00  -4.82700E+00   1.45780E+00
   6 <- 14  8.02105E+00    1.24840E+00  -7.96770E-03  -2.42840E+00   9.79910E+00  -8.79560E+00   2.48660E+00
   7 <- 14  8.12487E+00    2.82460E-01   9.35470E-03  -1.93930E-01   6.24470E-01  -5.69230E-01   1.49210E-01
   8 <- 14  8.22666E+00    1.05610E+00   1.05760E-01  -2.19440E+00   7.74960E+00  -6.93100E+00   1.97100E+00
   9 <- 14  8.32643E+00    5.17210E-01   6.26730E-02  -6.88180E-01   2.24980E+00  -2.08390E+00   6.64330E-01
  10 <- 14  8.42422E+00    3.75750E-01  -5.99500E-03  -1.67450E-01   7.04410E-01  -6.25020E-01   1.77740E-01
  11 <- 14  8.52004E+00    7.87300E-01   1.17410E-01  -1.42710E+00   4.80250E+00  -4.66310E+00   1.61120E+00
  12 <- 14  8.61392E+00    5.87390E-01   9.16690E-02  -8.98150E-01   2.85370E+00  -2.73640E+00   9.25390E-01
  13 <- 14  8.70587E+00    7.36450E-02   3.91090E-03  -2.42750E-02   6.30310E-02  -5.71690E-02   1.55020E-02
  14 <- 14  8.79591E+00    3.87560E-01   3.97290E-02  -3.97760E-01   1.29650E+00  -1.32760E+00   5.19160E-01
  15 <- 14  8.88407E+00    5.95060E-01   1.07790E-01  -9.74720E-01   3.03640E+00  -3.01840E+00   1.11460E+00
  16 <- 14  8.97037E+00    5.23790E-01   9.70720E-02  -8.11120E-01   2.46090E+00  -2.47450E+00   9.14680E-01
  17 <- 14  9.05484E+00    2.77880E-01   1.77090E-02  -1.72150E-01   5.29940E-01  -5.02450E-01   1.63900E-01
  18 <- 14  9.13749E+00    1.40600E-02   3.08940E-03  -1.71700E-02   4.76510E-02  -5.94830E-02   3.02680E-02
  19 <- 14  9.21836E+00    2.70940E-01   5.36240E-02  -3.55100E-01   9.81600E-01  -1.00720E+00   3.96070E-01
  20 <- 14  9.29746E+00    4.14780E-01   1.03020E-01  -7.04160E-01   1.93560E+00  -1.92720E+00   7.19210E-01
  21 <- 14  9.37482E+00    4.39520E-01   1.08490E-01  -7.47550E-01   2.03830E+00  -2.01190E+00   7.36480E-01
  22 <- 14  9.45046E+00    3.65420E-01   7.46390E-02  -5.13480E-01   1.39140E+00  -1.38730E+00   5.12060E-01
  23 <- 14  9.52440E+00    2.31940E-01   2.52440E-02  -1.81510E-01   4.89010E-01  -4.81040E-01   1.73670E-01
  24 <- 14  9.59666E+00    7.40680E-02   5.21580E-04  -8.34150E-03   2.35410E-02  -2.25860E-02   7.98590E-03
  25 <- 14  9.66727E+00    7.69670E-02   6.38540E-03  -3.68620E-02   9.34560E-02  -8.66630E-02   2.95240E-02
  26 <- 14  9.73624E+00    1.97020E-01   3.24470E-02  -1.98170E-01   5.08660E-01  -4.91240E-01   1.74930E-01
  27 <- 14  9.80360E+00    2.75420E-01   6.33230E-02  -3.89090E-01   1.00020E+00  -9.90920E-01   3.65450E-01
  28 <- 14  9.86936E+00    3.08210E-01   8.95120E-02  -5.43340E-01   1.40410E+00  -1.45070E+00   5.65170E-01
  29 <- 14  9.93354E+00    3.07690E-01   8.46260E-02  -5.17220E-01   1.32570E+00  -1.35710E+00   5.25150E-01
  30 <- 14  9.99616E+00    2.74380E-01   6.89410E-02  -4.20700E-01   1.07470E+00  -1.11100E+00   4.37350E-01
  31 <- 14  1.00572E+01    2.18570E-01   4.72170E-02  -2.86350E-01   7.31480E-01  -7.73420E-01   3.14440E-01
  32 <- 14  1.01167E+01    1.50060E-01   2.55980E-02  -1.53690E-01   3.93650E-01  -4.31100E-01   1.83350E-01
  33 <- 14  1.01747E+01    7.74910E-02   9.06680E-03  -5.35970E-02   1.37960E-01  -1.59650E-01   7.23520E-02
  34 <- 14  1.02311E+01    1.73290E-07   7.89620E-04  -4.56430E-03   1.23880E-02  -1.65240E-02   8.38440E-03
  35 <- 14  1.02860E+01    5.27190E-02   1.31810E-03  -8.12970E-03   2.05430E-02  -1.28380E-02  -2.52570E-05
  36 <- 14  1.03393E+01    1.05770E-01   7.92940E-03  -4.84320E-02   1.23120E-01  -1.12040E-01   3.52340E-02
  37 <- 14  1.03911E+01    1.45390E-01   1.94020E-02  -1.16240E-01   2.98600E-01  -3.01310E-01   1.13440E-01
  38 <- 14  1.04413E+01    1.75340E-01   2.86470E-02  -1.72430E-01   4.42000E-01  -4.52260E-01   1.75290E-01
  39 <- 14  1.04898E+01    1.93240E-01   3.66470E-02  -2.20380E-01   5.65610E-01  -5.89720E-01   2.35390E-01
  40 <- 14  1.05366E+01    2.01170E-01   4.10790E-02  -2.47180E-01   6.34750E-01  -6.70020E-01   2.72680E-01
  41 <- 14  1.05816E+01    2.00320E-01   4.21380E-02  -2.53650E-01   6.51750E-01  -6.95330E-01   2.87540E-01
  42 <- 14  1.06248E+01    1.92320E-01   4.02790E-02  -2.42460E-01   6.23290E-01  -6.71380E-01   2.81460E-01
  43 <- 14  1.06659E+01    1.78870E-01   3.62650E-02  -2.18190E-01   5.61070E-01  -6.09710E-01   2.58670E-01
  44 <- 14  1.07048E+01    1.61560E-01   3.09550E-02  -1.86060E-01   4.78430E-01  -5.24190E-01   2.24750E-01
  45 <- 14  1.07411E+01    1.41920E-01   2.51200E-02  -1.50760E-01   3.87520E-01  -4.27780E-01   1.85120E-01
  46 <- 14  1.07745E+01    1.21210E-01   1.94140E-02  -1.16260E-01   2.98620E-01  -3.31980E-01   1.44850E-01
  47 <- 14  1.08045E+01    1.00570E-01   1.42080E-02  -8.48800E-02   2.17740E-01  -2.43530E-01   1.07000E-01
  48 <- 14  1.08303E+01    8.07080E-02   9.76770E-03  -5.81940E-02   1.49060E-01  -1.67630E-01   7.40950E-02
  49 <- 14  1.08509E+01    6.18090E-02   6.11060E-03  -3.63040E-02   9.28560E-02  -1.04910E-01   4.66000E-02
  50 <- 14  1.08648E+01    4.30380E-02   3.12120E-03  -1.85030E-02   4.72690E-02  -5.35860E-02   2.38850E-02
  51 <- 14  1.08716E+01    2.55980E-02   1.13610E-03  -6.72680E-03   1.71740E-02  -1.95030E-02   8.70800E-03
  52 <- 14  1.08743E+01    1.66020E-02   4.83640E-04  -2.86210E-03   7.30530E-03  -8.30150E-03   3.70920E-03
  53 <- 14  1.08756E+01    1.15900E-02   2.37060E-04  -1.40260E-03   3.57950E-03  -4.06900E-03   1.81870E-03
  54 <- 14  1.08762E+01    8.07900E-03   1.15520E-04  -6.83390E-04   1.74400E-03  -1.98280E-03   8.86380E-04
  55 <- 14  1.08765E+01    5.55420E-03   5.46730E-05  -3.23410E-04   8.25290E-04  -9.38360E-04   4.19510E-04
  56 <- 14  1.08767E+01    5.21990E-03   4.83330E-05  -2.85890E-04   7.29540E-04  -8.29530E-04   3.70870E-04
  DE <- 14  1.08767E+01    9.13360E-01   5.15780E-01  -5.01360E+00   1.29210E+01  -1.34290E+01   5.03130E+00
