# Analytic fits to MCCC calculations of electron scattering on molecular hydrogen and its isotopologues
# Adiabatic nuclei calculations performed with the spheroidal MCCC(210) model
# Reference: Scarlett et al. Atom. Data Nucl. Data Tables (2021)
# MCCC Database: mccc-db.org
# This file: e + D2(X1Sg,vi=20) -> e + D2(B1Su) all bound vf + dissociative excitation (DE)
#
# Fitting function: |(x-1)/x * (a0^2*log(x)/x + a1/x + a2/x^2 + a3/x^3 + a4/x^4 + a5/x^5)|
#                   where x = energy / threshold_energy
# Yields integrated cross section in atomic units

# vf    vi  threshold (eV)   a0            a1            a2            a3            a4            a5
   0 <- 20  6.69838E+00    5.37100E-09   1.01310E-06  -1.46000E-05   7.11010E-05  -1.28980E-04   7.95630E-05
   1 <- 20  6.81538E+00    3.37070E-09   5.44170E-05  -8.34800E-04   3.84790E-03  -6.78020E-03   3.99570E-03
   2 <- 20  6.92994E+00    1.54270E-08   5.23420E-06  -8.62560E-05   4.21140E-04  -7.91290E-04   5.20510E-04
   3 <- 20  7.04223E+00    7.70280E-06   2.35110E-05  -1.65010E-04   5.77610E-04  -9.13150E-04   5.12190E-04
   4 <- 20  7.15233E+00    1.37230E-02   2.49250E-04  -1.69070E-03   5.01230E-03  -5.98480E-03   2.38040E-03
   5 <- 20  7.26031E+00    5.71100E-03  -1.30280E-04   7.51110E-04  -1.83490E-03   2.97460E-03  -1.78590E-03
   6 <- 20  7.36619E+00    1.49200E-01  -3.95450E-03  -3.74610E-02   1.59020E-01  -1.63320E-01   4.92940E-02
   7 <- 20  7.47001E+00    2.67920E-01  -3.32300E-02   6.41230E-02   2.19020E-02   1.17270E-01  -1.41890E-01
   8 <- 20  7.57179E+00    2.89760E-01   5.75870E-02  -6.51790E-01   1.90560E+00  -2.17790E+00   9.06840E-01
   9 <- 20  7.67157E+00    1.15120E+00   1.55400E-01  -4.21000E+00   1.42190E+01  -1.51230E+01   5.67670E+00
  10 <- 20  7.76936E+00    4.80080E-01   2.27790E-02  -6.48060E-01   2.20130E+00  -2.28290E+00   8.27000E-01
  11 <- 20  7.86518E+00    1.00850E+00   3.89550E-01  -4.81960E+00   1.47490E+01  -1.57370E+01   6.02630E+00
  12 <- 20  7.95905E+00    7.22480E-01   7.86880E-01  -6.64390E+00   1.83510E+01  -2.09800E+01   8.86750E+00
  13 <- 20  8.05100E+00    3.79660E-01   5.25900E-01  -4.17780E+00   1.12610E+01  -1.30870E+01   5.63680E+00
  14 <- 20  8.14104E+00    1.09860E+00   1.37370E+00  -1.20560E+01   3.36030E+01  -3.76510E+01   1.55770E+01
  15 <- 20  8.22920E+00    5.81920E-01   3.79660E-01  -3.94460E+00   1.10020E+01  -1.25180E+01   5.25030E+00
  16 <- 20  8.31550E+00    4.23060E-01   1.08930E-01  -1.66370E+00   4.80230E+00  -5.48190E+00   2.30190E+00
  17 <- 20  8.39997E+00    8.06760E-01   1.41220E-01  -2.95070E+00   8.99330E+00  -9.81560E+00   3.92790E+00
  18 <- 20  8.48263E+00    1.41860E-01  -1.27860E-02  -1.19290E-01   4.27030E-01  -4.80260E-01   1.88600E-01
  19 <- 20  8.56350E+00    4.32210E-01   6.40410E-02  -1.06380E+00   3.20450E+00  -3.60250E+00   1.49490E+00
  20 <- 20  8.64260E+00    2.88500E-01   9.07520E-03  -4.19780E-01   1.34630E+00  -1.55520E+00   6.61520E-01
  21 <- 20  8.71996E+00    4.12320E-02  -6.71070E-03   3.38440E-02  -6.97950E-02   8.56000E-02  -4.11300E-02
  22 <- 20  8.79560E+00    3.69260E-01   3.47000E-02  -5.80300E-01   1.83200E+00  -2.03760E+00   8.39310E-01
  23 <- 20  8.86953E+00    1.19920E-01   4.42910E-04   4.53330E-02  -1.22250E-01   1.88660E-01  -9.88070E-02
  24 <- 20  8.94180E+00    2.31200E-01   1.38550E-02  -2.25410E-01   7.16170E-01  -8.04750E-01   3.33480E-01
  25 <- 20  9.01240E+00    1.17680E-02  -4.68590E-04   5.33820E-03  -1.37110E-02   1.58110E-02  -7.10020E-03
  26 <- 20  9.08138E+00    1.83630E-02  -7.95180E-04   1.69140E-03  -1.55890E-03   9.79300E-04  -1.63520E-04
  27 <- 20  9.14874E+00    1.32700E-01   9.12410E-03  -9.23300E-02   2.77000E-01  -3.08960E-01   1.30250E-01
  28 <- 20  9.21450E+00    1.23380E-01   1.32320E-02  -6.54430E-02   1.66470E-01  -1.55640E-01   5.53550E-02
  29 <- 20  9.27868E+00    1.86860E-01   1.59550E-02  -1.36790E-01   3.96780E-01  -4.11520E-01   1.59880E-01
  30 <- 20  9.34129E+00    1.48980E-01   1.33610E-02  -7.91620E-02   2.09050E-01  -1.95460E-01   6.70010E-02
  31 <- 20  9.40235E+00    1.44960E-01   1.17640E-02  -8.76730E-02   2.41600E-01  -2.47360E-01   9.40390E-02
  32 <- 20  9.46186E+00    8.83820E-02   5.45870E-03  -3.30080E-02   8.54630E-02  -8.47400E-02   3.09370E-02
  33 <- 20  9.51983E+00    5.76510E-02   1.73240E-03  -1.30200E-02   3.41430E-02  -3.46370E-02   1.29350E-02
  34 <- 20  9.57626E+00    4.65490E-03  -4.60410E-05   2.31830E-04  -5.82040E-04   5.55100E-04  -1.13220E-04
  35 <- 20  9.63115E+00    2.78020E-02   1.03860E-03  -5.91060E-03   1.53890E-02  -1.52010E-02   5.78460E-03
  36 <- 20  9.68448E+00    6.62060E-02   4.42800E-03  -2.63310E-02   6.71240E-02  -6.59740E-02   2.43910E-02
  37 <- 20  9.73624E+00    8.74790E-02   6.07100E-03  -3.79250E-02   9.90930E-02  -9.74030E-02   3.57860E-02
  38 <- 20  9.78640E+00    1.06470E-01   9.05400E-03  -5.57500E-02   1.43330E-01  -1.40770E-01   5.17320E-02
  39 <- 20  9.83492E+00    1.11130E-01   9.76340E-03  -6.13460E-02   1.60390E-01  -1.62310E-01   6.18120E-02
  40 <- 20  9.88173E+00    1.13000E-01   1.05160E-02  -6.47810E-02   1.65940E-01  -1.66470E-01   6.28860E-02
  41 <- 20  9.92677E+00    1.05210E-01   9.64430E-03  -5.97020E-02   1.53900E-01  -1.58140E-01   6.14850E-02
  42 <- 20  9.96992E+00    9.59540E-02   8.55930E-03  -5.19080E-02   1.31490E-01  -1.34500E-01   5.21870E-02
  43 <- 20  1.00110E+01    8.19970E-02   6.53130E-03  -3.97240E-02   1.00850E-01  -1.04640E-01   4.13370E-02
  44 <- 20  1.00499E+01    6.78330E-02   4.90110E-03  -2.92580E-02   7.35890E-02  -7.70170E-02   3.08500E-02
  45 <- 20  1.00862E+01    5.26130E-02   3.11200E-03  -1.86330E-02   4.70470E-02  -5.01460E-02   2.05590E-02
  46 <- 20  1.01197E+01    3.86800E-02   1.87020E-03  -1.10540E-02   2.77890E-02  -3.01300E-02   1.26450E-02
  47 <- 20  1.01497E+01    2.58920E-02   9.37890E-04  -5.55070E-03   1.40170E-02  -1.56220E-02   6.77500E-03
  48 <- 20  1.01755E+01    1.55020E-02   4.15300E-04  -2.42850E-03   6.11700E-03  -7.02200E-03   3.15290E-03
  49 <- 20  1.01960E+01    7.62550E-03   1.47820E-04  -8.56060E-04   2.16280E-03  -2.58540E-03   1.20940E-03
  50 <- 20  1.02100E+01    2.73280E-03   4.20850E-05  -2.39040E-04   6.04600E-04  -7.47880E-04   3.60310E-04
  51 <- 20  1.02168E+01    5.14320E-04   1.01780E-05  -5.67410E-05   1.43800E-04  -1.80340E-04   8.74740E-05
  52 <- 20  1.02194E+01    4.43940E-07   2.99570E-06  -1.72110E-05   4.43470E-05  -5.62650E-05   2.75130E-05
  53 <- 20  1.02207E+01   -7.21960E-07   1.12850E-06  -6.71560E-06   1.75900E-05  -2.25110E-05   1.10750E-05
  54 <- 20  1.02213E+01    2.18380E-08   4.75270E-07  -2.89070E-06   7.64870E-06  -9.83060E-06   4.84840E-06
  55 <- 20  1.02216E+01    6.29200E-08   2.08860E-07  -1.28530E-06   3.41940E-06  -4.40370E-06   2.17410E-06
  56 <- 20  1.02218E+01    2.77980E-10   1.76590E-07  -1.09470E-06   2.92200E-06  -3.76740E-06   1.86090E-06
  DE <- 20  1.02218E+01    4.93480E-01   7.60800E-02  -1.07450E+00   2.83370E+00  -2.76460E+00   9.27060E-01
