   v'->v''           0           1           2           3           4           5           6           7           8           9          10          11          12          13          14          15          16          17          18          19          20
           0 5.2395e-002 1.9489e-001 3.0402e-001 2.6069e-001 1.3494e-001 4.3413e-002 8.5724e-003 9.8012e-004 5.6422e-005 1.0890e-006 6.9935e-010 9.9104e-009 1.0906e-008 3.9642e-009 6.0929e-010 1.9883e-009 5.5751e-010 2.4029e-010 7.2033e-010 3.6494e-010 8.5692e-011
           1 1.1666e-001 1.9245e-001 4.8006e-002 2.7819e-002 2.0185e-001 2.4271e-001 1.2920e-001 3.5854e-002 5.1642e-003 3.3622e-004 5.9868e-006 1.2408e-008 2.4204e-008 1.9431e-008 1.0603e-008 3.7949e-010 4.6369e-009 9.3205e-010 4.2151e-010 1.1812e-009 6.5071e-010
           2 1.5259e-001 8.4432e-002 1.3654e-002 1.3366e-001 3.6675e-002 4.2935e-002 2.2282e-001 2.1315e-001 8.3925e-002 1.5050e-002 1.0716e-003 1.4972e-005 1.8038e-007 2.5008e-008 6.0300e-009 9.0977e-009 8.1811e-012 3.2130e-009 3.8974e-010 1.9620e-010 3.9025e-010
           3 1.5468e-001 1.2608e-002 7.9529e-002 4.7187e-002 3.2503e-002 1.1560e-001 2.8863e-003 1.2206e-001 2.5351e-001 1.4497e-001 3.2016e-002 2.3824e-003 1.8792e-005 1.4362e-006 1.7252e-008 8.8974e-010 1.2211e-008 1.9324e-010 2.7510e-009 1.3656e-009 1.3964e-010
           4 1.3528e-001 1.5541e-003 8.7305e-002 6.8353e-005 8.8173e-002 5.6330e-003 8.6122e-002 5.8218e-002 3.1867e-002 2.3952e-001 2.0673e-001 5.5467e-002 4.0399e-003 6.0781e-006 5.6853e-006 4.5225e-008 4.9953e-009 1.1919e-008 8.2532e-010 1.2896e-010 1.5347e-010
           5 1.0789e-001 2.1482e-002 4.9713e-002 2.9019e-002 4.3793e-002 2.9352e-002 5.8641e-002 1.8890e-002 1.0494e-001 3.7272e-005 1.8854e-001 2.5955e-001 8.2857e-002 5.3127e-003 1.0738e-005 1.1968e-005 1.0144e-006 2.6528e-008 1.6640e-008 1.3799e-008 3.0953e-009
           6 8.1090e-002 4.4482e-002 1.4477e-002 5.6826e-002 2.6659e-003 6.4084e-002 5.7563e-004 7.5253e-002 1.5892e-003 9.6895e-002 1.8636e-002 1.2739e-001 3.0054e-001 1.1016e-001 5.1254e-003 1.8836e-004 7.7018e-006 4.5012e-006 9.9768e-007 8.2947e-008 5.7074e-010
           7 5.8679e-002 5.8387e-002 4.5029e-004 5.3955e-002 7.3926e-003 4.0705e-002 2.3114e-002 3.1441e-002 3.8827e-002 3.1565e-002 5.4648e-002 5.4950e-002 7.6410e-002 3.3385e-001 1.3200e-001 2.8590e-003 7.4444e-004 6.3963e-006 4.2008e-006 3.5037e-006 1.1924e-006
           8 4.1466e-002 6.1981e-002 3.4914e-003 3.3646e-002 2.8814e-002 8.5596e-003 4.7580e-002 4.3795e-005 5.5756e-002 4.3008e-003 6.1788e-002 1.6016e-002 8.2012e-002 4.3682e-002 3.6824e-001 1.4092e-001 1.3981e-004 1.3834e-003 1.9393e-004 1.0769e-005 4.1241e-008
           9 2.8904e-002 5.8319e-002 1.3628e-002 1.3892e-002 4.0112e-002 2.9343e-004 3.7481e-002 1.5804e-002 1.9681e-002 4.0569e-002 4.3885e-003 6.4044e-002 3.7651e-004 9.0071e-002 2.8129e-002 4.1354e-001 1.2582e-001 3.2610e-003 7.0793e-004 5.8327e-004 1.7820e-004
          10 2.0012e-002 5.0892e-002 2.3573e-002 2.7414e-003 3.6826e-002 9.8082e-003 1.4945e-002 3.4143e-002 9.7354e-005 4.0818e-002 1.1351e-002 2.6114e-002 4.3501e-002 4.6576e-003 8.2297e-002 2.7002e-002 4.7467e-001 7.5927e-002 1.8723e-002 6.9324e-004 1.2167e-005
          11 1.3832e-002 4.2274e-002 3.0083e-002 1.8070e-005 2.5850e-002 2.1460e-002 1.6591e-003 3.2926e-002 8.6113e-003 1.5336e-002 3.4188e-002 3.3258e-005 4.2254e-002 1.9272e-002 1.6393e-002 6.5381e-002 4.5316e-002 5.3060e-001 1.1489e-002 2.7036e-002 8.2663e-003
          12 9.5779e-003 3.3962e-002 3.2653e-002 2.3550e-003 1.4392e-002 2.6898e-002 8.6776e-004 1.9900e-002 2.1855e-002 7.2350e-004 3.1147e-002 1.2326e-002 9.9478e-003 4.0633e-002 4.3087e-003 2.5664e-002 4.3444e-002 1.0510e-001 5.0040e-001 2.3609e-002 1.0489e-003
          13 6.6561e-003 2.6652e-002 3.2045e-002 6.4261e-003 6.1366e-003 2.5619e-002 6.3457e-003 7.5363e-003 2.5707e-002 2.7868e-003 1.4504e-002 2.5733e-002 2.3709e-004 2.4059e-002 2.6975e-002 1.3255e-005 2.8862e-002 1.8602e-002 2.4744e-001 2.5489e-001 1.0984e-001
          14 4.6439e-003 2.0547e-002 2.9328e-002 1.0073e-002 1.6913e-003 2.0495e-002 1.1938e-002 1.1793e-003 2.0890e-002 1.0514e-002 2.7475e-003 2.4222e-002 8.8732e-003 4.7726e-003 2.8301e-002 1.2550e-002 1.5110e-003 2.8809e-002 7.8649e-006 4.3273e-001 4.6545e-004
          15 3.2453e-003 1.5583e-002 2.5425e-002 1.2285e-002 1.1960e-004 1.4435e-002 1.4771e-002 6.5217e-005 1.3176e-002 1.5342e-002 3.6039e-005 1.4733e-002 1.6657e-002 9.0877e-005 1.4676e-002 2.1721e-002 3.5650e-003 3.3773e-003 3.4604e-002 5.3842e-002 2.5982e-001
          16 2.2566e-003 1.1577e-002 2.0966e-002 1.2800e-002 1.2661e-004 9.1785e-003 1.4612e-002 1.4004e-003 6.7061e-003 1.5415e-002 2.1216e-003 6.2037e-003 1.7019e-002 3.7747e-003 3.8764e-003 1.8027e-002 1.1465e-002 3.4755e-004 2.7524e-003 7.6875e-002 2.0842e-001
          17 1.5358e-003 8.3008e-003 1.6281e-002 1.1715e-002 6.3851e-004 5.3320e-003 1.2352e-002 2.8704e-003 2.7603e-003 1.2407e-002 4.4706e-003 1.6805e-003 1.2728e-002 7.2352e-003 1.9845e-004 1.0079e-002 1.3096e-002 3.8910e-003 5.8362e-005 5.5724e-005 2.7144e-001
          18 9.7626e-004 5.4846e-003 1.1399e-002 9.1801e-003 9.6074e-004 2.8012e-003 8.9116e-003 3.2697e-003 8.9920e-004 8.3119e-003 4.9651e-003 2.0492e-004 7.6274e-003 7.3648e-003 2.2222e-004 4.2278e-003 9.6356e-003 5.5647e-003 5.9537e-004 6.2920e-004 6.2139e-002
