   v'->v''           0           1           2           3           4           5           6           7           8           9          10          11          12          13          14          15          16          17          18          19          20          21          22          23          24
           0 9.9954e-001 4.5698e-004 1.7153e-006 1.3914e-008 1.7888e-009 2.2898e-009 2.7828e-009 1.2189e-009 1.4893e-010 1.0709e-009 1.7562e-010 1.9991e-010 9.4104e-011 7.3021e-011 2.5793e-010 8.8973e-011 3.6409e-012 9.4033e-011 1.3654e-010 9.2801e-011 3.7812e-011 9.0405e-012 8.4038e-013 6.9019e-015 7.0653e-014
           1 4.5498e-004 9.9859e-001 9.4597e-004 5.8329e-006 5.3256e-008 1.0313e-008 9.4557e-009 1.7566e-008 3.2035e-009 1.0111e-009 4.3630e-009 1.0214e-009 9.7721e-010 8.8624e-010 7.3475e-011 9.6009e-010 5.7808e-010 1.1105e-011 2.0074e-010 4.7839e-010 4.5720e-010 2.8503e-010 1.3640e-010 5.2757e-011 1.5025e-011
           2 3.7833e-006 9.3728e-004 9.9759e-001 1.4521e-003 1.3370e-005 1.9712e-007 2.2705e-008 6.5223e-009 2.5730e-008 4.1887e-009 3.0781e-010 6.1385e-009 4.3720e-010 1.9317e-009 8.3425e-010 2.5867e-010 1.2088e-009 4.8490e-010 1.1100e-012 3.1274e-010 5.5738e-010 4.8157e-010 2.9061e-010 1.3382e-010 4.2087e-011
           3 7.8472e-008 1.2502e-005 1.4302e-003 9.9656e-001 1.9744e-003 2.5461e-005 5.7146e-007 3.3235e-008 3.2737e-010 7.7415e-009 9.0264e-010 7.5032e-010 1.4380e-009 1.4203e-010 4.5710e-010 1.0634e-011 2.9388e-010 1.0276e-010 1.2693e-011 1.4765e-010 1.8465e-010 1.1887e-010 5.2811e-011 1.8125e-011 4.7075e-012
           4 4.0692e-010 3.1513e-007 2.7794e-005 1.9321e-003 9.9549e-001 2.5024e-003 4.3707e-005 1.1855e-006 9.4911e-008 2.1853e-011 2.2771e-008 4.3889e-009 9.6177e-011 5.1561e-009 8.8993e-014 2.0160e-009 3.2155e-010 3.9307e-010 8.8385e-010 3.0244e-010 6.6303e-013 9.7538e-011 1.7895e-010 1.3899e-010 5.5010e-011
           5 9.8963e-009 1.5794e-010 8.7656e-007 5.1024e-005 2.4316e-003 9.9443e-001 3.0102e-003 6.9765e-005 2.2319e-006 1.6448e-007 3.9591e-009 1.5492e-008 2.4803e-009 5.0223e-010 3.0449e-009 2.0164e-011 8.4948e-010 2.3008e-011 3.9691e-010 5.5159e-010 1.8862e-010 8.1369e-012 1.2978e-011 2.8200e-011 1.4726e-011
           6 8.7231e-009 2.4926e-008 2.2288e-008 2.1159e-006 8.3840e-005 2.9021e-003 9.9344e-001 3.4637e-003 1.0639e-004 3.8770e-006 3.1615e-007 8.2126e-009 3.1523e-008 3.2220e-009 1.1858e-010 5.5726e-009 1.9145e-010 1.0445e-009 3.2949e-010 1.7536e-010 8.5540e-010 8.0176e-010 4.1017e-010 1.4718e-010 3.8488e-011
           7 3.7427e-010 1.4917e-008 2.1324e-008 7.8269e-008 4.1909e-006 1.2756e-004 3.3102e-003 9.9256e-001 3.8322e-003 1.5672e-004 6.6998e-006 5.2011e-007 4.9246e-008 2.0882e-008 3.7438e-011 1.5532e-009 1.8605e-009 3.8731e-011 3.1236e-011 3.9727e-011 3.1140e-010 3.9492e-010 2.6378e-010 1.2144e-010 3.7503e-011
           8 2.5475e-009 2.8610e-009 4.9270e-009 5.2231e-008 2.3306e-007 7.4486e-006 1.8400e-004 3.6272e-003 9.9186e-001 4.0817e-003 2.2560e-004 1.1184e-005 1.0092e-006 7.6504e-008 6.8369e-008 2.0714e-011 6.7925e-010 7.0297e-009 1.8786e-009 5.5000e-011 3.6637e-010 5.5984e-011 2.5116e-011 9.5427e-011 5.6295e-011
           9 4.6879e-010 4.9742e-009 6.7057e-009 8.0598e-009 7.8354e-008 5.0686e-007 1.2242e-005 2.5445e-004 3.8220e-003 9.9140e-001 4.1718e-003 3.1794e-004 1.8676e-005 1.7988e-006 1.8157e-007 1.0501e-007 3.4541e-009 2.0733e-009 7.7903e-009 3.4672e-009 1.6394e-010 7.1114e-011 9.0891e-011 2.4446e-011 3.3986e-012
          10 9.2951e-010 1.6904e-009 1.5176e-009 1.1330e-008 4.2618e-009 1.4161e-007 1.0682e-006 1.9573e-005 3.4130e-004 3.8595e-003 9.9125e-001 4.0538e-003 4.3936e-004 3.0579e-005 3.4564e-006 2.8360e-007 2.4911e-007 1.4863e-008 1.2414e-010 8.2817e-009 1.3594e-008 6.0144e-009 1.1063e-009 7.3465e-011 6.0836e-013
          11 2.0757e-010 1.3062e-009 1.7193e-009 3.2527e-009 1.3175e-008 2.2818e-009 1.9515e-007 1.9120e-006 2.9983e-005 4.4554e-004 3.7007e-003 9.9149e-001 3.6825e-003 5.9324e-004 5.0845e-005 5.7883e-006 8.1327e-007 3.2615e-007 4.5522e-008 9.0016e-009 1.1279e-008 1.0844e-008 5.9940e-009 2.3288e-009 6.5061e-010
          12 1.2627e-009 1.0632e-009 1.8930e-011 3.3080e-009 2.3078e-009 1.6597e-008 3.3469e-009 3.9246e-007 3.5081e-006 4.4880e-005 5.6663e-004 3.3094e-003 9.9217e-001 3.0304e-003 7.7530e-004 8.5401e-005 1.0301e-005 1.6890e-006 5.4808e-007 1.5119e-007 4.7267e-008 2.0803e-008 1.0118e-008 4.4067e-009 1.3794e-009
          13 2.8897e-010 2.4519e-009 1.6617e-009 2.5795e-010 3.0958e-009 3.1265e-009 1.7580e-008 1.1603e-008 6.1048e-007 5.9634e-006 6.5835e-005 7.0482e-004 2.6735e-003 9.9326e-001 2.1632e-003 9.5835e-004 1.3997e-004 2.1651e-005 3.1184e-006 9.8058e-007 3.3289e-007 1.1966e-007 5.6422e-008 2.7860e-008 9.6030e-009
          14 1.0967e-010 1.5620e-010 6.4490e-010 2.2942e-009 5.2741e-011 3.2973e-009 1.4743e-009 3.3182e-008 7.9656e-008 1.0778e-006 9.3782e-006 9.3356e-005 8.5008e-004 1.8656e-003 9.9458e-001 1.1966e-003 1.1401e-003 2.0697e-004 4.3601e-005 8.6761e-006 2.5807e-006 7.7997e-007 2.1864e-007 6.5278e-008 1.7756e-008
          15 4.9469e-010 6.1587e-010 1.5019e-010 1.2838e-009 2.4150e-009 7.7794e-011 7.7205e-010 6.0699e-009 4.3742e-008 2.0252e-007 2.2484e-006 1.5231e-005 1.3306e-004 9.8181e-004 1.0031e-003 9.9585e-001 2.4853e-004 1.3482e-003 3.1011e-004 7.4114e-005 1.7993e-005 6.7285e-006 2.9098e-006 1.1329e-006 3.3093e-007
          16 2.7216e-010 1.1015e-009 7.9633e-010 1.4145e-010 9.8440e-010 3.0092e-009 2.7042e-010 7.0116e-010 7.3937e-009 7.6217e-008 2.7256e-007 3.5475e-006 2.2846e-005 1.8389e-004 1.1115e-003 1.9008e-004 9.9629e-001 1.6258e-004 1.3407e-003 4.7711e-004 1.3778e-004 4.0521e-005 1.4853e-005 5.7817e-006 1.7483e-006
          17 1.2012e-011 3.4029e-010 3.3808e-010 1.3820e-009 1.9407e-010 1.7837e-009 2.3196e-009 5.3869e-011 6.3845e-010 1.7590e-008 1.7335e-007 7.2961e-007 6.1556e-006 3.6398e-005 2.2864e-004 1.3077e-003 1.7273e-004 9.9363e-001 2.5568e-003 9.9929e-004 6.2539e-004 2.4147e-004 8.4177e-005 3.0135e-005 8.8228e-006
          18 5.4194e-011 1.9092e-012 1.2728e-013 8.7569e-010 1.2328e-009 1.7306e-011 8.1221e-010 3.0897e-009 1.5424e-009 4.4867e-009 7.3541e-008 2.9523e-007 1.2834e-006 9.8989e-006 5.7161e-005 2.8099e-004 1.4553e-003 2.3536e-003 9.8368e-001 1.0422e-002 2.7545e-004 5.8770e-004 3.4040e-004 1.4097e-004 4.2353e-005
          19 1.4994e-010 2.0873e-010 1.4128e-010 6.2161e-011 7.1868e-010 9.8775e-010 7.3601e-012 2.4737e-009 2.2724e-009 3.3457e-009 7.5449e-009 1.0177e-007 5.9155e-007 2.0659e-006 1.8473e-005 7.4868e-005 3.5931e-004 1.5760e-003 9.5500e-003 9.5899e-001 2.7715e-002 1.8614e-004 1.7812e-004 2.0364e-004 8.0183e-005
          20 1.4304e-010 3.3493e-010 2.2389e-010 1.0232e-010 5.3977e-011 9.0285e-010 2.6806e-010 2.9560e-010 1.0557e-009 2.5512e-009 8.1239e-010 2.6452e-008 2.7560e-007 9.9609e-007 4.1556e-006 2.8351e-005 1.0422e-004 4.4099e-004 1.5900e-003 2.6341e-002 9.0773e-001 5.8080e-002 4.1239e-003 2.6803e-004 1.4367e-005
          21 7.9998e-011 2.5107e-010 1.4255e-010 3.3290e-010 6.8322e-011 2.2435e-010 1.7641e-010 5.1129e-011 1.8395e-010 1.2242e-009 2.1544e-009 1.0789e-008 7.6478e-008 6.2723e-007 1.4472e-006 9.3502e-006 4.0237e-005 1.3495e-004 5.2507e-004 1.5041e-003 6.0792e-002 8.1228e-001 9.8098e-002 1.6295e-002 3.1483e-003
          22 2.8909e-011 1.1986e-010 4.8635e-011 3.3926e-010 2.3851e-010 2.4732e-013 2.1108e-011 2.2272e-010 8.6125e-012 4.2437e-010 4.0144e-009 7.7249e-009 1.7363e-008 2.8346e-007 7.8436e-007 3.7605e-006 1.5257e-005 5.6185e-005 1.8190e-004 5.9669e-004 1.2109e-003 1.2613e-001 6.5186e-001 1.2199e-001 2.5935e-002
          23 6.4334e-012 3.9994e-011 7.8285e-012 2.1694e-010 2.5342e-010 5.7601e-011 4.3930e-012 1.6340e-010 3.2767e-014 1.3768e-010 3.5760e-009 5.5891e-009 5.9074e-009 1.0077e-007 4.1632e-007 1.7616e-006 6.5760e-006 2.2733e-005 7.4134e-005 2.2287e-004 5.9867e-004 7.0648e-004 2.4341e-001 4.1006e-001 8.5778e-002
          24 7.2769e-013 9.6939e-012 1.9347e-013 1.0041e-010 1.5764e-010 8.4086e-011 2.0650e-011 6.4389e-011 4.3990e-014 4.7562e-011 1.9468e-009 3.0702e-009 2.9507e-009 3.2509e-008 1.8434e-007 7.6019e-007 2.8279e-006 9.0518e-006 2.9038e-005 8.6417e-005 2.1548e-004 4.2973e-004 1.6119e-004 4.4941e-001 1.5398e-001
