   v'->v''           0           1           2           3           4           5           6           7           8           9          10          11
           0 2.5594e-003 9.6571e-001 1.4343e-002 1.6802e-002 5.2819e-004 4.7842e-005 5.6059e-006 2.0969e-006 5.3948e-007 5.2377e-008 4.5005e-013 3.1600e-009
           1 3.9467e-003 2.7109e-002 1.8993e-001 6.4414e-001 1.0740e-001 2.5625e-002 1.7410e-003 8.1319e-005 1.0441e-005 7.7759e-006 4.8374e-006 1.8280e-006
           2 1.6186e-002 1.4543e-003 1.2716e-001 1.9880e-002 2.4838e-001 4.0270e-001 1.4867e-001 3.1926e-002 3.4304e-003 1.7149e-004 4.4011e-006 1.1548e-006
           3 6.3582e-002 9.1496e-005 1.1928e-001 1.0622e-002 1.2960e-001 2.0267e-003 2.0145e-001 2.7497e-001 1.4305e-001 4.3777e-002 9.5097e-003 1.6219e-003
           4 1.7810e-001 1.8711e-004 8.3553e-002 4.0000e-002 1.0879e-002 6.7989e-002 3.4198e-002 2.2081e-002 1.4842e-001 1.7914e-001 1.1913e-001 5.7072e-002
           5 3.1125e-001 1.3307e-003 7.1671e-003 2.7279e-002 2.1777e-002 2.4090e-002 2.0015e-002 5.7638e-002 5.2734e-003 2.2174e-002 7.7124e-002 8.6360e-002
           6 2.9551e-001 2.3365e-003 5.5345e-002 9.8136e-004 5.0959e-002 1.0279e-002 3.7538e-002 4.8815e-004 3.8076e-002 3.1293e-002 2.9910e-003 2.9730e-003
           7 1.1880e-001 1.5371e-003 2.1569e-001 7.6322e-002 1.2823e-004 4.5226e-002 2.6517e-003 3.5766e-002 4.5750e-003 9.6241e-003 2.6807e-002 1.8889e-002
           8 9.0912e-003 2.5896e-004 1.6505e-001 1.2430e-001 1.4641e-001 2.1590e-003 5.1781e-002 6.1910e-006 2.7579e-002 1.5968e-002 8.8582e-005 4.8667e-003
           9 6.2061e-004 3.2393e-007 2.1925e-002 3.8881e-002 2.3224e-001 1.8585e-001 2.3366e-003 5.2587e-002 1.9153e-003 1.4480e-002 2.0176e-002 7.4547e-003
          10 8.5744e-005 3.8234e-006 4.2518e-004 2.0608e-004 5.0807e-002 2.1033e-001 2.4447e-001 1.1390e-003 5.5087e-002 9.1716e-003 2.8725e-003 1.1513e-002
          11 1.3141e-004 8.9127e-007 1.2727e-004 4.0170e-004 1.0596e-004 2.2410e-002 2.3852e-001 2.6775e-001 9.6710e-008 5.1867e-002 2.1275e-002 8.2295e-004
          12 8.9515e-006 1.0575e-010 1.9563e-004 1.0623e-004 1.7732e-004 8.4549e-004 1.5216e-002 2.4266e-001 2.8639e-001 5.7590e-003 3.6255e-002 3.0914e-002
          13 8.4962e-006 2.9197e-007 2.4523e-005 5.9672e-007 3.1587e-004 6.7654e-005 7.0131e-004 1.1824e-002 2.6933e-001 2.5978e-001 3.6219e-002 7.7333e-003
          14 1.1420e-005 1.2605e-007 4.7641e-006 2.4227e-005 6.1760e-005 9.5673e-005 5.1156e-004 8.3560e-005 1.5304e-002 3.1850e-001 1.6639e-001 9.5985e-002
          15 3.1277e-006 7.8851e-010 1.5144e-005 1.4365e-005 6.8952e-007 1.2550e-004 1.6004e-006 8.1608e-004 3.3616e-004 3.3100e-002 3.7207e-001 2.9265e-002
          16 4.4501e-008 1.0152e-008 9.0318e-006 2.7107e-006 1.7121e-005 4.3294e-005 5.7958e-005 1.2335e-004 8.6149e-004 3.6687e-003 8.6866e-002 3.3446e-001
          17 5.3199e-007 1.0775e-008 2.0680e-006 4.1064e-009 1.8760e-005 3.7798e-006 7.1970e-005 2.9479e-007 2.5544e-004 1.0162e-003 1.9070e-002 2.0519e-001
          18 1.0958e-006 7.1843e-009 7.4083e-009 1.0195e-006 9.3662e-006 1.2554e-006 4.2935e-005 1.9305e-005 6.3830e-005 1.9901e-004 2.7446e-003 8.5295e-002
          19 8.9638e-007 4.6624e-009 4.8615e-007 1.5904e-006 2.3096e-006 5.8459e-006 1.3968e-005 3.6934e-005 5.1161e-006 1.3541e-004 1.9108e-005 1.7900e-002
          20 4.5840e-007 2.5393e-009 9.2438e-007 1.2302e-006 1.3775e-007 6.5246e-006 2.0564e-006 3.0707e-005 2.4326e-006 5.3692e-005 1.3308e-004 1.1127e-003
          21 1.6725e-007 9.7939e-010 8.4270e-007 6.8454e-007 6.9081e-008 4.7537e-006 3.9563e-009 1.8115e-005 9.0789e-006 1.2124e-005 7.0555e-005 3.4744e-004
          22 4.5850e-008 2.3625e-010 5.5730e-007 3.1668e-007 2.5428e-007 2.7901e-006 3.0351e-007 9.0738e-006 9.5725e-006 1.8713e-006 3.1784e-005 3.7940e-005
          23 9.7361e-009 3.0155e-011 2.8500e-007 1.2529e-007 2.3971e-007 1.3355e-006 4.3457e-007 3.9008e-006 6.2484e-006 1.5014e-007 1.4432e-005 1.9235e-005
          24 1.7372e-009 2.0994e-012 9.6075e-008 3.6851e-008 1.0287e-007 4.3680e-007 2.0953e-007 1.2086e-006 2.3587e-006 3.7793e-009 4.6752e-006 7.1787e-006
