   v'->v''           0           1           2           3           4           5           6           7           8           9          10          11          12          13          14          15          16          17          18          19          20
           0 3.9314e-002 1.6203e-001 2.8287e-001 2.7459e-001 1.6315e-001 6.1304e-002 1.4481e-002 2.0549e-003 1.5678e-004 4.8410e-006 1.5072e-008 3.0546e-009 3.0842e-009 2.4006e-009 2.6131e-010 5.4358e-010 1.5466e-010 4.6302e-010 9.0264e-011 2.3905e-012 2.3963e-011
           1 9.5051e-002 1.8987e-001 7.7135e-002 6.2746e-003 1.5500e-001 2.4709e-001 1.6276e-001 5.5785e-002 1.0193e-002 8.9937e-004 2.6958e-005 9.1478e-009 3.8655e-008 1.9089e-008 1.5025e-008 1.9501e-010 5.2426e-009 1.9388e-011 1.6570e-009 1.4702e-009 4.6585e-010
           2 1.3398e-001 1.0635e-001 1.5656e-003 1.1659e-001 6.9434e-002 1.0358e-002 1.7659e-001 2.3483e-001 1.1950e-001 2.7928e-002 2.7708e-003 7.2608e-005 9.3530e-008 9.3451e-008 3.1529e-009 9.2249e-009 1.0150e-009 3.1627e-009 6.3408e-013 7.6298e-010 6.0478e-010
           3 1.4527e-001 2.8658e-002 5.4798e-002 7.2261e-002 8.1185e-003 1.1625e-001 2.5484e-002 6.0868e-002 2.3806e-001 1.8814e-001 5.5934e-002 6.0065e-003 1.1300e-004 2.4013e-006 1.2651e-007 2.0932e-008 5.9251e-010 2.9130e-010 7.4399e-011 5.3064e-015 2.3347e-012
           4 1.3502e-001 4.5901e-004 8.4523e-002 5.2800e-003 7.3129e-002 2.7113e-002 4.9037e-002 9.2563e-002 2.3746e-003 1.8458e-001 2.4412e-001 9.1627e-002 1.0069e-002 8.5396e-005 1.5078e-005 1.2700e-008 4.5194e-008 4.2804e-008 2.3166e-009 1.3040e-009 1.4088e-009
           5 1.1379e-001 8.7585e-003 6.4288e-002 1.0551e-002 6.2413e-002 7.3497e-003 7.6942e-002 7.3622e-004 1.0461e-001 1.4849e-002 1.1230e-001 2.7957e-001 1.3042e-001 1.3405e-002 3.1109e-006 4.3522e-005 1.3646e-006 9.3030e-009 1.0872e-007 4.5790e-008 8.4095e-009
           6 8.9885e-002 2.9335e-002 2.9262e-002 4.1668e-002 1.5737e-002 5.0021e-002 1.3294e-002 5.7490e-002 2.0760e-002 6.2981e-002 5.7096e-002 5.2977e-002 2.9827e-001 1.6724e-001 1.3722e-002 1.8739e-004 5.2424e-005 1.3676e-005 1.0714e-006 4.3564e-009 1.6187e-008
           7 6.8002e-002 4.6816e-002 6.0935e-003 5.4129e-002 1.7498e-004 5.2612e-002 5.2769e-003 5.1750e-002 1.2452e-002 5.8744e-002 1.7825e-002 8.8994e-002 1.8469e-002 3.1163e-001 1.9648e-001 9.2316e-003 1.2941e-003 1.2693e-006 2.5564e-005 1.1152e-005 2.9300e-006
           8 5.0010e-002 5.5990e-002 3.5491e-005 4.4091e-002 1.4033e-002 2.3517e-002 3.4196e-002 8.4171e-003 5.1280e-002 1.2654e-003 6.7723e-002 1.3876e-004 9.6151e-002 4.5206e-003 3.3379e-001 2.0958e-001 1.8219e-003 3.1502e-003 2.6851e-004 1.7330e-006 3.0247e-006
           9 3.6124e-002 5.7414e-002 5.2995e-003 2.5450e-002 3.1277e-002 2.5746e-003 4.2962e-002 2.8539e-003 3.6987e-002 2.0189e-002 2.2486e-002 4.7091e-002 7.7141e-003 8.4473e-002 1.1763e-003 3.7848e-001 1.9051e-001 2.5164e-003 2.4124e-003 1.3468e-003 3.4327e-004
          10 2.5816e-002 5.3610e-002 1.4637e-002 9.8588e-003 3.7490e-002 1.7868e-003 2.7707e-002 2.2013e-002 7.0378e-003 4.1839e-002 6.0253e-004 4.3449e-002 2.0117e-002 2.3823e-002 6.5377e-002 2.1629e-003 4.5356e-001 1.1916e-001 2.6383e-002 4.1862e-004 1.8928e-004
          11 1.8348e-002 4.7083e-002 2.3207e-002 1.6563e-003 3.2649e-002 1.1945e-002 9.2492e-003 3.3060e-002 8.7434e-004 2.8597e-002 2.1140e-002 6.7182e-003 4.5287e-002 3.7887e-003 3.5658e-002 4.5923e-002 1.3844e-002 5.3329e-001 1.9742e-002 4.2875e-002 1.2974e-002
          12 1.3019e-002 3.9664e-002 2.8884e-002 1.0246e-004 2.2576e-002 2.1729e-002 4.9577e-004 2.7997e-002 1.2320e-002 7.3736e-003 3.3151e-002 2.6400e-003 2.2971e-002 3.2157e-002 3.2158e-005 3.9630e-002 2.7010e-002 6.6934e-002 5.0465e-001 3.1143e-002 1.4053e-003
          13 9.2626e-003 3.2515e-002 3.1408e-002 2.5760e-003 1.2589e-002 2.5880e-002 1.6290e-003 1.5677e-002 2.2827e-002 5.1420e-006 2.3692e-002 1.8260e-002 1.6952e-003 3.1767e-002 1.6511e-002 2.6806e-003 3.8247e-002 7.9339e-003 2.1039e-001 2.1189e-001 1.2624e-001
          14 6.6287e-003 2.6198e-002 3.1403e-002 6.5882e-003 5.3638e-003 2.4491e-002 7.3835e-003 5.3243e-003 2.4359e-002 5.1151e-003 8.6951e-003 2.5829e-002 3.2968e-003 1.1720e-002 2.9027e-002 6.1173e-003 5.5154e-003 3.8354e-002 3.0226e-003 3.5381e-001 5.0652e-003
          15 4.7549e-003 2.0769e-002 2.9521e-002 1.0425e-002 1.3901e-003 1.9733e-002 1.2963e-002 4.9853e-004 1.8796e-002 1.2947e-002 7.0722e-004 2.0310e-002 1.3871e-002 4.4576e-004 1.9963e-002 2.0138e-002 1.4635e-003 5.0264e-003 5.5727e-002 7.7540e-002 1.0828e-001
          16 3.4385e-003 1.6346e-002 2.6651e-002 1.3257e-002 4.4890e-005 1.4081e-002 1.6097e-002 3.9813e-004 1.1233e-002 1.7194e-002 8.8443e-004 1.0298e-002 1.9207e-002 2.5542e-003 6.3665e-003 2.0963e-002 1.1599e-002 1.5512e-004 8.5765e-004 1.3841e-001 1.0600e-001
          17 2.4927e-003 1.2733e-002 2.3221e-002 1.4760e-002 3.1521e-004 8.9851e-003 1.6473e-002 2.6435e-003 5.0810e-003 1.6780e-002 4.8105e-003 2.9529e-003 1.6940e-002 8.9779e-003 2.4860e-004 1.2215e-002 1.6589e-002 6.0161e-003 4.6971e-005 1.1995e-002 2.6100e-001
          18 1.8187e-003 9.8720e-003 1.9732e-002 1.5064e-002 1.2939e-003 5.1700e-003 1.4923e-002 5.1939e-003 1.5262e-003 1.3540e-002 8.4758e-003 1.4654e-004 1.1193e-002 1.2747e-002 1.1863e-003 4.0804e-003 1.3436e-002 1.0916e-002 3.4359e-003 4.2409e-003 1.5680e-001
          19 1.3189e-003 7.5325e-003 1.6228e-002 1.4252e-002 2.3175e-003 2.6378e-003 1.2282e-002 6.8730e-003 1.5232e-004 9.4356e-003 1.0077e-002 4.0757e-004 5.7445e-003 1.2459e-002 4.3409e-003 4.1885e-004 7.5874e-003 1.0851e-002 6.2574e-003 5.0774e-003 9.0378e-002
          20 9.4584e-004 5.6317e-003 1.2887e-002 1.2599e-002 2.9859e-003 1.1767e-003 9.3727e-003 7.3255e-003 5.3082e-005 5.8613e-003 9.6365e-003 1.6778e-003 2.2657e-003 9.7872e-003 6.3899e-003 1.4127e-004 3.1143e-003 7.8915e-003 6.9480e-003 2.3907e-003 5.7977e-002
          21 6.4860e-004 3.9903e-003 9.5665e-003 1.0131e-002 3.0521e-003 4.4252e-004 6.5471e-003 6.5378e-003 3.6944e-004 3.2553e-003 7.7587e-003 2.5296e-003 6.2911e-004 6.4937e-003 6.3788e-003 9.4497e-004 8.6590e-004 4.5821e-003 5.5751e-003 3.7535e-003 6.0865e-003
          22 4.0426e-004 2.5460e-003 6.3087e-003 7.0601e-003 2.4718e-003 1.3870e-004 4.0570e-003 4.8127e-003 5.4370e-004 1.6172e-003 5.2401e-003 2.4110e-003 1.0436e-004 3.6964e-003 4.8196e-003 1.3261e-003 1.3796e-004 2.2367e-003 3.5063e-003 2.6781e-003 6.2778e-003
          23 2.6086e-004 1.6684e-003 4.2244e-003 4.8983e-003 1.8783e-003 4.4109e-005 2.5822e-003 3.4326e-003 5.4197e-004 8.5636e-004 3.5073e-003 1.9704e-003 6.8468e-006 2.1647e-003 3.4221e-003 1.2704e-003 7.4116e-006 1.1362e-003 2.1730e-003 1.8559e-003 5.9722e-004
          24 1.8715e-004 1.2103e-003 3.1120e-003 3.7002e-003 1.5095e-003 1.4408e-005 1.8244e-003 2.6343e-003 5.0991e-004 5.1656e-004 2.5617e-003 1.6459e-003 1.9218e-006 1.4172e-003 2.5913e-003 1.1565e-003 4.0099e-006 6.5163e-004 1.4788e-003 1.3784e-003 7.2665e-004
          25 1.3324e-004 8.6875e-004 2.2594e-003 2.7362e-003 1.1667e-003 4.0216e-006 1.2802e-003 1.9668e-003 4.3611e-004 3.1660e-004 1.8395e-003 1.3005e-003 1.2307e-005 9.3007e-004 1.9050e-003 9.6297e-004 1.9979e-005 3.7885e-004 9.9829e-004 9.9370e-004 5.5979e-004
          26 8.9576e-005 5.8749e-004 1.5403e-003 1.8898e-003 8.3089e-004 8.4786e-007 8.5037e-004 1.3662e-003 3.3160e-004 1.8875e-004 1.2412e-003 9.3799e-004 1.8307e-005 5.8534e-004 1.3050e-003 7.1738e-004 2.8330e-005 2.1519e-004 6.4106e-004 6.6909e-004 3.6907e-004
          27 5.2780e-005 3.4748e-004 9.1584e-004 1.1331e-003 5.0804e-004 1.1416e-007 4.9674e-004 8.2176e-004 2.1099e-004 1.0216e-004 7.3217e-004 5.7748e-004 1.5961e-005 3.2912e-004 7.7691e-004 4.5015e-004 2.4226e-005 1.1218e-004 3.6523e-004 3.9333e-004 2.1555e-004
          28 2.1129e-005 1.3938e-004 3.6836e-004 4.5773e-004 2.0732e-004 8.1444e-009 1.9791e-004 3.3248e-004 8.7840e-005 3.9027e-005 2.9318e-004 2.3641e-004 7.6442e-006 1.2841e-004 3.1251e-004 1.8602e-004 1.1507e-005 4.1929e-005 1.4348e-004 1.5711e-004 8.6323e-005
