   v'->v''           0           1           2           3           4           5           6           7           8           9          10          11          12
           0 9.3506e-001 6.1245e-002 3.4647e-003 2.1528e-004 1.4877e-005 1.3934e-006 1.4108e-007 1.1776e-008 8.0986e-010 3.2887e-010 1.7555e-010 1.0068e-010 6.2216e-011
           1 6.3405e-002 7.9518e-001 1.2746e-001 1.2593e-002 1.2186e-003 1.2675e-004 1.6860e-005 2.7578e-006 3.1486e-007 1.3937e-007 7.8893e-008 4.6581e-008 2.9140e-008
           2 1.5169e-003 1.3727e-001 6.3240e-001 1.9341e-001 3.0253e-002 4.3113e-003 6.5667e-004 1.1916e-004 1.5553e-005 7.1600e-006 4.2101e-006 2.5594e-006 1.6349e-006
           3 1.6791e-005 6.1688e-003 2.1909e-001 4.4998e-001 2.4915e-001 5.9446e-002 1.2159e-002 2.5843e-003 3.6178e-004 1.6899e-004 1.0067e-004 6.1783e-005 3.9728e-005
           4 1.6235e-007 1.2690e-004 1.6950e-002 3.0186e-001 2.5884e-001 2.7521e-001 9.9618e-002 2.8192e-002 4.4599e-003 2.1316e-003 1.2948e-003 8.0551e-004 5.2269e-004
           5 2.4841e-009 2.3594e-006 6.1308e-004 3.9361e-002 3.6833e-001 8.8409e-002 2.3711e-001 1.2814e-001 2.5953e-002 1.2973e-002 8.1817e-003 5.2238e-003 3.4485e-003
           6 2.3981e-008 2.0099e-008 1.9478e-005 2.4576e-003 8.2430e-002 3.8128e-001 9.6554e-004 1.0495e-001 4.3184e-002 2.4166e-002 1.6707e-002 1.1350e-002 7.8030e-003
           7 2.2078e-008 1.2143e-008 4.8787e-007 1.2787e-004 8.9207e-003 1.5607e-001 2.8056e-001 5.9733e-002 7.8257e-005 1.4011e-004 5.1075e-004 6.6859e-004 6.4611e-004
           8 3.3071e-009 3.1109e-008 4.2268e-010 5.4644e-006 7.6544e-004 3.0171e-002 2.4654e-001 6.4071e-002 4.8448e-002 2.6934e-002 1.8041e-002 1.1810e-002 7.8628e-003
           9 3.8958e-009 1.6445e-008 1.9358e-008 1.4924e-007 5.4232e-005 4.4077e-003 9.1612e-002 2.2769e-001 2.0432e-002 5.8779e-003 1.7243e-003 4.4899e-004 1.0549e-004
          10 3.4784e-009 1.1099e-014 2.2281e-008 3.8390e-009 3.1084e-006 5.2891e-004 2.4328e-002 1.9858e-001 2.6228e-003 5.8337e-003 7.5437e-003 6.9207e-003 5.5749e-003
          11 2.3348e-009 8.0659e-009 6.6405e-009 2.6337e-008 8.9258e-008 5.3746e-005 5.2477e-003 1.1034e-001 4.4270e-002 3.1598e-002 2.3486e-002 1.5749e-002 1.0433e-002
          12 6.5718e-010 6.3273e-011 2.8330e-009 2.2126e-008 7.0015e-009 4.5945e-006 9.6930e-004 4.8440e-002 9.3317e-002 4.5182e-002 2.3484e-002 1.1731e-002 6.1505e-003
          13 1.8741e-009 3.3839e-009 4.0282e-009 1.1797e-010 3.5402e-008 2.9194e-007 1.5715e-004 1.8337e-002 1.2140e-001 3.7945e-002 1.1061e-002 2.7053e-003 5.6765e-004
          14 5.1644e-011 1.0620e-010 1.0330e-009 6.9491e-009 1.3981e-008 2.6601e-009 2.2174e-005 6.2153e-003 1.2801e-001 1.9665e-002 7.6605e-004 5.4755e-004 1.7780e-003
          15 7.3240e-010 1.5230e-009 1.4123e-009 3.2956e-010 1.4057e-009 1.1330e-008 2.6195e-006 1.8929e-003 1.2010e-001 3.5779e-003 4.0304e-003 9.9798e-003 1.0370e-002
          16 1.0057e-009 1.4546e-009 1.7180e-009 3.4675e-009 6.3241e-009 1.0093e-008 2.3741e-007 5.1987e-004 1.0504e-001 1.5028e-003 2.3478e-002 2.5510e-002 1.9124e-002
          17 2.0659e-010 4.1353e-011 2.3288e-012 1.1659e-010 6.3684e-010 6.3859e-011 1.4896e-008 1.2920e-004 8.7151e-002 2.2203e-002 5.0287e-002 3.3884e-002 1.8408e-002
          18 4.1738e-011 4.7190e-010 8.5960e-010 1.3269e-009 2.2995e-009 3.5157e-009 9.9118e-011 2.6576e-005 6.6763e-002 6.8751e-002 6.3953e-002 2.3255e-002 6.5792e-003
          19 3.7590e-010 9.9488e-010 1.0889e-009 1.7538e-009 2.5800e-009 4.7505e-011 2.1010e-009 3.3724e-006 4.5839e-002 1.3254e-001 4.4951e-002 2.8084e-003 5.1607e-004
          20 5.1129e-010 7.0148e-010 3.9214e-010 4.4717e-010 2.1501e-010 9.3620e-010 2.1739e-010 7.6185e-008 2.6633e-002 1.8598e-001 6.0096e-003 1.0359e-002 2.0041e-002
          21 3.7821e-010 2.4422e-010 1.8402e-011 1.1131e-012 2.4254e-010 6.6662e-010 5.8703e-010 7.8499e-008 1.1893e-002 1.9135e-001 2.2476e-002 6.0611e-002 3.7339e-002
          22 1.9343e-010 3.2346e-011 3.5862e-011 1.8357e-010 6.9663e-010 4.6814e-011 3.5484e-011 2.4690e-008 3.3430e-003 1.3153e-001 1.7054e-001 5.8238e-002 4.7788e-003
          23 7.5645e-011 3.0920e-013 1.0016e-010 2.7478e-010 5.7700e-010 3.7285e-011 2.5891e-011 2.6909e-008 3.7083e-004 4.6119e-002 3.2121e-001 6.0193e-003 4.8752e-002
          24 2.3620e-011 8.4828e-012 8.7260e-011 1.9040e-010 2.8327e-010 9.1339e-011 4.2263e-011 4.6303e-009 1.2839e-007 3.2234e-003 1.7714e-001 4.0335e-001 2.8638e-002
