   v'->v''           0           1           2           3           4           5           6           7           8           9          10          11          12          13          14          15          16          17          18          19          20          21          22
           0 9.9182e-001 8.1732e-003 3.9786e-006 1.9804e-006 4.1537e-006 3.9959e-007 1.8714e-007 4.2805e-008 2.3835e-008 2.5036e-008 3.6233e-014 8.1794e-009 5.8673e-009 5.1278e-010 3.3377e-010 1.0401e-009 7.8642e-010 3.0487e-010 5.8525e-011 8.6405e-013 7.6278e-012 1.6676e-011 1.2571e-011
           1 7.3485e-003 8.8015e-001 1.0941e-001 2.9489e-003 1.2271e-004 9.6012e-007 2.1316e-005 3.1585e-007 2.1432e-006 5.8377e-007 6.3519e-008 2.8742e-007 9.9959e-008 4.0974e-010 2.4158e-008 4.0974e-008 3.0741e-008 1.5045e-008 5.1868e-009 1.1214e-009 6.9596e-011 2.4827e-011 6.9101e-011
           2 5.8978e-004 7.6545e-002 4.7763e-001 4.1592e-001 2.8961e-002 5.6114e-005 2.1261e-004 2.2596e-005 4.9085e-005 1.7842e-006 4.7441e-006 4.8815e-006 6.6501e-007 1.4918e-007 7.9384e-007 7.1060e-007 3.0341e-007 5.7458e-008 1.0656e-010 1.5306e-008 3.2986e-008 3.3894e-008 2.0092e-008
           3 2.0444e-004 2.5511e-002 2.6176e-001 2.0640e-001 4.0570e-001 9.7244e-002 2.2462e-003 6.4035e-004 1.5281e-004 2.9004e-005 7.2347e-005 1.3981e-005 9.5444e-007 8.2561e-006 6.5042e-006 1.9319e-006 9.6567e-008 1.3889e-007 4.7129e-007 5.7772e-007 4.9513e-007 3.3531e-007 1.6168e-007
           4 3.7413e-005 8.6886e-003 1.2375e-001 2.4495e-001 1.2187e-001 3.4466e-001 1.3986e-001 1.5408e-002 1.8258e-006 5.5555e-004 8.7611e-005 1.6303e-005 6.1279e-005 2.9776e-005 2.9410e-006 8.5805e-007 4.3120e-006 4.8713e-006 3.4955e-006 1.9970e-006 9.9071e-007 4.3752e-007 1.5740e-007
           5 2.3331e-007 8.0952e-004 2.6501e-002 1.1492e-001 2.9008e-001 8.0426e-002 2.8604e-001 1.6463e-001 3.4274e-002 1.5124e-003 2.5624e-004 3.7247e-004 5.1495e-005 7.0563e-006 4.0416e-005 3.4608e-005 1.4892e-005 3.3882e-006 1.5787e-007 2.0003e-007 6.9814e-007 8.1002e-007 5.0317e-007
           6 1.6701e-006 5.2551e-005 1.3010e-004 1.3918e-002 1.4159e-001 3.2347e-001 5.5326e-002 2.3351e-001 1.6897e-001 5.4803e-002 7.4077e-003 5.3021e-005 3.2426e-004 2.7296e-004 5.7333e-005 1.9277e-008 1.4170e-005 2.4400e-005 2.1725e-005 1.4687e-005 8.5097e-006 4.3438e-006 1.7480e-006
           7 5.8358e-008 3.9768e-005 7.0741e-004 3.9216e-004 9.5720e-003 1.4729e-001 3.5810e-001 3.9668e-002 1.8931e-001 1.6396e-001 7.1485e-002 1.7115e-002 1.6701e-003 7.4601e-006 2.5373e-004 2.1617e-004 8.4878e-005 1.6335e-005 2.8438e-007 1.9795e-006 4.9462e-006 5.2132e-006 3.1066e-006
           8 1.6053e-007 1.1439e-005 4.7026e-006 3.6545e-004 1.6318e-003 3.9190e-003 1.5372e-001 3.8958e-001 2.8133e-002 1.5304e-001 1.5088e-001 8.2295e-002 2.8869e-002 6.3247e-003 5.8299e-004 7.5708e-006 1.4716e-004 1.6796e-004 1.1343e-004 6.0427e-005 2.7943e-005 1.1547e-005 3.9448e-006
           9 1.4082e-008 8.7420e-007 6.6394e-005 1.4599e-004 7.2087e-005 2.5261e-003 1.0947e-003 1.5337e-001 4.2188e-001 1.8794e-002 1.2265e-001 1.3386e-001 8.7219e-002 4.0165e-002 1.3713e-002 3.3436e-003 4.8049e-004 9.1307e-006 2.9900e-005 7.0126e-005 7.2602e-005 5.3255e-005 2.6626e-005
          10 9.3086e-009 4.5340e-006 2.6109e-005 1.0708e-006 2.7225e-004 5.0560e-005 2.6709e-003 2.3057e-005 1.5417e-001 4.4944e-001 1.1207e-002 9.6922e-002 1.1524e-001 8.6159e-002 4.8446e-002 2.2256e-002 8.6271e-003 2.8670e-003 8.2265e-004 1.9497e-004 3.2857e-005 2.4023e-006 4.9685e-009
          11 2.6943e-008 8.1077e-007 2.9405e-007 3.3902e-005 4.6552e-005 1.5769e-004 4.0258e-004 2.0479e-003 3.2438e-004 1.5448e-001 4.7522e-001 4.9781e-003 7.4676e-002 9.5985e-002 7.9723e-002 5.2365e-002 2.9677e-002 1.5155e-002 7.3015e-003 3.4235e-003 1.5820e-003 7.0632e-004 2.6555e-004
          12 7.4643e-009 1.7020e-007 7.8235e-006 1.3947e-005 5.7757e-006 1.4057e-004 1.9226e-005 8.3622e-004 1.2029e-003 1.2256e-003 1.5681e-001 4.9648e-001 8.6402e-004 5.5037e-002 7.6920e-002 6.9391e-002 5.1308e-002 3.3644e-002 2.0590e-002 1.2133e-002 6.9421e-003 3.7275e-003 1.5939e-003
          13 1.2317e-009 6.2709e-007 4.7398e-006 1.7232e-007 2.6005e-005 1.6339e-005 1.4435e-004 3.3572e-005 1.0794e-003 4.6204e-004 2.1697e-003 1.6369e-001 5.1064e-001 3.5275e-004 3.7264e-002 5.8485e-002 5.6740e-002 4.5428e-002 3.3016e-002 2.2577e-002 1.4636e-002 8.6614e-003 3.9419e-003
          14 9.5732e-009 2.9453e-007 5.1555e-007 2.3692e-006 1.4223e-005 3.0662e-006 7.6646e-005 5.2123e-005 2.2404e-004 1.0071e-003 5.4394e-005 2.6951e-003 1.7619e-001 5.1550e-001 5.6883e-003 2.1380e-002 4.1048e-002 4.2713e-002 3.6424e-002 2.8157e-002 2.0113e-002 1.2786e-002 6.0808e-003
          15 6.9376e-009 2.9343e-008 1.8730e-007 3.7926e-006 1.8161e-006 1.6133e-005 1.1022e-005 9.4439e-005 2.5348e-008 4.5139e-004 7.0855e-004 3.4317e-005 2.6007e-003 1.9658e-001 5.0428e-001 2.0617e-002 8.3058e-003 2.5194e-002 2.9039e-002 2.5940e-002 2.0359e-002 1.3821e-002 6.8379e-003
          16 9.8626e-010 8.6391e-009 9.3639e-007 1.9907e-006 3.9284e-007 1.3866e-005 8.6571e-007 5.3727e-005 4.6144e-005 6.3109e-005 5.7666e-004 3.5478e-004 3.0182e-004 1.7950e-003 2.3025e-001 4.6692e-001 4.8997e-002 4.4943e-004 1.1240e-002 1.6424e-002 1.5515e-002 1.1529e-002 5.9694e-003
          17 2.3831e-010 4.8810e-008 9.5797e-007 3.4323e-007 2.5808e-006 5.0138e-006 9.5866e-006 1.2460e-005 6.7793e-005 1.0424e-006 2.0270e-004 5.2768e-004 9.5717e-005 7.5999e-004 5.2376e-004 2.8230e-001 3.9592e-001 8.8678e-002 4.0013e-003 1.4893e-003 5.5357e-003 5.9916e-003 3.5723e-003
          18 1.5342e-009 6.2420e-008 4.9828e-007 9.3238e-009 2.9676e-006 4.7915e-007 1.1884e-005 9.9832e-008 4.4367e-005 3.0696e-005 3.2739e-005 3.1706e-004 3.4663e-004 4.1412e-007 1.2392e-003 5.9824e-005 3.5282e-001 2.8839e-001 1.2751e-001 2.4093e-002 1.9938e-003 2.1713e-005 3.0205e-004
          19 1.7637e-009 4.8191e-008 1.3125e-007 2.4003e-007 1.8548e-006 1.4949e-007 7.7475e-006 2.5225e-006 1.7126e-005 4.4394e-005 7.1125e-008 1.2957e-004 3.1743e-004 1.4907e-004 7.5247e-005 1.5860e-003 2.8749e-003 4.4064e-001 1.6094e-001 1.3802e-001 5.2613e-002 1.5918e-002 4.0857e-003
          20 1.1337e-009 2.6571e-008 6.0149e-009 3.9494e-007 7.6522e-007 8.7489e-007 3.3995e-006 5.4944e-006 3.6891e-006 3.5230e-005 1.2150e-005 3.1443e-005 2.0827e-004 2.2477e-004 2.4389e-005 2.6114e-004 1.7418e-003 1.3475e-002 5.2891e-001 5.3381e-002 1.0053e-001 5.9110e-002 2.3344e-002
          21 5.0894e-010 1.0692e-008 1.1020e-008 3.6932e-007 2.0578e-007 1.2071e-006 1.0476e-006 5.7278e-006 1.6147e-007 2.1066e-005 2.1075e-005 2.4267e-006 1.0385e-004 1.9501e-004 9.1353e-005 7.1081e-006 4.8337e-004 1.6001e-003 3.7232e-002 5.9544e-001 2.7494e-003 3.6402e-002 2.5210e-002
          22 1.7208e-010 2.9387e-009 3.7053e-008 2.6281e-007 2.6275e-008 1.0798e-006 1.9924e-007 4.4061e-006 2.0960e-007 1.0642e-005 2.0203e-005 4.6338e-007 4.1865e-005 1.3138e-004 1.1537e-004 8.8195e-006 8.6625e-005 6.7295e-004 9.2829e-004 7.6389e-002 6.2712e-001 9.8981e-003 9.8906e-004
          23 4.5192e-011 4.4215e-010 4.3849e-008 1.5688e-007 4.5946e-012 7.5786e-007 1.1507e-008 2.8072e-006 6.5848e-007 4.7806e-006 1.4656e-005 2.5164e-006 1.4730e-005 7.5953e-005 9.4205e-005 2.7343e-005 1.2322e-005 1.9843e-004 7.1065e-004 3.4368e-005 1.2699e-001 6.2567e-001 3.5175e-002
          24 9.3921e-012 1.4269e-011 3.0860e-008 7.6279e-008 4.0661e-009 4.1109e-007 1.6695e-009 1.4328e-006 6.2455e-007 1.8664e-006 8.1088e-006 2.5590e-006 4.6158e-006 3.6371e-005 5.4372e-005 2.4955e-005 4.8581e-007 6.3927e-005 2.6301e-004 3.4750e-004 1.5384e-003 1.7880e-001 5.9836e-001
