   v'->v''           0           1           2           3           4           5           6           7           8           9          10          11          12          13          14          15          16          17          18          19          20
           0 1.5150e-002 8.3891e-002 2.0057e-001 2.7279e-001 2.3357e-001 1.3128e-001 4.8886e-002 1.1856e-002 1.7830e-003 1.4993e-004 5.4735e-006 1.8920e-008 1.7902e-008 2.1651e-008 8.3315e-009 8.8653e-010 3.5701e-009 1.2821e-009 1.2696e-010 8.1990e-010 5.5169e-010
           1 4.5023e-002 1.4692e-001 1.4704e-001 2.5393e-002 2.9279e-002 1.7584e-001 2.2846e-001 1.4239e-001 4.9272e-002 9.5216e-003 9.3607e-004 3.4905e-005 8.4578e-008 4.0701e-008 2.5693e-008 1.6670e-008 4.5724e-011 6.1095e-009 1.1837e-009 1.7787e-010 5.9816e-010
           2 7.6588e-002 1.3701e-001 3.0427e-002 2.9021e-002 1.2033e-001 3.6216e-002 2.5335e-002 1.8305e-001 2.1907e-001 1.1184e-001 2.7840e-002 3.1394e-003 1.1012e-004 1.3615e-008 1.0167e-007 8.9350e-009 1.5249e-008 6.5216e-011 5.2860e-009 1.4211e-009 2.5711e-011
           3 9.8689e-002 8.5885e-002 9.3771e-004 8.5405e-002 3.1337e-002 2.8839e-002 1.0820e-001 1.2641e-002 6.9775e-002 2.2866e-001 1.8287e-001 5.9042e-002 7.4633e-003 2.1920e-004 7.0719e-007 1.6946e-007 2.6926e-009 1.6517e-008 6.1629e-012 2.7882e-009 1.4541e-009
           4 1.0750e-001 3.6371e-002 2.8627e-002 6.2581e-002 2.6594e-003 7.8792e-002 9.2601e-003 6.1380e-002 7.9616e-002 3.3519e-003 1.7301e-001 2.4069e-001 1.0186e-001 1.3993e-002 2.8139e-004 8.5941e-006 5.0079e-008 1.2964e-008 6.2832e-008 1.7285e-008 6.6945e-010
           5 1.0477e-001 7.9678e-003 5.4481e-002 1.7930e-002 3.7780e-002 3.5220e-002 2.1007e-002 6.3751e-002 2.9293e-003 9.9252e-002 1.6572e-002 9.2304e-002 2.7143e-001 1.5254e-001 2.1798e-002 1.9315e-004 3.3592e-005 7.4240e-007 1.1543e-008 5.6752e-008 4.9024e-008
           6 9.4493e-002 7.8949e-006 5.7451e-002 1.2711e-004 5.3136e-002 9.4736e-004 5.4786e-002 4.6246e-003 5.7541e-002 1.8185e-002 5.4489e-002 6.5451e-002 2.8503e-002 2.7412e-001 2.0717e-001 2.8904e-002 1.3770e-005 6.2280e-005 8.9519e-006 1.4177e-006 1.3653e-007
           7 8.0489e-002 3.9876e-003 4.4137e-002 6.9453e-003 3.7340e-002 9.3653e-003 3.7278e-002 1.0887e-002 4.2970e-002 1.0782e-002 5.7866e-002 7.8111e-003 9.4905e-002 1.2317e-003 2.5729e-001 2.6392e-001 3.2558e-002 2.4011e-004 2.8274e-005 2.3520e-005 8.5305e-006
           8 6.5449e-002 1.1672e-002 2.6799e-002 1.9651e-002 1.5326e-002 2.6830e-002 9.2587e-003 3.4070e-002 5.8883e-003 4.2727e-002 4.2879e-003 5.5831e-002 4.1060e-003 8.3810e-002 6.4931e-003 2.3223e-001 3.2408e-001 2.9845e-002 1.5650e-003 5.5555e-005 5.5862e-008
           9 5.0768e-002 1.7745e-002 1.3042e-002 2.6397e-002 2.8072e-003 3.1124e-002 5.5031e-006 3.3085e-002 1.9002e-003 3.3343e-002 7.8338e-003 3.2836e-002 1.9367e-002 3.1548e-002 4.6197e-002 2.8594e-002 2.0716e-001 3.9030e-001 2.1788e-002 3.1301e-003 5.6201e-004
          10 3.6933e-002 1.9596e-002 4.9644e-003 2.4987e-002 1.8218e-006 2.3830e-002 3.5488e-003 1.8563e-002 1.1877e-002 1.1367e-002 2.2994e-002 4.1988e-003 3.5808e-002 9.9264e-006 4.8372e-002 1.0704e-002 5.1392e-002 1.7818e-001 4.7366e-001 1.2809e-002 2.3511e-003
