   v'->v''           0           1           2           3           4           5           6           7           8           9          10          11          12          13          14          15          16          17          18          19          20          21          22          23          24          25          26
           0 7.2596e-001 2.4914e-001 2.4116e-002 7.6857e-004 8.1549e-006 1.9551e-008 6.4388e-009 1.6649e-008 1.6920e-008 2.8887e-009 2.9223e-009 2.6874e-009 1.1588e-009 8.7949e-010 1.3000e-009 1.2490e-013 7.0759e-010 7.5121e-010 1.8778e-010 1.2739e-013 4.1633e-011 5.5660e-011 3.4122e-011 2.1577e-011 1.8355e-011 1.3829e-011 9.2540e-012
           1 2.1065e-001 3.3042e-001 3.8813e-001 6.7487e-002 3.2749e-003 5.0956e-005 2.6509e-007 1.5627e-009 1.6329e-008 2.4875e-008 1.1597e-008 2.5760e-010 6.3454e-009 7.3892e-013 3.1192e-009 4.2383e-010 7.4798e-010 1.4214e-009 4.2976e-010 2.0795e-012 7.3895e-011 1.0261e-010 6.2783e-011 3.9545e-011 3.3514e-011 2.5166e-011 1.6798e-011
           2 4.8634e-002 2.6877e-001 1.0952e-001 4.3908e-001 1.2501e-001 8.7666e-003 1.9409e-004 1.6299e-006 2.8055e-009 6.8748e-009 1.7710e-008 1.5102e-008 1.0834e-009 3.8137e-009 1.4099e-009 2.1288e-009 8.4275e-011 1.4207e-009 7.4275e-010 4.3064e-011 3.5910e-011 8.0307e-011 5.4226e-011 3.5299e-011 3.0498e-011 2.3196e-011 1.5606e-011
           3 1.1131e-002 1.0332e-001 2.3902e-001 1.4282e-002 4.2180e-001 1.9101e-001 1.8878e-002 5.8538e-004 7.4028e-006 5.1617e-008 1.0348e-009 7.7250e-009 1.0594e-008 3.5350e-009 6.3936e-010 2.2986e-009 3.8765e-010 6.0520e-010 8.8613e-010 1.8055e-010 4.4769e-014 2.6164e-011 2.4691e-011 1.7820e-011 1.6343e-011 1.2933e-011 8.9200e-012
           4 2.6530e-003 3.3130e-002 1.4077e-001 1.6852e-001 3.5429e-003 3.5535e-001 2.5865e-001 3.5773e-002 1.5495e-003 2.8686e-005 3.0798e-007 8.7000e-010 1.8173e-008 2.5530e-008 8.0628e-009 2.0531e-009 4.6463e-009 1.6657e-009 4.7305e-010 1.7357e-009 9.9730e-010 3.2050e-010 9.1644e-011 3.8494e-011 2.3828e-011 1.3791e-011 7.5927e-012
           5 6.8869e-004 1.0240e-002 6.0211e-002 1.5123e-001 9.1382e-002 4.2073e-002 2.5874e-001 3.1933e-001 6.2250e-002 3.7958e-003 1.0345e-004 1.7315e-006 3.6806e-009 1.8139e-008 3.3417e-008 1.4193e-008 1.6139e-009 6.1587e-009 2.1063e-009 2.1216e-010 1.2706e-009 9.4480e-010 4.3238e-010 2.3605e-010 1.8025e-010 1.2476e-010 7.8641e-011
           6 1.9411e-004 3.2560e-003 2.3221e-002 8.4293e-002 1.3430e-001 3.0992e-002 9.8977e-002 1.5224e-001 3.6158e-001 1.0166e-001 8.8814e-003 3.6097e-004 9.1992e-006 9.5213e-008 1.4555e-008 4.3863e-008 2.3691e-008 1.2385e-009 7.9144e-009 3.3719e-009 1.6918e-011 2.8414e-010 2.9097e-010 2.1098e-010 1.9257e-010 1.5129e-010 1.0366e-010
           7 5.8158e-005 1.0851e-003 8.8537e-003 3.9874e-002 9.7744e-002 9.6589e-002 1.6909e-003 1.4659e-001 5.8867e-002 3.7006e-001 1.5700e-001 2.0269e-002 1.2597e-003 4.9416e-005 1.0500e-006 7.0258e-010 3.9198e-008 2.6246e-008 1.9531e-010 5.5105e-009 2.2081e-009 2.1159e-010 3.8451e-012 1.6701e-012 8.0095e-012 1.1844e-011 1.1100e-011
           8 1.8863e-005 3.8226e-004 3.4508e-003 1.7909e-002 5.5989e-002 9.4421e-002 5.0227e-002 8.5461e-003 1.6061e-001 4.7790e-003 3.2596e-001 2.2728e-001 4.5651e-002 4.5182e-003 2.7836e-004 9.2324e-006 3.3640e-008 2.3736e-008 2.3917e-008 2.3570e-009 9.7701e-009 3.6121e-009 8.8718e-010 3.1546e-010 1.6247e-010 7.6939e-011 3.5176e-011
           9 6.8327e-006 1.4409e-004 1.3927e-003 7.9996e-003 2.9206e-002 6.5172e-002 7.1882e-002 1.1892e-002 4.4085e-002 1.2462e-001 1.4504e-002 2.1468e-001 2.9522e-001 1.0057e-001 1.6787e-002 1.6988e-003 9.7514e-005 2.5310e-006 3.4101e-009 1.0179e-007 1.5849e-012 5.1805e-009 3.1077e-009 1.7360e-009 1.3067e-009 8.8117e-010 5.4163e-010
          10 2.7305e-006 5.8042e-005 5.8565e-004 3.6121e-003 1.4609e-002 3.8549e-002 5.9665e-002 3.5470e-002 6.6880e-004 8.0463e-002 4.7998e-002 8.5002e-002 6.2315e-002 2.9590e-001 1.9937e-001 6.2218e-002 1.1990e-002 1.4402e-003 8.8825e-005 6.0732e-007 3.0864e-007 6.0547e-009 1.9265e-008 1.3543e-008 1.1063e-008 7.6669e-009 4.7254e-009
