   v'->v''           0           1           2           3           4
           0 9.8660e-001 1.3033e-002 3.5437e-004 1.2468e-005 9.3262e-007
           1 1.3398e-002 9.5939e-001 2.5820e-002 1.3342e-003 4.7516e-005
           2 3.3205e-011 2.7528e-002 9.3610e-001 3.2679e-002 3.5224e-003
           3 5.9795e-007 3.2756e-005 3.6907e-002 9.3032e-001 2.5641e-002
           4 2.7742e-007 1.5089e-005 7.4988e-004 3.2106e-002 9.4360e-001
           5 5.4911e-009 2.6510e-007 5.0797e-005 3.4649e-003 2.2308e-002
           6 3.1527e-009 6.4477e-007 6.9937e-006 6.7095e-008 4.3450e-003
           7 2.6604e-010 6.0361e-009 2.3164e-006 7.6965e-005 3.9970e-004
           8 2.2133e-009 5.7486e-008 1.4933e-006 1.8424e-006 7.8698e-005
           9 2.5399e-040 6.6048e-039 1.7069e-037 2.0727e-037 9.0736e-036
          10 6.4795e-042 2.1712e-040 2.7519e-039 2.7265e-040 4.1596e-037
          11 2.9535e-040 1.8590e-038 8.1659e-038 9.8270e-037 4.5270e-035
          12 3.9130e-039 3.3163e-036 2.9949e-037 6.9970e-034 1.0596e-032
          13 1.9484e-025 9.5365e-024 5.0949e-023 5.8975e-021 4.4772e-020
          14 3.5953e-034 1.2642e-032 8.9236e-032 8.6973e-030 6.2314e-029
          15 1.0375e-033 1.5331e-033 1.7676e-031 5.1523e-030 1.9329e-029
          16 7.1988e-032 2.5953e-035 9.5735e-030 1.4503e-028 2.7641e-028
          17 1.1842e-029 3.6870e-030 1.2878e-027 1.1985e-026 9.2884e-027
          18 1.6260e-017 1.0794e-017 1.5289e-015 9.7546e-015 1.6861e-015
          19 1.8786e-026 1.3396e-026 1.7318e-024 1.0430e-023 1.1811e-024
          20 1.0501e-026 1.0790e-026 8.5494e-025 3.2636e-024 5.0750e-025
          21 1.4279e-025 1.7985e-025 1.0897e-023 2.3374e-023 6.4398e-023
          22 5.7805e-024 8.3502e-024 4.5940e-022 3.7414e-022 9.1854e-021
          23 4.0330e-012 6.4718e-012 3.8910e-010 3.6317e-011 1.7581e-008
          24 8.3204e-022 1.3752e-021 8.7332e-020 1.5896e-021 4.7437e-018
          25 7.8064e-023 1.8281e-022 2.5851e-020 3.3320e-020 3.8270e-018
          26 4.6099e-022 1.9680e-022 1.0070e-019 1.4913e-018 4.9178e-017
          27 2.6879e-019 2.7669e-019 7.8111e-019 1.4629e-016 2.5026e-015
          28 7.7807e-010 8.7085e-010 1.4216e-011 2.6369e-007 3.2207e-006
          29 4.5127e-017 5.1431e-017 2.5610e-018 1.3107e-014 1.3959e-013
          30 8.3956e-017 9.7954e-017 6.3225e-017 1.6895e-014 1.1938e-013
          31 1.2517e-015 1.4563e-015 1.5147e-015 1.9540e-013 9.2290e-013
          32 1.2028e-013 1.3789e-013 1.6517e-013 1.5510e-011 4.7439e-011
          33 2.9364e-009 3.3396e-009 4.0698e-009 3.5452e-007 8.9142e-007
          34 6.4171e-013 7.2064e-013 8.7913e-013 7.1096e-011 1.3074e-010
          35 1.4847e-012 1.6299e-012 1.9121e-012 1.4503e-010 1.3902e-010
          36 2.2100e-011 2.3740e-011 2.6005e-011 1.9369e-009 7.1987e-010
          37 1.7719e-009 1.8775e-009 1.9377e-009 1.4459e-007 1.7049e-008
          38 4.8385e-010 5.0958e-010 5.0896e-010 3.8109e-008 1.6080e-009
          39 1.9560e-010 2.0355e-010 1.8555e-010 1.4060e-008 3.9085e-010
          40 3.4112e-010 3.5333e-010 2.9299e-010 2.2402e-008 6.7793e-009
          41 4.6531e-010 4.8355e-010 3.6485e-010 2.7919e-008 2.4778e-008
          42 3.6742e-010 3.8714e-010 2.6096e-010 1.9723e-008 4.0473e-008
          43 2.6236e-010 2.8528e-010 1.6611e-010 1.2095e-008 5.4188e-008
          44 1.9391e-010 2.2335e-010 1.0713e-010 7.2011e-009 7.0522e-008
          45 1.3680e-010 1.7349e-010 6.3191e-011 3.6246e-009 8.5743e-008
          46 8.7046e-011 1.2913e-010 3.0382e-011 1.2283e-009 9.6141e-008
          47 4.8277e-011 9.2655e-011 9.5477e-012 1.0822e-010 1.0121e-007
          48 2.1714e-011 6.4807e-011 5.0420e-013 1.6763e-010 1.0164e-007
          49 6.3601e-012 4.4465e-011 2.6748e-012 1.1912e-009 9.7981e-008
          50 3.3562e-013 3.0167e-011 1.5643e-011 2.9020e-009 9.0914e-008
          51 1.2748e-012 2.0540e-011 3.9121e-011 4.9983e-009 8.1487e-008
          52 6.6450e-012 1.4341e-011 7.2943e-011 7.1964e-009 7.0805e-008
          53 1.4081e-011 1.0520e-011 1.1688e-010 9.2456e-009 5.9698e-008
          54 2.1581e-011 8.2990e-012 1.7034e-010 1.0938e-008 4.8788e-008
          55 2.7620e-011 7.1555e-012 2.3211e-010 1.2122e-008 3.8578e-008
          56 3.1246e-011 6.7604e-012 3.0042e-010 1.2724e-008 2.9446e-008
          57 3.2133e-011 6.9202e-012 3.7350e-010 1.2757e-008 2.1646e-008
          58 3.0407e-011 7.5056e-012 4.4899e-010 1.2275e-008 1.5234e-008
          59 2.6533e-011 8.4107e-012 5.2382e-010 1.1361e-008 1.0153e-008
          60 2.1214e-011 9.5322e-012 5.9468e-010 1.0122e-008 6.2905e-009
          61 1.5246e-011 1.0739e-011 6.5722e-010 8.6636e-009 3.4989e-009
          62 9.4883e-012 1.1905e-011 7.0831e-010 7.1135e-009 1.6322e-009
          63 4.6878e-012 1.2913e-011 7.4591e-010 5.5876e-009 5.3366e-010
          64 1.4112e-012 1.3636e-011 7.6738e-010 4.1688e-009 5.2231e-011
          65 3.1562e-014 1.3993e-011 7.7212e-010 2.9258e-009 5.2686e-011
          66 7.0633e-013 1.3920e-011 7.5946e-010 1.8967e-009 4.1711e-010
          67 3.3975e-012 1.3402e-011 7.3016e-010 1.0999e-009 1.0459e-009
          68 7.8863e-012 1.2440e-011 6.8449e-010 5.3325e-010 1.8533e-009
          69 1.3809e-011 1.1107e-011 6.2533e-010 1.8274e-010 2.7677e-009
          70 2.0726e-011 9.5017e-012 5.5604e-010 2.0896e-011 3.7324e-009
          71 2.8144e-011 7.7360e-012 4.7989e-010 1.3345e-011 4.7000e-009
          72 3.5577e-011 5.9311e-012 4.0045e-010 1.2301e-010 5.6330e-009
          73 4.2545e-011 4.2076e-012 3.2122e-010 3.1302e-010 6.4981e-009
          74 4.8659e-011 2.6783e-012 2.4567e-010 5.4938e-010 7.2722e-009
          75 5.3606e-011 1.4373e-012 1.7686e-010 8.0273e-010 7.9378e-009
          76 5.7122e-011 5.5494e-013 1.1714e-010 1.0485e-009 8.4759e-009
          77 5.9070e-011 7.9848e-014 6.8612e-011 1.2679e-009 8.8765e-009
          78 5.9440e-011 3.2876e-014 3.2628e-011 1.4488e-009 9.1390e-009
          79 5.8285e-011 4.1031e-013 9.8553e-012 1.5837e-009 9.2634e-009
          80 5.5706e-011 1.1863e-012 3.5173e-013 1.6690e-009 9.2491e-009
          81 5.1940e-011 2.3183e-012 3.6110e-012 1.7067e-009 9.1115e-009
          82 4.7195e-011 3.7500e-012 1.8648e-011 1.6999e-009 8.8570e-009
          83 4.1714e-011 5.4139e-012 4.4076e-011 1.6533e-009 8.4951e-009
          84 3.5808e-011 7.2451e-012 7.8276e-011 1.5749e-009 8.0480e-009
          85 2.9718e-011 9.1698e-012 1.1938e-010 1.4707e-009 7.5254e-009
          86 2.3711e-011 1.1121e-011 1.6547e-010 1.3479e-009 6.9452e-009
          87 1.8026e-011 1.3036e-011 2.1457e-010 1.2133e-009 6.3239e-009
          88 1.2876e-011 1.4860e-011 2.6483e-010 1.0732e-009 5.6791e-009
          89 8.4362e-012 1.6546e-011 3.1446e-010 9.3251e-010 5.0258e-009
          90 4.8498e-012 1.8064e-011 3.6202e-010 7.9617e-010 4.3806e-009
          91 2.2140e-012 1.9388e-011 4.0623e-010 6.6747e-010 3.7565e-009
          92 5.8935e-013 2.0496e-011 4.4587e-010 5.4862e-010 3.1632e-009
          93 2.2653e-015 2.1389e-011 4.8031e-010 4.4160e-010 2.6114e-009
          94 4.4518e-013 2.2060e-011 5.0885e-010 3.4713e-010 2.1072e-009
          95 1.8813e-012 2.2509e-011 5.3094e-010 2.6547e-010 1.6552e-009
          96 4.2493e-012 2.2760e-011 5.4677e-010 1.9668e-010 1.2600e-009
          97 7.4601e-012 2.2804e-011 5.5581e-010 1.3999e-010 9.2160e-010
          98 1.1399e-011 2.2654e-011 5.5809e-010 9.4663e-011 6.4045e-010
          99 1.5896e-011 2.2282e-011 5.5280e-010 5.9664e-011 4.1484e-010
         100 2.0635e-011 2.1600e-011 5.3768e-010 3.3923e-011 2.4241e-010
         101 2.4940e-011 2.0384e-011 5.0725e-010 1.6401e-011 1.2049e-010
