   v'->v''           0           1           2           3           4           5           6           7           8           9          10          11
           0 2.4359e-003 9.5465e-001 1.7277e-002 2.3924e-002 1.3732e-003 2.7586e-004 4.4671e-005 1.1688e-005 2.8585e-006 5.8635e-007 1.1008e-007 2.3130e-008
           1 4.1567e-003 3.8201e-002 1.8007e-001 6.2497e-001 1.1461e-001 3.3413e-002 3.8474e-003 5.3600e-004 1.2080e-004 4.3200e-005 1.6677e-005 5.7773e-006
           2 2.0027e-002 1.3917e-003 1.4288e-001 2.6917e-002 2.3453e-001 3.8380e-001 1.4732e-001 3.6236e-002 5.7127e-003 8.0522e-004 1.7209e-004 6.5763e-005
           3 9.8230e-002 1.7519e-005 1.3137e-001 1.8403e-002 1.3241e-001 3.6030e-003 1.9551e-001 2.4647e-001 1.2349e-001 3.8265e-002 9.1801e-003 1.9895e-003
           4 2.8524e-001 6.8046e-004 5.7315e-002 4.7360e-002 2.4425e-004 8.2801e-002 1.4907e-002 4.3865e-002 1.5353e-001 1.4999e-001 8.7807e-002 3.8699e-002
           5 3.7148e-001 2.3510e-003 9.6254e-003 5.8380e-003 5.3123e-002 2.0900e-003 5.3796e-002 3.9326e-002 1.4001e-003 5.6204e-002 9.7851e-002 8.3501e-002
           6 1.9529e-001 2.2067e-003 1.9374e-001 4.5709e-002 1.1894e-002 4.3271e-002 8.1123e-003 2.5367e-002 4.6049e-002 7.9977e-003 4.1210e-003 2.3115e-002
           7 2.0684e-002 4.9991e-004 2.2654e-001 1.4417e-001 9.6787e-002 3.1332e-003 4.0076e-002 1.3112e-002 8.6871e-003 3.5392e-002 2.2577e-002 4.2756e-003
           8 1.4081e-003 4.8654e-007 3.8157e-002 6.0398e-002 2.7934e-001 1.5642e-001 1.1066e-003 3.3776e-002 1.7043e-002 7.2777e-004 1.6516e-002 1.9634e-002
           9 1.5975e-034 5.1122e-038 4.3808e-033 6.9087e-033 3.1612e-032 1.6832e-032 8.7426e-034 5.3338e-032 9.4634e-030 6.9043e-026 1.0298e-020 1.2978e-012
          10 5.4073e-037 2.2900e-038 1.2017e-034 1.1702e-034 3.3503e-035 2.2942e-033 6.7410e-032 4.2225e-030 1.1522e-027 6.1035e-024 6.2351e-019 3.2003e-011
          11 2.2902e-035 7.2459e-036 7.7002e-033 3.9380e-033 1.4563e-032 5.2271e-031 7.1708e-030 3.0651e-028 6.6535e-026 2.6154e-022 1.8214e-017 3.7640e-010
          12 5.2303e-032 2.7904e-033 9.5741e-031 1.1955e-031 1.1777e-029 1.1038e-028 6.5536e-028 1.4733e-026 2.4877e-024 7.2134e-021 3.4084e-016 2.8086e-009
          13 5.8778e-019 1.6262e-020 1.7902e-018 1.0743e-019 7.6916e-017 2.8486e-016 2.5876e-016 7.8394e-020 3.2996e-017 1.7890e-017 5.7838e-015 1.9892e-008
          14 8.8274e-028 2.3274e-029 2.2558e-027 2.4984e-028 1.0994e-025 3.7085e-025 2.2251e-025 5.5025e-025 7.1933e-023 1.4392e-019 4.5965e-015 1.5001e-008
          15 6.1925e-028 1.0064e-029 8.3307e-029 1.1114e-027 4.2378e-026 3.3476e-026 2.8987e-025 1.6048e-023 1.4809e-021 2.2363e-018 4.7926e-014 6.1677e-008
          16 1.9908e-026 2.1687e-028 3.1701e-027 6.1005e-026 6.9911e-025 2.8859e-027 2.2980e-023 4.3828e-022 2.6360e-020 2.8280e-017 4.0434e-013 2.0500e-007
          17 1.8617e-024 1.4029e-026 1.8150e-024 7.5543e-024 2.9627e-023 4.7859e-023 2.1181e-021 1.4140e-020 4.0487e-019 3.0091e-016 2.8501e-012 5.7198e-007
          18 1.6870e-012 9.1101e-015 3.6325e-012 8.2912e-012 1.0848e-011 1.0130e-010 1.3802e-009 1.4650e-009 6.4730e-013 1.2726e-010 3.0836e-011 1.7488e-006
          19 1.8345e-021 9.3676e-024 4.3740e-021 9.2852e-021 9.8958e-021 1.2021e-019 1.3973e-018 8.2124e-019 5.4208e-018 2.8187e-015 1.7230e-011 1.3851e-006
          20 6.5635e-022 1.9893e-024 3.1732e-021 4.2501e-021 3.3498e-022 7.2434e-020 2.4054e-019 7.4451e-019 7.0955e-017 2.2749e-014 9.1076e-011 2.9949e-006
          21 5.5603e-021 5.6204e-024 5.5986e-020 5.0950e-020 8.5591e-021 1.0037e-018 5.1380e-019 3.3114e-017 9.2321e-016 1.6772e-013 4.2819e-010 5.9514e-006
          22 1.2121e-019 3.2457e-023 3.2447e-018 2.0236e-018 2.7540e-018 4.5571e-017 9.8672e-019 1.8493e-015 1.6073e-014 1.1420e-012 1.8171e-009 1.1155e-005
          23 3.2911e-008 7.1791e-010 3.6231e-006 1.6046e-006 6.1837e-006 4.2262e-005 2.3043e-005 1.5271e-003 2.2775e-003 5.8051e-007 1.2609e-004 2.9133e-005
          24 4.4757e-018 2.4499e-019 8.7135e-016 3.5279e-016 1.6987e-015 9.7511e-015 7.3533e-015 3.3438e-013 2.1906e-013 7.2676e-012 7.0940e-009 2.0184e-005
          25 1.6690e-018 4.2145e-019 3.9159e-016 8.6924e-017 1.4227e-015 3.5432e-015 8.6099e-015 8.1050e-014 2.0190e-013 4.6111e-011 2.5538e-008 3.5943e-005
          26 1.6066e-016 8.1292e-018 2.7613e-015 1.9305e-016 1.8004e-014 2.0016e-014 1.1614e-013 2.4988e-013 5.7853e-012 3.0771e-010 8.6903e-008 6.3788e-005
          27 1.8166e-014 5.3992e-016 7.0138e-014 1.4796e-016 8.7882e-013 3.7774e-013 5.7387e-012 1.8329e-012 2.4554e-010 3.0313e-009 2.8401e-007 1.1379e-004
          28 3.3378e-005 7.9937e-007 4.9360e-005 8.1686e-006 1.0884e-003 1.8597e-004 7.2081e-003 1.7993e-004 2.2467e-001 4.3581e-001 3.2729e-004 1.2504e-002
          29 1.6546e-012 3.6630e-014 1.5316e-012 6.5923e-013 4.6266e-011 4.3769e-012 3.0970e-010 3.6349e-014 8.0634e-009 2.0109e-009 9.2546e-007 2.0602e-004
          30 2.0459e-012 3.6694e-014 2.3376e-013 1.9025e-012 3.6918e-011 4.3769e-014 2.6139e-010 3.5256e-011 3.4401e-009 1.6185e-008 3.0695e-006 3.7739e-004
          31 2.1868e-011 3.2683e-013 3.3071e-013 3.1856e-011 2.6396e-010 4.4289e-011 2.0457e-009 9.4278e-010 1.2549e-008 2.5181e-007 1.1786e-005 7.0970e-004
          32 1.5597e-009 1.9406e-011 3.9981e-010 3.0807e-009 1.2451e-008 9.4338e-009 1.0954e-007 1.0984e-007 3.1388e-007 1.2357e-005 1.0290e-004 1.3684e-003
          33 3.3891e-005 3.8918e-007 1.4377e-005 7.4194e-005 2.2538e-004 2.7421e-004 2.1147e-003 2.8024e-003 4.4841e-003 2.1088e-001 4.9379e-001 5.2781e-003
          34 6.2754e-009 6.3540e-011 4.5967e-009 1.5732e-008 3.1217e-008 7.1716e-008 3.2730e-007 6.4161e-007 4.4867e-007 2.6295e-005 1.7937e-006 3.1035e-003
          35 1.1003e-008 8.6577e-011 1.5863e-008 3.3942e-008 2.9734e-008 2.0024e-007 4.0648e-007 1.5590e-006 2.3110e-007 2.2919e-005 1.7928e-004 7.7241e-003
          36 1.2388e-007 7.0022e-010 3.0293e-007 4.6471e-007 1.3186e-007 3.3186e-006 2.9433e-006 2.3718e-005 1.8391e-007 1.4171e-004 2.7561e-003 3.2220e-002
          37 8.0740e-006 3.3107e-008 2.7688e-005 3.4918e-005 2.4605e-006 2.7968e-004 1.2466e-004 1.9055e-003 1.5081e-005 6.7910e-003 1.5935e-001 5.1094e-001
          38 1.9757e-006 6.5822e-009 8.0064e-006 9.2138e-006 1.6172e-007 7.7904e-005 2.2931e-005 5.1884e-004 1.5810e-005 1.4852e-003 3.4939e-002 3.6788e-002
          39 5.8863e-007 8.7348e-010 3.6844e-006 3.3971e-006 1.5314e-007 3.2790e-005 2.0271e-006 2.0601e-004 3.1777e-005 3.7466e-004 7.3439e-003 5.1311e-003
          40 7.3649e-007 1.5830e-010 7.1548e-006 5.4067e-006 1.6455e-006 5.8897e-005 6.3878e-010 3.4905e-004 1.2669e-004 4.5267e-004 6.7011e-003 3.8310e-002
          41 6.9833e-007 1.6989e-010 1.0704e-005 6.7563e-006 5.3002e-006 8.2293e-005 4.0088e-006 4.6022e-004 2.9560e-004 4.4154e-004 5.3367e-003 6.4010e-002
          42 3.3368e-007 1.4595e-009 9.3258e-006 4.8268e-006 7.9985e-006 6.6700e-005 1.3423e-005 3.4837e-004 3.6775e-004 2.2606e-004 2.6770e-003 4.3517e-002
          43 1.0290e-007 3.3970e-009 7.4634e-006 3.0489e-006 1.0074e-005 4.9218e-005 2.4430e-005 2.3623e-004 4.0016e-004 8.0162e-005 1.4042e-003 2.1346e-002
          44 1.0473e-008 5.7592e-009 6.2976e-006 1.9365e-006 1.2493e-005 3.7971e-005 3.7244e-005 1.6472e-004 4.3903e-004 1.3885e-005 9.2554e-004 9.5412e-003
          45 9.7586e-009 8.0927e-009 5.2130e-006 1.1173e-006 1.4607e-005 2.8403e-005 4.9664e-005 1.0899e-004 4.5905e-004 1.2031e-006 6.8132e-004 3.9755e-003
          46 7.9542e-008 9.8693e-009 4.0681e-006 5.2458e-007 1.5855e-005 1.9656e-005 5.9120e-005 6.4457e-005 4.4743e-004 2.9409e-005 4.9889e-004 1.6674e-003
          47 1.9650e-007 1.0907e-008 2.9840e-006 1.6461e-007 1.6237e-005 1.2395e-005 6.4930e-005 3.2601e-005 4.1203e-004 8.2596e-005 3.3845e-004 8.1550e-004
          48 3.3824e-007 1.1244e-008 2.0478e-006 1.2152e-008 1.5919e-005 6.9265e-006 6.7357e-005 1.2698e-005 3.6332e-004 1.4517e-004 1.9932e-004 5.1540e-004
          49 4.8499e-007 1.0965e-008 1.2882e-006 2.5117e-008 1.5009e-005 3.1865e-006 6.6669e-005 2.6106e-006 3.0788e-004 2.0476e-004 9.1842e-005 4.0362e-004
          50 6.1995e-007 1.0196e-008 7.1329e-007 1.5830e-007 1.3624e-005 9.8616e-007 6.3260e-005 1.4453e-008 2.5057e-004 2.5275e-004 2.5278e-005 3.4395e-004
          51 7.3138e-007 9.1093e-009 3.1975e-007 3.6753e-007 1.1923e-005 7.1669e-008 5.7785e-005 2.6766e-006 1.9561e-004 2.8468e-004 5.2139e-007 2.8512e-004
          52 8.1290e-007 7.8716e-009 9.1472e-008 6.1361e-007 1.0072e-005 1.4662e-007 5.0981e-005 8.5953e-006 1.4606e-004 2.9967e-004 9.7431e-006 2.1460e-004
          53 8.6095e-007 6.6039e-009 3.4304e-009 8.6357e-007 8.1955e-006 9.1150e-007 4.3444e-005 1.6095e-005 1.0344e-004 2.9872e-004 4.0696e-005 1.3929e-004
          54 8.7432e-007 5.3876e-009 2.6826e-008 1.0905e-006 6.3907e-006 2.0890e-006 3.5672e-005 2.3826e-005 6.8471e-005 2.8406e-004 8.1043e-005 7.2642e-005
          55 8.5454e-007 4.2779e-009 1.3132e-007 1.2741e-006 4.7416e-006 3.4351e-006 2.8117e-005 3.0757e-005 4.1378e-005 2.5890e-004 1.2088e-004 2.5693e-005
          56 8.0598e-007 3.3078e-009 2.8677e-007 1.4018e-006 3.3135e-006 4.7510e-006 2.1170e-005 3.6194e-005 2.1899e-005 2.2699e-004 1.5373e-004 2.8488e-006
          57 7.3585e-007 2.4928e-009 4.6608e-007 1.4708e-006 2.1487e-006 5.9001e-006 1.5137e-005 3.9829e-005 9.2980e-006 1.9219e-004 1.7667e-004 2.0366e-006
          58 6.5090e-007 1.8273e-009 6.4664e-007 1.4826e-006 1.2568e-006 6.7964e-006 1.0161e-005 4.1598e-005 2.4422e-006 1.5739e-004 1.8907e-004 1.7248e-005
          59 5.5726e-007 1.2956e-009 8.1043e-007 1.4422e-006 6.2608e-007 7.3942e-006 6.2738e-006 4.1602e-005 5.4508e-008 1.2458e-004 1.9168e-004 4.1250e-005
          60 4.6080e-007 8.8008e-010 9.4462e-007 1.3576e-006 2.3121e-007 7.6849e-006 3.4332e-006 4.0084e-005 8.6844e-007 9.5081e-005 1.8612e-004 6.7457e-005
          61 3.6621e-007 5.6243e-010 1.0398e-006 1.2371e-006 3.7374e-008 7.6759e-006 1.5376e-006 3.7314e-005 3.7280e-006 6.9532e-005 1.7409e-004 9.0770e-005
          62 2.7835e-007 3.2844e-010 1.0928e-006 1.0926e-006 4.6201e-009 7.4103e-006 4.5490e-007 3.3677e-005 7.6508e-006 4.8360e-005 1.5774e-004 1.0814e-004
          63 2.0083e-007 1.6528e-010 1.1055e-006 9.3628e-007 9.0745e-008 6.9469e-006 2.6057e-008 2.9561e-005 1.1886e-005 3.1590e-005 1.3909e-004 1.1850e-004
          64 1.3558e-007 6.1936e-011 1.0808e-006 7.7727e-007 2.5551e-007 6.3348e-006 8.7978e-008 2.5247e-005 1.5888e-005 1.8925e-005 1.1952e-004 1.2195e-004
          65 8.3731e-008 9.8222e-012 1.0255e-006 6.2447e-007 4.6346e-007 5.6330e-006 4.8844e-007 2.1004e-005 1.9326e-005 9.9679e-006 1.0029e-004 1.1969e-004
          66 4.5251e-008 1.9048e-012 9.4592e-007 4.8376e-007 6.8508e-007 4.8862e-006 1.0947e-006 1.7006e-005 2.2011e-005 4.1979e-006 8.2122e-005 1.1310e-004
          67 1.9413e-008 3.2357e-011 8.4968e-007 3.5958e-007 8.9778e-007 4.1358e-006 1.7981e-006 1.3379e-005 2.3879e-005 1.0658e-006 6.5540e-005 1.0370e-004
          68 4.8909e-009 9.5816e-011 7.4247e-007 2.5394e-007 1.0837e-006 3.4076e-006 2.5106e-006 1.0179e-005 2.4898e-005 1.2537e-008 5.0736e-005 9.2568e-005
          69 2.9219e-011 1.8680e-010 6.3159e-007 1.6834e-007 1.2325e-006 2.7307e-006 3.1696e-006 7.4566e-006 2.5144e-005 4.9990e-007 3.7940e-005 8.0820e-005
          70 2.8888e-009 2.9977e-010 5.2293e-007 1.0251e-007 1.3397e-006 2.1236e-006 3.7359e-006 5.2199e-006 2.4727e-005 2.0279e-006 2.7211e-005 6.9220e-005
          71 1.1485e-008 4.2869e-010 4.2069e-007 5.5022e-008 1.4043e-006 1.5955e-006 4.1852e-006 3.4463e-006 2.3750e-005 4.1621e-006 1.8500e-005 5.8229e-005
          72 2.3924e-008 5.6728e-010 3.2793e-007 2.3790e-008 1.4285e-006 1.1502e-006 4.5080e-006 2.0988e-006 2.2330e-005 6.5477e-006 1.1703e-005 4.8126e-005
          73 3.8470e-008 7.0859e-010 2.4663e-007 6.3654e-009 1.4159e-006 7.8731e-007 4.7028e-006 1.1318e-006 2.0573e-005 8.9066e-006 6.6704e-006 3.9054e-005
          74 5.3647e-008 8.4606e-010 1.7783e-007 1.3384e-010 1.3724e-006 5.0318e-007 4.7779e-006 4.9510e-007 1.8592e-005 1.1046e-005 3.2163e-006 3.1079e-005
          75 6.8266e-008 9.7342e-010 1.2173e-007 2.5224e-009 1.3042e-006 2.9150e-007 4.7459e-006 1.3626e-007 1.6488e-005 1.2843e-005 1.1211e-006 2.4201e-005
          76 8.1371e-008 1.0842e-009 7.7743e-008 1.1144e-008 1.2165e-006 1.4415e-007 4.6182e-006 3.6937e-009 1.4335e-005 1.4226e-005 1.4668e-007 1.8354e-005
          77 9.2299e-008 1.1733e-009 4.5021e-008 2.3860e-008 1.1151e-006 5.2709e-008 4.4112e-006 4.8679e-008 1.2215e-005 1.5174e-005 5.2795e-008 1.3484e-005
          78 1.0070e-007 1.2373e-009 2.2346e-008 3.8863e-008 1.0059e-006 8.1378e-009 4.1432e-006 2.2565e-007 1.0194e-005 1.5708e-005 6.0462e-007 9.5188e-006
          79 1.0642e-007 1.2741e-009 8.2880e-009 5.4686e-008 8.9328e-007 1.4574e-009 3.8301e-006 4.9369e-007 8.3216e-006 1.5865e-005 1.5880e-006 6.3730e-006
          80 1.0943e-007 1.2820e-009 1.3719e-009 7.0151e-008 7.8081e-007 2.4141e-008 3.4853e-006 8.1651e-007 6.6280e-006 1.5687e-005 2.8163e-006 3.9597e-006
          81 1.0998e-007 1.2627e-009 1.5368e-010 8.4468e-008 6.7217e-007 6.8350e-008 3.1252e-006 1.1642e-006 5.1406e-006 1.5240e-005 4.1398e-006 2.1993e-006
          82 1.0828e-007 1.2175e-009 3.2816e-009 9.7041e-008 5.6935e-007 1.2709e-007 2.7602e-006 1.5115e-006 3.8650e-006 1.4572e-005 5.4415e-006 1.0078e-006
          83 1.0461e-007 1.1489e-009 9.5383e-009 1.0747e-007 4.7385e-007 1.9419e-007 2.3993e-006 1.8379e-006 2.7995e-006 1.3729e-005 6.6346e-006 3.0636e-007
          84 9.9425e-008 1.0616e-009 1.7877e-008 1.1568e-007 3.8725e-007 2.6469e-007 2.0532e-006 2.1305e-006 1.9379e-006 1.2770e-005 7.6701e-006 1.7704e-008
          85 9.3007e-008 9.5929e-010 2.7401e-008 1.2155e-007 3.0983e-007 3.3424e-007 1.7266e-006 2.3777e-006 1.2632e-006 1.1725e-005 8.5119e-006 6.5784e-008
          86 8.5718e-008 8.4684e-010 3.7385e-008 1.2518e-007 2.4198e-007 3.9957e-007 1.4250e-006 2.5738e-006 7.5732e-007 1.0634e-005 9.1483e-006 3.7690e-007
          87 7.7879e-008 7.2901e-010 4.7246e-008 1.2670e-007 1.8366e-007 4.5814e-007 1.1518e-006 2.7158e-006 3.9956e-007 9.5250e-006 9.5790e-006 8.8022e-007
          88 6.9788e-008 6.1057e-010 5.6548e-008 1.2633e-007 1.3463e-007 5.0823e-007 9.0938e-007 2.8045e-006 1.6825e-007 8.4273e-006 9.8156e-006 1.5096e-006
          89 6.1683e-008 4.9563e-010 6.4965e-008 1.2426e-007 9.4418e-008 5.4871e-007 6.9857e-007 2.8418e-006 4.1890e-008 7.3608e-006 9.8734e-006 2.2054e-006
          90 5.3797e-008 3.8813e-010 7.2303e-008 1.2079e-007 6.2463e-008 5.7924e-007 5.1962e-007 2.8332e-006 2.4659e-010 6.3465e-006 9.7766e-006 2.9166e-006
          91 4.6287e-008 2.9101e-010 7.8445e-008 1.1617e-007 3.8043e-008 5.9986e-007 3.7140e-007 2.7841e-006 2.4673e-008 5.3978e-006 9.5481e-006 3.6017e-006
          92 3.9258e-008 2.0640e-010 8.3307e-008 1.1059e-007 2.0376e-008 6.1069e-007 2.5205e-007 2.6995e-006 9.8652e-008 4.5225e-006 9.2069e-006 4.2269e-006
          93 3.2813e-008 1.3596e-010 8.6927e-008 1.0433e-007 8.6819e-009 6.1268e-007 1.5948e-007 2.5871e-006 2.0791e-007 3.7297e-006 8.7798e-006 4.7711e-006
          94 2.6991e-008 8.0385e-011 8.9318e-008 9.7542e-008 2.1528e-009 6.0646e-007 9.0994e-008 2.4521e-006 3.4032e-007 3.0216e-006 8.2846e-006 5.2187e-006
          95 2.1810e-008 3.9810e-011 9.0522e-008 9.0388e-008 6.0814e-012 5.9282e-007 4.3785e-008 2.2997e-006 4.8566e-007 2.3985e-006 7.7383e-006 5.5609e-006
          96 1.7287e-008 1.3827e-011 9.0687e-008 8.3088e-008 1.4878e-009 5.7321e-007 1.4997e-008 2.1368e-006 6.3602e-007 1.8612e-006 7.1637e-006 5.8003e-006
          97 1.3389e-008 1.4703e-012 8.9823e-008 7.5697e-008 5.8789e-009 5.4812e-007 1.7137e-009 1.9660e-006 7.8418e-007 1.4047e-006 6.5686e-006 5.9349e-006
          98 1.0091e-008 1.4049e-012 8.8018e-008 6.8332e-008 1.2493e-008 5.1850e-007 1.1384e-009 1.7915e-006 9.2443e-007 1.0251e-006 5.9661e-006 5.9699e-006
          99 7.3488e-009 1.1892e-011 8.5219e-008 6.0993e-008 2.0632e-008 4.8452e-007 1.0530e-008 1.6140e-006 1.0501e-006 7.1624e-007 5.3587e-006 5.9028e-006
         100 5.1127e-009 3.0570e-011 8.1154e-008 5.3570e-008 2.9440e-008 4.4521e-007 2.6980e-008 1.4310e-006 1.1508e-006 4.7183e-007 4.7378e-006 5.7163e-006
         101 3.3361e-009 5.3584e-011 7.5096e-008 4.5756e-008 3.7541e-008 3.9757e-007 4.6650e-008 1.2345e-006 1.2054e-006 2.8586e-007 4.0763e-006 5.3598e-006
