   v'->v''           0           1           2           3           4           5           6           7           8           9          10          11          12          13          14          15          16          17          18          19          20          21          22          23          24          25          26
           0 9.9808e-001 1.7171e-003 1.6571e-004 3.0965e-005 1.7024e-006 8.5978e-008 6.3514e-007 2.3712e-007 4.7741e-008 1.5709e-009 1.3894e-008 3.4633e-008 2.3029e-008 6.2998e-009 5.8273e-010 7.0990e-012 1.7257e-010 3.4883e-010 5.3243e-010 6.8319e-010 7.7880e-010 8.0135e-010 7.4512e-010 6.2092e-010 4.4708e-010 2.5010e-010 8.3584e-011
           1 1.7690e-003 9.9420e-001 3.7424e-003 2.3571e-004 5.1334e-005 4.2040e-006 3.9359e-009 7.0661e-007 2.9401e-007 1.1414e-007 3.7337e-008 1.2411e-009 3.2092e-008 2.9130e-008 9.9753e-009 2.5175e-009 1.1860e-009 9.9492e-010 6.8473e-010 2.7665e-010 3.9017e-011 9.1932e-012 1.0121e-010 2.0127e-010 2.2800e-010 1.6193e-010 5.9789e-011
           2 9.5972e-005 3.9156e-003 9.8874e-001 6.9162e-003 2.4923e-004 7.2927e-005 1.0510e-005 3.8788e-007 2.5180e-007 3.8938e-007 3.0994e-007 1.0683e-007 7.6311e-009 1.4034e-009 6.9008e-009 1.1085e-008 1.3240e-008 1.1602e-008 7.6571e-009 4.1264e-009 1.9950e-009 8.6911e-010 3.3425e-010 1.1081e-010 3.0964e-011 7.3292e-012 1.4401e-012
           3 4.5725e-005 8.2204e-005 7.1982e-003 9.8156e-001 1.0743e-002 2.5082e-004 9.5905e-005 1.8430e-005 1.8742e-006 5.6687e-008 2.7227e-007 4.3570e-007 2.8194e-007 6.2191e-008 4.9954e-009 2.5450e-011 1.1039e-009 5.2609e-009 9.9626e-009 1.1611e-008 1.0638e-008 8.4394e-009 6.0276e-009 3.9438e-009 2.3306e-009 1.1402e-009 3.5759e-010
           4 5.4580e-006 7.4339e-005 2.8437e-005 1.1097e-002 9.7324e-001 1.5182e-002 2.3106e-004 1.1398e-004 2.7224e-005 4.2954e-006 4.5576e-008 1.1428e-007 4.3617e-007 3.8501e-007 1.5175e-007 5.0933e-008 1.9620e-008 4.9925e-009 3.8959e-011 1.6212e-009 4.4603e-009 6.1105e-009 6.2258e-009 5.2562e-009 3.7283e-009 2.0486e-009 6.7782e-010
           5 4.9287e-008 1.2983e-005 9.4809e-005 2.8882e-007 1.5515e-002 9.6367e-001 2.0340e-002 1.9073e-004 1.2817e-004 3.6145e-005 8.1259e-006 4.8373e-007 2.2743e-010 2.7421e-007 4.4100e-007 2.3935e-007 1.0964e-007 6.5923e-008 4.1005e-008 2.0408e-008 7.5947e-009 1.7132e-009 6.8219e-011 1.4481e-010 4.3500e-010 4.0516e-010 1.6276e-010
           6 4.2867e-007 2.5752e-007 2.7494e-005 1.0346e-004 3.0730e-005 2.0479e-002 9.5291e-001 2.6107e-002 1.3802e-004 1.3879e-004 4.5864e-005 1.2583e-005 1.7673e-006 1.6168e-007 8.7050e-008 3.0228e-007 2.4768e-007 1.7237e-007 1.3031e-007 9.5242e-008 6.4709e-008 4.0241e-008 2.2965e-008 1.2177e-008 5.9888e-009 2.5631e-009 7.5191e-010
           7 4.5270e-007 2.5439e-007 2.7157e-006 4.4829e-005 9.4073e-005 1.6553e-004 2.5799e-002 9.4126e-001 3.2326e-002 8.0012e-005 1.4569e-004 5.5335e-005 1.7723e-005 3.9660e-006 7.2727e-007 1.9727e-009 1.0100e-007 1.5863e-007 1.6192e-007 1.4912e-007 1.2888e-007 1.0336e-007 7.6689e-008 5.2629e-008 3.2581e-008 1.6515e-008 5.2734e-009
           8 2.1609e-007 6.3714e-007 1.0627e-009 7.9405e-006 5.9172e-005 6.9359e-005 4.4802e-004 3.1240e-002 9.2905e-001 3.8857e-002 2.7056e-005 1.4814e-004 6.3374e-005 2.4074e-005 6.5423e-006 2.0443e-006 2.5343e-007 8.3424e-010 4.1903e-008 6.2505e-008 7.4244e-008 8.2238e-008 8.2353e-008 7.2398e-008 5.3778e-008 3.0536e-008 1.0261e-008
           9 1.0744e-008 3.4852e-007 5.0715e-007 6.0027e-007 1.6269e-005 6.9061e-005 3.7376e-005 9.1613e-004 3.6582e-002 9.1660e-001 4.5513e-002 6.6886e-008 1.4462e-004 7.0616e-005 3.0274e-005 1.0152e-005 3.9719e-006 1.0558e-006 1.6643e-007 1.4489e-008 4.7319e-011 6.0038e-009 1.5045e-008 2.1393e-008 2.1256e-008 1.4246e-008 5.1440e-009
          10 1.8754e-008 6.1169e-008 5.2926e-007 1.9180e-007 2.5231e-006 2.6326e-005 7.2363e-005 9.3172e-006 1.6064e-003 4.1560e-002 9.0445e-001 5.1965e-002 3.9438e-005 1.3423e-004 7.5862e-005 3.6834e-005 1.4067e-005 6.6180e-006 2.6568e-006 8.7955e-007 2.9395e-007 1.0800e-007 4.2329e-008 1.6067e-008 5.3837e-009 1.5243e-009 3.3752e-010
          11 3.2662e-008 1.4297e-009 2.2565e-007 5.5191e-007 5.9433e-009 6.4364e-006 3.6210e-005 6.6518e-005 7.7890e-007 2.5478e-003 4.5798e-002 8.9336e-001 5.7685e-002 2.2528e-004 1.1378e-004 7.9653e-005 4.1814e-005 1.8874e-005 9.7204e-006 4.8496e-006 2.3661e-006 1.1815e-006 6.1847e-007 3.3504e-007 1.7789e-007 8.2247e-008 2.5188e-008
          12 1.8179e-008 3.3818e-009 7.4476e-008 3.8174e-007 2.5893e-007 6.0559e-007 1.2629e-005 4.4337e-005 5.1202e-005 3.2747e-005 3.7584e-003 4.8782e-002 8.8451e-001 6.1821e-002 7.2048e-004 7.9897e-005 7.8804e-005 4.7243e-005 2.2591e-005 1.2861e-005 8.0338e-006 4.8726e-006 2.8339e-006 1.6116e-006 8.8191e-007 4.1813e-007 1.2996e-007
          13 8.8471e-009 1.3667e-008 1.4939e-008 2.2389e-007 4.1722e-007 1.0089e-008 2.4689e-006 2.0032e-005 4.8926e-005 3.0394e-005 1.2983e-004 5.2392e-003 4.9814e-002 8.7959e-001 6.3039e-002 1.8462e-003 2.9617e-005 7.3566e-005 4.8617e-005 2.7051e-005 1.6887e-005 1.1212e-005 7.3663e-006 4.6587e-006 2.7433e-006 1.3554e-006 4.2860e-007
          14 5.6806e-009 2.2690e-008 1.7196e-010 1.1044e-007 3.8989e-007 2.4271e-007 2.0735e-007 5.9099e-006 2.7040e-005 4.6298e-005 9.4171e-006 3.1854e-004 6.9682e-003 4.7972e-002 8.8094e-001 5.9275e-002 4.2088e-003 2.5833e-006 5.0622e-005 4.9464e-005 3.1345e-005 2.0069e-005 1.3742e-005 9.4118e-006 5.9377e-006 3.0583e-006 9.8407e-007
          15 3.5285e-009 2.1607e-008 1.2275e-008 2.6538e-008 2.4880e-007 3.9517e-007 1.7860e-008 1.3095e-006 1.0890e-005 3.3459e-005 3.7697e-005 4.0082e-008 6.2569e-004 8.9044e-003 4.2136e-002 8.9143e-001 4.7666e-002 8.6924e-003 2.5790e-004 7.3518e-006 3.6907e-005 3.2461e-005 2.2614e-005 1.5283e-005 9.7405e-006 5.1128e-006 1.6644e-006
          16 1.1263e-009 1.2400e-008 2.2313e-008 7.2117e-011 1.0480e-007 3.5018e-007 2.1191e-007 1.4133e-007 3.7405e-006 1.6374e-005 3.5535e-005 2.3455e-005 1.7901e-005 1.0632e-003 1.0980e-002 3.1195e-002 9.1299e-001 2.6358e-002 1.5196e-002 1.8329e-003 9.8697e-005 1.9034e-006 1.8191e-005 1.8833e-005 1.3199e-005 7.0648e-006 2.3099e-006
          17 1.3897e-012 4.1156e-009 1.9636e-008 7.2610e-009 2.8552e-008 2.2157e-007 3.3283e-007 1.4603e-008 9.8992e-007 7.2083e-006 2.1444e-005 3.1974e-005 7.0773e-006 8.4953e-005 1.6279e-003 1.3175e-002 1.5404e-002 9.3987e-001 3.5707e-003 1.8256e-002 6.2046e-003 1.3446e-003 1.9911e-004 1.5249e-005 3.4360e-011 1.0536e-006 6.3925e-007
          18 7.7931e-010 5.5233e-010 1.2053e-008 1.3700e-008 4.2832e-009 1.1681e-007 2.9692e-007 1.4943e-007 1.2997e-007 2.9858e-006 1.1547e-005 2.4104e-005 2.3480e-005 3.0375e-008 2.2030e-004 2.2718e-003 1.5609e-002 1.3785e-003 9.4496e-001 8.2244e-003 1.0118e-002 9.8825e-003 4.5020e-003 1.6230e-003 5.4299e-004 1.7321e-004 4.3715e-005
          19 2.2040e-009 9.3375e-012 6.2607e-009 1.2796e-008 3.9033e-011 5.6739e-008 2.0704e-007 2.2072e-007 2.4414e-010 1.0202e-006 5.9741e-006 1.5560e-005 2.2515e-005 9.7718e-006 1.6540e-005 4.3124e-004 2.9395e-003 1.8449e-002 7.3901e-003 8.8064e-001 6.8483e-002 4.8841e-005 5.8985e-003 5.7837e-003 3.3456e-003 1.4870e-003 4.3889e-004
          20 3.0248e-009 2.8265e-010 3.1362e-009 9.5054e-009 7.0453e-010 2.5985e-008 1.3263e-007 2.0766e-007 4.2632e-008 2.5127e-007 2.8444e-006 9.3960e-006 1.6746e-005 1.5518e-005 4.5476e-007 7.9590e-005 6.8759e-004 3.5436e-003 2.2490e-002 5.5318e-002 7.3705e-001 1.4802e-001 1.4795e-002 1.6070e-005 1.1769e-003 1.2775e-003 5.0112e-004
          21 2.8129e-009 4.5169e-010 1.5692e-009 6.3858e-009 1.8696e-009 1.0537e-008 7.9981e-008 1.5741e-007 7.7083e-008 3.5057e-008 1.2005e-006 5.1426e-006 1.1223e-005 1.4063e-005 5.2493e-006 7.3743e-006 1.8716e-004 9.3546e-004 3.7429e-003 2.7322e-002 1.4302e-001 5.9647e-001 1.6146e-001 4.2929e-002 8.5831e-003 1.3867e-003 2.0568e-004
          22 2.1586e-009 4.3853e-010 8.4304e-010 4.3387e-009 2.4925e-009 3.9286e-009 4.8546e-008 1.1200e-007 8.2586e-008 7.5467e-010 5.0147e-007 2.7739e-006 7.2265e-006 1.0648e-005 6.9789e-006 2.3555e-008 4.7906e-005 3.2166e-004 1.1060e-003 5.3676e-003 1.9765e-002 2.1908e-001 5.4542e-001 1.0796e-001 4.9640e-002 1.7046e-002 4.3173e-003
          23 1.3093e-009 3.0555e-010 4.2351e-010 2.6124e-009 2.1620e-009 1.2368e-009 2.6141e-008 6.7786e-008 6.2278e-008 1.5041e-009 1.9618e-007 1.3509e-006 3.9793e-006 6.4866e-006 5.5000e-006 4.7756e-007 1.1873e-005 1.0569e-004 4.2006e-004 1.1769e-003 8.1480e-003 1.9560e-003 2.3087e-001 6.4147e-001 1.9497e-002 2.5568e-002 7.7307e-003
          24 5.4579e-010 1.3790e-010 1.6193e-010 1.1181e-009 1.1027e-009 3.1420e-010 1.0334e-008 2.8798e-008 2.9467e-008 2.0462e-009 6.3215e-008 5.0291e-007 1.5825e-006 2.7297e-006 2.6127e-006 4.8216e-007 2.7753e-006 3.0904e-005 1.3570e-004 3.1911e-004 2.0238e-003 4.2148e-003 1.5271e-002 6.9208e-002 7.7400e-001 7.2795e-002 1.2465e-002
          25 2.5294e-011 6.5101e-012 7.3729e-012 5.2291e-011 5.3497e-011 1.2751e-011 4.7384e-010 1.3431e-009 1.4062e-009 1.1448e-010 2.7605e-009 2.2747e-008 7.2621e-008 1.2688e-007 1.2457e-007 2.5921e-008 1.1156e-007 1.3235e-006 5.9358e-006 1.3605e-005 8.2763e-005 2.0948e-004 3.7041e-004 3.6103e-003 1.0526e-002 6.3300e-002 5.5155e-001
