   v'->v''           0           1           2           3           4           5           6           7           8           9          10          11
           0 2.6657e-003 9.7184e-001 1.2412e-002 1.2841e-002 2.3351e-004 5.3902e-006 3.6138e-007 5.4542e-007 1.7766e-007 3.7782e-009 1.0593e-008 1.4241e-008
           1 4.1894e-003 2.1129e-002 1.9977e-001 6.5462e-001 9.9302e-002 2.0136e-002 8.4746e-004 3.7527e-006 1.2658e-010 1.9854e-006 2.4909e-006 1.0821e-006
           2 1.7400e-002 1.3232e-003 1.2499e-001 1.3292e-002 2.6885e-001 4.0745e-001 1.3885e-001 2.5850e-002 1.9402e-003 1.4524e-005 1.0129e-005 3.1515e-006
           3 6.7556e-002 6.9866e-005 1.1900e-001 1.2051e-002 1.1992e-001 5.5991e-003 2.1960e-001 2.7658e-001 1.3429e-001 3.7343e-002 6.8964e-003 8.6460e-004
           4 1.8509e-001 2.1890e-004 8.0041e-002 4.0772e-002 8.3039e-003 6.8107e-002 2.6349e-002 3.1476e-002 1.6238e-001 1.8169e-001 1.1447e-001 5.2232e-002
           5 3.1446e-001 1.3961e-003 5.0693e-003 2.5411e-002 2.4668e-002 2.0964e-002 2.2981e-002 5.3089e-002 2.3244e-003 3.0253e-002 8.6983e-002 9.1381e-002
           6 2.8862e-001 2.3365e-003 6.1782e-002 1.7845e-003 4.9513e-002 1.2629e-002 3.5333e-002 1.2394e-003 3.8909e-002 2.6989e-002 1.1944e-003 5.4805e-003
           7 1.1124e-001 1.4664e-003 2.1780e-001 7.9936e-002 6.1908e-004 4.4368e-002 4.0939e-003 3.5658e-002 3.1517e-003 1.1502e-002 2.6782e-002 1.6923e-002
           8 7.9036e-003 2.3530e-004 1.5842e-001 1.2193e-001 1.5212e-001 3.3683e-003 5.2122e-002 1.9279e-004 2.9019e-002 1.4400e-002 1.1015e-007 5.8809e-003
           9 5.9404e-004 4.2610e-007 2.0184e-002 3.6637e-002 2.2698e-001 1.8857e-001 3.2110e-003 5.4267e-002 1.2349e-003 1.6264e-002 2.0171e-002 6.6538e-003
          10 6.1831e-005 3.1910e-006 3.6593e-004 2.0729e-004 4.8829e-002 2.0506e-001 2.4345e-001 1.2737e-003 5.7891e-002 8.5223e-003 3.6646e-003 1.2460e-002
          11 1.2127e-004 8.9161e-007 9.1973e-005 3.2140e-004 4.0108e-005 2.2875e-002 2.3466e-001 2.6051e-001 5.6236e-005 5.4516e-002 2.2121e-002 7.1307e-004
          12 9.2845e-006 2.5880e-009 1.7752e-004 1.0071e-004 1.1935e-004 5.0043e-004 1.7589e-002 2.4272e-001 2.6916e-001 8.8615e-003 3.5961e-002 3.3128e-002
          13 7.6995e-006 2.6232e-007 2.2833e-005 4.6439e-007 2.8415e-004 7.7718e-005 3.0478e-004 1.6111e-002 2.7397e-001 2.2809e-001 4.6776e-002 5.1599e-003
          14 1.0400e-005 1.0457e-007 4.6771e-006 2.2370e-005 5.2984e-005 8.9934e-005 4.9508e-004 2.2053e-006 2.3270e-002 3.2312e-001 1.2304e-001 1.0562e-001
          15 2.6488e-006 7.8780e-011 1.4012e-005 1.2575e-005 1.2451e-006 1.1119e-004 5.3665e-008 8.2784e-004 1.0504e-003 4.9366e-002 3.5772e-001 7.8111e-003
          16 6.0994e-009 9.6217e-009 7.7725e-006 1.9828e-006 1.7280e-005 3.3979e-005 5.9500e-005 7.6862e-005 1.0671e-003 6.9305e-003 1.1627e-001 2.6879e-001
          17 6.9838e-007 8.7317e-009 1.3137e-006 8.7551e-008 1.7077e-005 1.4685e-006 6.5237e-005 5.4924e-007 1.6225e-004 1.8116e-003 3.1284e-002 2.2562e-001
          18 1.1598e-006 6.0207e-009 5.0774e-008 1.3712e-006 6.8613e-006 2.9193e-006 3.3255e-005 2.6509e-005 3.5638e-005 8.9978e-005 6.3037e-003 1.1874e-001
          19 7.6225e-007 3.7817e-009 8.6195e-007 1.6517e-006 8.8917e-007 7.3556e-006 6.9440e-006 3.9152e-005 7.9891e-008 1.0422e-004 4.4593e-005 3.6958e-002
          20 2.7097e-007 1.4278e-009 1.1190e-006 1.0015e-006 3.1655e-008 6.5119e-006 1.0754e-007 2.5816e-005 1.0002e-005 2.4014e-005 1.6883e-004 4.4613e-003
          21 4.7111e-008 1.3905e-010 8.1496e-007 4.1786e-007 4.9596e-007 3.9576e-006 7.4559e-007 1.2136e-005 1.5627e-005 1.1417e-006 4.4361e-005 9.9173e-004
          22 6.6636e-010 5.8551e-011 4.4232e-007 1.3155e-007 6.8840e-007 1.9182e-006 1.6189e-006 4.7086e-006 1.3007e-005 3.0183e-007 1.6012e-005 1.6849e-006
          23 3.3727e-009 2.6156e-010 2.0258e-007 3.3990e-008 5.4204e-007 8.0256e-007 1.4944e-006 1.6100e-006 8.3029e-006 1.2361e-006 6.6495e-006 1.4080e-005
          24 3.9206e-009 1.9431e-010 6.7806e-008 6.9868e-009 2.4400e-007 2.5159e-007 7.2147e-007 4.3183e-007 3.4234e-006 8.9681e-007 1.8786e-006 6.4963e-006
          25 2.2059e-010 1.0381e-011 3.1295e-009 2.8384e-010 1.1975e-008 1.1431e-008 3.5882e-008 1.8876e-008 1.6530e-007 4.7762e-008 8.2146e-008 3.0409e-007
