   v'->v''           0           1           2           3           4
           0 9.9649e-001 3.4947e-003 1.1760e-005 1.0072e-007 1.2850e-009
           1 3.5016e-003 9.8764e-001 8.8074e-003 5.1269e-005 7.9482e-007
           2 4.5275e-006 8.8387e-003 9.7392e-001 1.7079e-002 1.5453e-004
           3 1.8566e-008 2.6586e-005 1.7151e-002 9.5255e-001 2.9831e-002
           4 7.3916e-011 3.1327e-007 1.0860e-004 2.9945e-002 9.1845e-001
           5 7.4979e-010 1.8352e-009 1.4051e-006 3.5950e-004 5.0371e-002
           6 5.0734e-009 4.0619e-009 2.7920e-009 7.9698e-006 1.1534e-003
           7 1.5072e-009 3.1679e-010 3.8506e-009 1.5412e-007 4.1822e-005
           8 6.5394e-011 9.5172e-010 1.9990e-008 5.8383e-009 1.5943e-006
           9 2.3160e-010 2.2590e-009 1.9537e-008 3.2319e-009 5.4040e-008
          10 1.9511e-010 1.1218e-009 1.3288e-009 7.7390e-009 6.3366e-009
          11 3.7009e-010 2.1362e-010 7.0659e-009 2.3892e-009 2.0490e-008
          12 5.0467e-011 1.7091e-010 8.7365e-010 4.1440e-012 1.3733e-008
          13 6.6520e-010 2.4579e-011 2.2620e-009 1.0479e-009 1.7590e-011
          14 4.2784e-010 1.7595e-011 1.8115e-010 2.4100e-010 6.1644e-009
          15 1.6647e-011 5.5484e-011 1.6137e-009 1.4706e-009 1.6884e-010
          16 7.1916e-011 1.5733e-010 1.9140e-010 1.5767e-010 3.9522e-009
          17 1.3778e-010 5.6498e-011 4.6435e-010 2.6454e-010 6.3861e-010
          18 7.4407e-011 1.5375e-012 1.2132e-009 4.8984e-010 4.8029e-010
          19 1.5205e-011 5.7690e-011 6.9432e-010 1.4425e-010 1.1541e-009
          20 1.2660e-013 9.5262e-011 9.1954e-011 1.7849e-014 3.9762e-010
          21 1.6363e-012 7.3779e-011 1.9574e-011 3.9016e-011 2.6065e-012
          22 2.4213e-012 3.9825e-011 1.3666e-010 5.5305e-011 8.4029e-011
          23 1.4302e-012 1.5924e-011 1.6255e-010 3.4690e-011 1.3754e-010
          24 4.9468e-013 4.7245e-012 8.8373e-011 1.2959e-011 7.8573e-011
          25 2.1500e-014 1.9970e-013 4.3127e-012 5.7734e-013 3.8471e-012
