   v'->v''           0           1           2
           0 9.9362e-001 6.1926e-003 1.7404e-004
           1 6.3557e-003 9.8089e-001 1.2217e-002
           2 2.0642e-005 1.2861e-002 9.6740e-001
           3 6.0892e-007 5.1971e-005 2.0078e-002
           4 7.4746e-009 2.7514e-006 1.2450e-004
           5 3.1065e-010 6.8867e-007 2.2563e-006
           6 1.2840e-008 3.3585e-009 1.5782e-006
           7 6.9661e-009 8.1523e-009 4.1112e-007
           8 3.6335e-009 6.7273e-010 2.2274e-008
           9 2.4072e-010 6.9230e-009 3.0113e-008
          10 7.9965e-010 2.9571e-008 6.3759e-012
          11 1.0505e-009 4.1124e-009 1.7745e-008
          12 1.4808e-010 3.4854e-009 9.5853e-009
          13 1.0576e-011 6.1425e-009 1.6909e-009
          14 7.8806e-012 3.8475e-010 7.9384e-011
          15 2.2648e-011 9.7583e-010 2.1175e-010
          16 3.0732e-012 8.9457e-011 2.4340e-011
          17 1.6533e-012 3.5188e-011 1.2190e-011
          18 5.1954e-013 9.5857e-012 3.7555e-012
