   v'->v''           0           1           2           3           4           5           6           7           8           9          10          11          12          13          14          15          16          17          18          19          20          21          22          23          24          25
           0 1.0000e+000 4.3491e-008 3.0672e-007 9.0858e-008 5.9504e-008 4.2560e-009 6.2630e-009 9.5747e-009 1.5170e-008 7.0988e-012 1.8261e-009 5.7607e-013 6.5780e-010 3.1431e-011 5.6319e-010 1.0592e-009 3.9656e-010 3.0766e-015 2.1687e-010 4.1593e-010 3.5848e-010 1.8832e-010 7.1965e-011 1.9532e-011 3.9127e-012 1.4548e-013
           1 4.1141e-008 1.0000e+000 4.2332e-008 6.8460e-007 2.7271e-007 2.8559e-011 1.4540e-010 6.4630e-010 3.2837e-009 4.0590e-009 3.3547e-009 1.9594e-009 2.5538e-010 5.3119e-011 2.3169e-010 2.0666e-010 1.6460e-010 1.5909e-010 1.5011e-010 1.1274e-010 6.2274e-011 2.3151e-011 5.6613e-012 6.4642e-013 1.2975e-014 1.7888e-017
           2 2.8503e-007 4.4321e-008 1.0000e+000 2.4437e-007 4.9899e-009 1.1948e-006 8.3589e-009 6.8293e-008 1.4814e-008 6.8792e-009 6.8569e-009 4.6148e-011 2.3262e-009 6.3350e-009 1.0853e-009 8.0584e-010 2.2684e-009 8.1224e-010 1.0439e-012 2.2209e-010 2.8428e-010 1.1265e-010 1.1402e-011 1.9430e-012 6.5529e-012 4.0438e-013
           3 1.2740e-007 6.5648e-007 2.5174e-007 9.9997e-001 2.2670e-005 5.9910e-006 2.3540e-006 2.5425e-007 1.2865e-007 9.2881e-009 1.1365e-008 1.1558e-009 3.0609e-009 5.5335e-009 1.7321e-008 5.5494e-009 1.6810e-013 1.0447e-009 7.7568e-010 1.9411e-010 3.0078e-011 1.5468e-011 2.9516e-011 4.0143e-011 2.5843e-011 1.3162e-012
           4 1.4478e-008 3.2153e-007 9.3611e-009 2.3117e-005 9.9975e-001 1.9295e-004 2.6883e-005 1.0030e-006 1.1722e-006 4.6153e-010 2.8519e-008 1.2995e-007 7.0609e-009 1.1309e-008 9.9449e-010 2.9257e-009 2.5042e-009 4.0322e-010 1.8467e-010 6.2425e-010 1.1924e-009 1.0938e-009 6.2804e-010 2.3945e-010 6.3877e-011 2.5962e-012
           5 1.7912e-008 6.3444e-009 1.2649e-006 5.9101e-006 1.9712e-004 9.9913e-001 6.1518e-004 4.6933e-005 2.8467e-008 1.1820e-006 9.4512e-008 9.2658e-010 1.4181e-007 3.8295e-008 6.8671e-012 2.4498e-010 1.2272e-009 2.7643e-012 1.0035e-009 5.6751e-010 1.8465e-011 7.6257e-010 1.3825e-009 1.1751e-009 5.5488e-010 2.6292e-011
           6 1.1538e-008 2.4520e-008 1.7375e-009 2.1646e-006 2.3844e-005 6.3128e-004 9.9788e-001 1.3881e-003 7.5806e-005 4.6578e-007 1.0142e-006 3.5599e-007 7.5130e-008 9.8749e-008 6.5393e-008 1.1482e-008 1.0138e-008 5.6760e-009 3.1439e-013 3.2717e-009 4.2914e-009 1.8381e-009 3.1390e-010 2.7137e-012 1.2264e-011 9.5274e-013
           7 2.0727e-009 1.5294e-008 1.2886e-008 2.4073e-007 5.0387e-007 3.5158e-005 1.4307e-003 9.9569e-001 2.7334e-003 1.0445e-004 2.1282e-006 3.3223e-007 5.8107e-007 1.8900e-007 4.4602e-009 2.6513e-008 3.4847e-008 3.5332e-008 1.5119e-008 1.8032e-009 4.2785e-011 4.5061e-010 3.8500e-010 1.8943e-010 6.5334e-011 2.8851e-012
           8 7.2010e-010 4.0412e-011 5.8956e-009 1.9120e-008 1.0979e-006 1.4815e-007 4.4096e-005 2.8236e-003 9.9206e-001 4.9169e-003 1.4915e-004 4.3992e-006 9.4518e-009 4.4331e-007 5.2512e-007 1.1664e-008 9.6354e-010 7.6059e-009 3.8294e-008 4.7963e-008 2.3814e-008 5.6043e-009 6.7123e-010 2.0157e-011 1.5551e-012 1.8896e-013
           9 3.4969e-009 1.6841e-012 1.9029e-009 1.2330e-007 8.1209e-008 8.4122e-007 2.5163e-006 3.8791e-005 5.0892e-003 9.8617e-001 8.4649e-003 2.2571e-004 5.2004e-006 2.5583e-007 2.3875e-007 6.1091e-007 7.6957e-008 2.6107e-008 3.4449e-009 1.2583e-008 3.9317e-008 3.2091e-008 1.6378e-008 6.5458e-009 2.0804e-009 9.0497e-011
          10 1.0258e-009 1.2423e-008 1.7837e-009 4.3318e-010 1.4391e-007 4.7434e-007 4.4658e-007 7.4477e-006 2.6354e-005 8.7754e-003 9.7632e-001 1.4469e-002 3.9220e-004 3.0724e-006 1.7830e-006 5.0793e-008 5.6927e-007 1.1848e-007 1.0437e-007 6.2029e-008 2.8321e-009 6.5234e-009 1.3374e-008 9.5305e-009 3.9332e-009 1.8052e-010
          11 4.0677e-010 8.3981e-009 1.0123e-008 4.5554e-009 4.7923e-008 2.4311e-008 8.3532e-007 7.5620e-010 1.3660e-005 8.1795e-006 1.5031e-002 9.5897e-001 2.5114e-002 8.5762e-004 4.8584e-007 7.3224e-006 1.9339e-009 3.3730e-007 1.0735e-007 2.0823e-007 1.5211e-007 3.4706e-008 2.7846e-009 4.0101e-012 5.3485e-011 3.5216e-012
          12 1.4235e-009 3.3300e-013 3.8800e-009 1.9896e-009 1.0007e-008 2.8523e-008 3.8363e-008 6.8350e-007 7.4598e-007 1.8398e-005 1.2704e-006 2.6234e-002 9.2481e-001 4.6272e-002 2.5497e-003 7.5566e-005 3.6163e-005 2.0999e-007 4.9075e-008 1.5337e-008 2.6736e-007 2.0313e-007 6.9371e-008 2.1292e-008 6.5846e-009 2.9051e-010
          13 4.6264e-010 1.7956e-009 3.9562e-010 4.1292e-009 2.8626e-009 2.5170e-008 2.4669e-010 2.3944e-007 3.2756e-007 3.2160e-006 1.8751e-005 7.0018e-005 4.8988e-002 8.4223e-001 9.5490e-002 1.1273e-002 1.4595e-003 4.2172e-004 3.7410e-005 5.1518e-006 5.2957e-007 1.8788e-007 5.6190e-009 1.1779e-008 1.3951e-008 7.7922e-010
          14 1.8296e-012 2.1313e-010 1.4242e-011 3.6947e-010 4.7097e-012 6.7123e-009 3.6185e-009 1.5551e-008 5.8522e-008 5.2748e-009 1.8690e-006 1.9490e-006 2.0550e-004 2.7582e-002 1.3116e-001 7.0450e-002 4.4988e-002 4.6103e-002 7.0335e-002 1.1701e-001 1.7959e-001 2.0272e-001 1.0157e-001 7.1355e-003 4.2346e-004 1.2370e-005
          15 2.0873e-012 5.6272e-010 3.9582e-011 1.0132e-009 4.7346e-011 1.9453e-008 1.2018e-008 4.0852e-008 1.6620e-007 6.1137e-009 4.9044e-006 6.3903e-006 4.2979e-004 6.6839e-002 3.8748e-001 1.4084e-001 4.4272e-002 1.0776e-002 4.8996e-005 1.4486e-002 6.8004e-002 1.3853e-001 1.1166e-001 1.6178e-002 4.2893e-004 1.0258e-005
          16 1.4363e-013 5.8501e-011 5.5020e-012 1.2808e-010 3.8117e-011 2.7658e-009 2.5222e-009 4.2532e-009 2.3148e-008 1.6999e-010 5.1271e-007 1.1762e-006 2.1840e-005 5.4970e-003 5.4634e-002 2.5306e-003 4.2828e-003 2.6372e-002 6.6358e-002 1.0225e-001 6.4538e-002 1.4610e-003 2.4281e-001 4.0109e-001 1.9558e-002 5.4718e-004
          17 5.8022e-013 2.5415e-011 3.3400e-012 7.0319e-011 4.3273e-011 1.5638e-009 1.8617e-009 1.8716e-009 1.3441e-008 7.9497e-010 2.3187e-007 7.5410e-007 5.5077e-006 2.0906e-003 2.9435e-002 1.2744e-004 1.1106e-002 2.8847e-002 4.3986e-002 3.5253e-002 2.3060e-003 3.1133e-002 4.3108e-002 1.0866e-001 6.5197e-001 9.9174e-008
          18 2.9476e-013 7.2419e-012 1.1275e-012 2.2708e-011 1.7570e-011 5.0330e-010 6.6784e-010 5.3721e-010 4.4207e-009 3.9634e-010 6.8099e-008 2.5366e-007 1.2340e-006 5.7118e-004 9.2240e-003 3.1142e-004 4.8695e-003 1.0089e-002 1.2455e-002 6.8662e-003 3.6589e-005 1.1940e-002 3.9706e-003 3.2521e-002 3.3727e-002 5.3579e-001
