   v'->v''           0           1           2           3           4           5           6           7           8           9          10          11          12          13          14          15          16          17          18          19
           0 9.9738e-001 2.5913e-003 3.2524e-005 4.7873e-007 4.9446e-008 4.9926e-008 3.8524e-009 1.3563e-010 3.5239e-009 7.4700e-010 6.0289e-010 1.5608e-009 3.7760e-010 6.8652e-011 5.7043e-010 5.8628e-010 2.4978e-010 3.6975e-011 3.7801e-013 9.2472e-012
           1 2.6195e-003 9.9203e-001 5.2002e-003 1.4369e-004 1.1412e-006 1.7202e-007 2.2593e-007 5.1431e-010 2.8779e-010 1.1336e-009 3.9008e-010 6.4958e-011 6.9190e-011 7.3504e-011 3.7752e-010 2.6710e-010 2.7622e-011 2.8890e-011 1.1896e-010 1.1102e-010
           2 4.1485e-006 5.3365e-003 9.8763e-001 6.5881e-003 4.3674e-004 4.8559e-006 2.2938e-008 4.3707e-007 2.2082e-007 4.2933e-008 6.0417e-010 7.9140e-009 1.1217e-008 2.5359e-009 2.8000e-010 2.9613e-009 3.4478e-009 1.9977e-009 7.5106e-010 2.0300e-010
           3 2.0403e-008 3.6423e-005 6.9242e-003 9.8640e-001 5.7514e-003 8.3878e-004 4.8160e-005 5.2701e-007 1.4126e-007 1.5649e-007 4.5785e-007 2.6861e-007 3.3957e-008 4.2487e-009 2.2699e-008 1.6597e-008 5.7956e-009 1.0952e-009 7.6421e-011 7.0167e-013
           4 9.1344e-008 8.6954e-007 2.1105e-004 6.2956e-003 9.8740e-001 5.0632e-003 8.1160e-004 2.0810e-004 4.3525e-006 1.1216e-006 7.2769e-007 6.2918e-009 4.0369e-007 4.2538e-007 1.7496e-007 3.5227e-008 1.8232e-009 8.2323e-010 2.9161e-009 2.5038e-009
           5 3.4122e-009 8.8278e-008 1.7878e-006 5.5952e-004 5.7461e-003 9.8496e-001 7.8440e-003 4.3607e-004 3.7662e-004 6.8696e-005 1.7086e-006 1.4253e-006 1.1480e-006 5.2894e-008 1.1084e-007 2.5039e-007 2.1427e-007 1.3424e-007 7.1362e-008 3.0242e-008
           6 1.0280e-008 6.7903e-008 6.5558e-007 4.7197e-006 5.6396e-004 8.6682e-003 9.7131e-001 1.8699e-002 1.7129e-004 3.1997e-004 2.1296e-004 4.4541e-005 1.0864e-006 1.1441e-006 1.3159e-006 4.0570e-007 3.0090e-008 1.1598e-008 5.0405e-008 4.5782e-008
           7 3.1748e-010 1.5419e-008 3.5207e-007 7.2415e-006 8.6042e-005 1.7198e-004 1.9257e-002 9.2860e-001 5.0950e-002 4.0558e-004 9.2617e-005 2.3603e-004 1.5136e-004 3.6473e-005 2.5167e-006 1.5902e-007 8.9502e-007 8.1866e-007 4.6674e-007 1.8975e-007
           8 4.0239e-009 1.6899e-008 3.6360e-007 1.1152e-007 6.3396e-006 2.8012e-004 9.1669e-005 4.8217e-002 8.2300e-001 1.2415e-001 3.7991e-003 1.9249e-005 8.6063e-005 1.8559e-004 1.1600e-004 3.7689e-005 7.3756e-006 6.6865e-007 5.4397e-010 6.3436e-008
           9 4.3482e-010 2.6864e-009 1.3508e-008 9.8296e-007 4.0595e-006 2.9424e-007 6.2295e-004 2.5021e-003 1.0962e-001 6.3621e-001 2.2996e-001 2.0367e-002 3.2936e-004 9.2840e-007 6.0798e-005 1.2892e-004 1.0221e-004 5.1989e-005 2.0695e-005 6.7306e-006
          10 2.1022e-009 6.7491e-009 4.5191e-008 2.1285e-007 1.0777e-007 7.1526e-006 3.1177e-006 1.3188e-003 1.2900e-002 1.9697e-001 4.1634e-001 3.0824e-001 5.9665e-002 4.1929e-003 3.9841e-005 1.3949e-008 1.9831e-005 5.4194e-005 5.4672e-005 3.1220e-005
          11 2.5606e-012 2.9134e-009 6.3582e-010 2.5737e-010 4.9138e-007 7.4579e-007 5.4805e-006 9.0453e-006 2.9566e-003 3.6434e-002 2.7325e-001 2.2993e-001 3.2408e-001 1.1301e-001 1.8583e-002 1.4300e-003 2.4131e-005 1.3000e-006 3.5740e-009 1.1276e-006
          12 1.2973e-009 7.3104e-010 1.3825e-009 2.2880e-008 3.3499e-007 3.1290e-008 2.9455e-006 2.1904e-006 1.6231e-005 5.3652e-003 6.8606e-002 3.2785e-001 1.0563e-001 2.7916e-001 1.5634e-001 4.6224e-002 9.0951e-003 1.3056e-003 1.3907e-004 1.1481e-005
          13 6.6298e-010 2.4298e-009 4.0073e-010 3.6850e-008 5.7340e-008 5.6545e-007 5.3520e-007 2.8670e-006 4.4140e-006 6.3718e-005 7.4095e-003 1.0504e-001 3.6575e-001 4.0820e-002 1.9685e-001 1.6936e-001 7.6014e-002 2.5913e-002 7.8181e-003 2.1408e-003
          14 8.3667e-012 4.9190e-010 3.0511e-010 1.4709e-008 1.3362e-008 3.9334e-007 1.3907e-007 1.5477e-006 2.1443e-006 6.5411e-006 2.9547e-004 6.8728e-003 1.3774e-001 4.1758e-001 2.4485e-002 9.4266e-002 1.5087e-001 7.9171e-002 4.0254e-002 1.4808e-002
