   v'->v''           0           1           2           3           4           5           6           7           8           9          10          11
           0 2.6261e-003 9.6791e-001 1.3526e-002 1.5418e-002 4.6457e-004 4.3953e-005 6.1235e-006 2.4185e-006 6.3248e-007 7.1305e-008 8.8472e-010 9.5482e-010
           1 4.3648e-003 2.5185e-002 1.9698e-001 6.4764e-001 1.0151e-001 2.2786e-002 1.4398e-003 6.8883e-005 1.2031e-005 9.0601e-006 5.1361e-006 1.8229e-006
           2 1.9803e-002 1.1902e-003 1.3357e-001 1.4961e-002 2.6672e-001 3.9872e-001 1.3580e-001 2.6563e-002 2.5253e-003 1.0708e-004 3.3657e-006 2.2046e-006
           3 8.3786e-002 3.1912e-005 1.2454e-001 1.6676e-002 1.1985e-001 7.9712e-003 2.2124e-001 2.6248e-001 1.2256e-001 3.3432e-002 6.3163e-003 8.9681e-004
           4 2.2837e-001 4.1509e-004 6.8549e-002 4.4804e-002 2.3013e-003 7.6271e-002 1.6992e-002 4.4966e-002 1.6886e-001 1.6891e-001 9.8996e-002 4.2882e-002
           5 3.4422e-001 1.8338e-003 2.5937e-005 1.5710e-002 3.9802e-002 9.5485e-003 3.8711e-002 4.6065e-002 1.3768e-005 4.7822e-002 9.9230e-002 9.1472e-002
           6 2.5263e-001 2.3698e-003 1.1705e-001 1.4459e-002 3.4190e-002 2.8305e-002 2.2229e-002 1.0075e-002 4.5475e-002 1.6490e-002 4.0686e-004 1.4735e-002
           7 6.2326e-002 1.0142e-003 2.4002e-001 1.1552e-001 2.3330e-002 2.6608e-002 2.0223e-002 2.8602e-002 2.6506e-004 2.4530e-002 2.7722e-002 1.0580e-002
           8 4.4187e-004 5.4901e-005 1.0173e-001 1.0199e-001 2.3074e-001 4.4720e-002 3.1599e-002 1.1897e-002 3.0841e-002 3.3113e-003 4.6360e-003 1.3972e-002
           9 1.1870e-003 1.1526e-005 2.3154e-003 1.1736e-002 1.7019e-001 2.6281e-001 6.3900e-002 3.5335e-002 5.9644e-003 2.7595e-002 1.1814e-002 5.5088e-004
          10 3.1947e-005 3.1149e-007 1.5956e-003 7.3127e-004 8.2093e-003 1.1988e-001 3.3506e-001 7.1324e-002 4.4161e-002 9.6942e-004 1.8343e-002 1.5514e-002
          11 7.2284e-005 1.2978e-006 5.9256e-005 4.6929e-005 2.1247e-003 3.9959e-004 1.1139e-001 3.6586e-001 7.1835e-002 5.8659e-002 9.6880e-004 5.8321e-003
          12 5.3864e-005 4.1846e-007 8.3217e-005 1.7288e-004 1.2427e-004 1.0656e-003 1.2834e-004 9.5303e-002 4.1028e-001 4.9456e-002 7.3192e-002 1.2352e-002
          13 2.3279e-006 1.5087e-008 9.0537e-005 4.4465e-005 9.0718e-005 6.3708e-004 1.4462e-004 4.4812e-004 9.5626e-002 4.4765e-001 1.4756e-002 6.4503e-002
          14 3.0385e-006 1.4548e-007 1.4945e-005 9.3097e-010 1.4574e-004 5.1450e-005 6.3586e-004 1.3479e-004 1.2186e-004 1.1942e-001 4.8060e-001 4.2791e-005
