   v'->v''           0           1           2           3           4           5           6           7           8           9          10          11          12          13          14          15          16          17          18
           0 9.6350e-001 3.4957e-002 1.1695e-003 2.8768e-004 7.5719e-005 4.9261e-006 9.7775e-007 5.2594e-007 9.7137e-008 7.5999e-009 3.6882e-008 1.6658e-008 6.9455e-011 1.0313e-008 1.0601e-008 2.5201e-009 1.1990e-011 1.0910e-009 1.5473e-009
           1 3.4051e-002 7.6550e-001 1.4934e-001 3.5006e-002 1.3446e-002 2.5463e-003 6.2449e-006 7.9789e-005 3.7380e-007 7.4847e-006 3.2148e-006 4.7790e-008 1.1258e-006 6.0694e-007 5.0477e-008 1.9849e-008 7.7386e-008 7.8714e-008 5.1275e-008
           2 2.1634e-003 1.7250e-001 2.9087e-001 3.0924e-001 1.6673e-001 5.4223e-002 3.5900e-003 4.8671e-004 8.9836e-005 9.4105e-005 1.4087e-006 1.2906e-005 9.9356e-006 1.0460e-006 2.9985e-007 1.3619e-006 1.2984e-006 6.9568e-007 2.5198e-007
           3 2.5146e-004 2.5661e-002 4.6655e-001 5.0647e-002 2.4855e-001 1.6633e-001 4.0696e-002 3.9072e-004 8.0130e-004 1.3135e-005 5.8587e-005 3.8246e-005 1.0901e-006 3.8463e-006 6.1297e-006 3.0641e-006 6.0101e-007 1.6424e-009 1.0867e-007
           4 3.1920e-005 1.1651e-003 8.5934e-002 3.9253e-001 7.4343e-003 2.5542e-001 2.1455e-001 4.1782e-002 5.2513e-005 8.1150e-004 2.0025e-004 2.3656e-006 5.1616e-005 2.7672e-005 3.0556e-006 5.4932e-007 3.4170e-006 3.8303e-006 2.4763e-006
           5 3.9220e-006 1.6045e-004 5.7157e-003 1.8636e-001 2.7021e-001 9.7904e-006 2.6006e-001 2.4243e-001 3.3066e-002 1.1190e-003 3.2427e-004 3.6950e-004 5.1027e-005 5.5151e-006 2.9104e-005 2.2392e-005 8.1963e-006 1.2704e-006 1.8042e-009
           6 1.2395e-007 4.9251e-005 2.3286e-004 2.4770e-002 2.2370e-001 1.8048e-001 3.0714e-003 2.6692e-001 2.7186e-001 2.5566e-002 2.7567e-003 2.0724e-005 3.3062e-004 1.7722e-004 1.9057e-005 1.9170e-006 1.4204e-005 1.6269e-005 1.0715e-005
           7 2.1017e-010 5.0865e-006 1.1529e-004 9.4505e-004 6.2868e-002 2.2160e-001 1.1471e-001 9.0467e-003 2.7610e-001 2.9287e-001 1.6873e-002 4.2341e-003 1.1599e-004 1.2769e-004 2.1259e-004 9.7409e-005 2.1021e-005 7.6089e-007 1.0600e-006
           8 9.7707e-009 4.7546e-008 6.8570e-005 2.6368e-005 6.6652e-003 9.6559e-002 1.9394e-001 6.9925e-002 1.5446e-002 2.8845e-001 3.1312e-001 9.5772e-003 5.1562e-003 6.2374e-004 8.1266e-007 1.1491e-004 1.2716e-004 7.5114e-005 3.1843e-005
           9 1.7294e-008 1.1633e-007 9.2014e-006 6.7760e-005 1.5988e-004 2.0680e-002 1.1994e-001 1.5855e-001 3.9900e-002 2.1246e-002 3.0173e-001 3.2692e-001 3.8362e-003 5.2188e-003 1.3177e-003 1.2015e-004 5.9299e-006 5.2541e-005 5.8853e-005
          10 2.5211e-009 3.6283e-008 2.4511e-007 8.3071e-005 4.1199e-007 1.9759e-003 4.0526e-002 1.2695e-001 1.2124e-001 2.0689e-002 2.5670e-002 3.1966e-001 3.3552e-001 4.4303e-004 4.4203e-003 1.9193e-003 4.9723e-004 6.5968e-005 1.1922e-006
          11 1.4452e-009 1.5498e-007 1.6254e-006 2.8019e-005 2.5393e-005 3.5297e-005 7.9974e-003 5.9709e-002 1.2044e-001 8.7309e-002 9.0410e-003 2.8517e-002 3.4217e-001 3.3743e-001 6.1264e-004 2.8893e-003 2.1232e-003 9.3189e-004 3.1486e-004
          12 4.1288e-009 6.3622e-008 4.0848e-007 9.7134e-007 6.3430e-005 3.4715e-007 7.7981e-004 1.8966e-002 7.3402e-002 1.0482e-001 5.8801e-002 2.7641e-003 2.9272e-002 3.7151e-001 3.2818e-001 5.9161e-003 1.0123e-003 1.6656e-003 1.0451e-003
          13 1.4476e-009 1.4284e-009 2.2026e-008 2.0173e-006 4.5498e-005 7.1324e-006 1.3081e-005 4.0855e-003 3.2563e-002 7.8260e-002 8.3805e-002 3.6310e-002 2.6102e-004 2.7419e-002 4.1206e-001 3.0212e-001 1.8598e-002 1.0531e-005 5.8478e-004
          14 2.3268e-012 8.6078e-009 3.2486e-007 3.5819e-006 1.3741e-005 3.2106e-005 1.9813e-006 5.3437e-004 1.1151e-002 4.4341e-002 7.3747e-002 6.1311e-002 1.9877e-002 2.0350e-004 2.2439e-002 4.6887e-001 2.5103e-001 3.9725e-002 3.0147e-003
          15 7.6624e-010 1.5931e-008 3.8324e-007 1.7860e-006 9.4348e-007 3.8530e-005 8.7453e-008 2.5668e-005 3.0294e-003 2.0764e-002 5.0479e-002 6.1902e-002 4.0342e-002 8.9775e-003 1.5146e-003 1.4164e-002 5.4706e-001 1.6563e-001 6.1755e-002
          16 1.2259e-009 1.1154e-008 2.1763e-007 3.1345e-007 4.8032e-007 2.6130e-005 7.4814e-006 6.0434e-007 6.5070e-004 8.5372e-003 2.9649e-002 4.9230e-002 4.6152e-002 2.3248e-002 2.8475e-003 3.2862e-003 4.1531e-003 6.4558e-001 5.2105e-002
          17 8.8820e-010 4.8327e-009 7.0195e-008 1.6771e-009 1.9303e-006 1.2323e-005 1.6921e-005 2.0013e-006 1.0225e-004 3.2145e-003 1.5858e-002 3.3967e-002 4.1058e-002 2.9730e-002 1.1049e-002 3.4505e-004 4.9544e-003 1.2220e-003 7.1517e-001
          18 4.0317e-010 1.4162e-009 9.4381e-009 1.4563e-007 2.2196e-006 4.3363e-006 1.9600e-005 2.1866e-007 8.6398e-006 1.1546e-003 8.1318e-003 2.1712e-002 3.1880e-002 2.9063e-002 1.6052e-002 3.8397e-003 5.5934e-005 7.2426e-003 4.7776e-002
          19 1.1752e-010 2.3456e-010 1.9569e-010 2.6841e-007 1.7276e-006 1.0914e-006 1.6822e-005 3.2361e-007 3.8253e-011 4.0612e-004 4.1184e-003 1.3342e-002 2.2843e-002 2.4459e-002 1.6935e-002 6.7740e-003 7.2865e-004 4.8358e-004 1.8085e-002
          20 1.6546e-011 3.6003e-012 5.3871e-009 2.7686e-007 1.1024e-006 1.4943e-007 1.2114e-005 1.5215e-006 8.7457e-007 1.4206e-004 2.0765e-003 7.9475e-003 1.5357e-002 1.8448e-002 1.4762e-002 7.5854e-003 1.8647e-003 4.0787e-006 2.1385e-004
          21 1.3835e-014 2.0804e-011 8.4367e-009 2.0846e-007 6.0377e-007 1.0879e-009 7.4563e-006 2.0794e-006 1.0361e-006 4.9346e-005 1.0109e-003 4.4188e-003 9.3415e-003 1.2154e-002 1.0664e-002 6.2976e-003 2.1532e-003 1.8419e-004 1.1163e-004
          22 1.5790e-012 3.1299e-011 5.8527e-009 1.0653e-007 2.5425e-007 7.8143e-009 3.4221e-006 1.4129e-006 5.6045e-007 1.5450e-005 4.0612e-004 1.9354e-003 4.3259e-003 5.9015e-003 5.4523e-003 3.4614e-003 1.3723e-003 2.1378e-004 1.0987e-005
