   v'->v''           0           1           2           3           4
           0 9.9872e-001 6.7200e-004 4.4678e-004 1.3886e-004 1.1656e-005
           1 9.7852e-004 9.3336e-001 4.0872e-002 2.0073e-002 4.4576e-003
           2 2.7785e-004 6.5273e-002 6.2690e-001 2.1910e-001 8.1491e-002
           3 1.0599e-005 5.3682e-005 3.2262e-001 4.0795e-001 2.1548e-001
           4 7.9409e-006 5.8732e-004 6.7433e-003 3.1089e-001 3.7991e-001
           5 2.3721e-007 1.0913e-005 1.9683e-003 3.9793e-002 2.5564e-001
           6 5.9655e-007 3.4735e-005 2.7631e-004 2.4311e-004 6.0325e-002
           7 7.8399e-008 6.7301e-008 8.4272e-005 1.5365e-003 7.6790e-004
           8 7.1448e-008 4.7263e-006 6.4634e-005 5.7196e-005 1.1881e-003
           9 5.8677e-008 6.9341e-007 1.7220e-008 9.8001e-005 5.4879e-004
          10 4.0392e-010 2.3347e-007 1.1544e-005 8.1644e-005 1.5807e-006
          11 2.4276e-008 5.8983e-007 6.8067e-006 4.2387e-006 7.9423e-005
          12 1.3441e-008 1.7951e-007 2.7781e-007 7.3100e-006 6.1084e-005
          13 2.2893e-010 3.0372e-011 8.2346e-007 1.3319e-005 9.6457e-006
          14 2.9234e-009 6.6769e-008 1.6620e-006 5.9721e-006 4.2204e-007
          15 4.9946e-009 9.8686e-008 9.9974e-007 7.4071e-007 5.8747e-006
          16 2.9616e-009 6.3831e-008 2.6427e-007 7.2271e-008 7.3315e-006
          17 8.4404e-010 2.3850e-008 1.0949e-008 6.9169e-007 4.9944e-006
          18 6.4251e-011 4.5140e-009 2.2163e-008 9.8861e-007 2.4183e-006
          19 2.6469e-011 4.4569e-011 7.2009e-008 8.8991e-007 8.9569e-007
          20 1.3053e-010 7.5826e-010 8.8718e-008 6.4101e-007 2.5003e-007
          21 1.6037e-010 1.6175e-009 7.2842e-008 3.8847e-007 4.8052e-008
          22 1.0090e-010 1.2274e-009 3.8883e-008 1.7551e-007 5.6642e-009
