   v'->v''           0           1           2           3           4           5           6           7           8           9          10          11          12          13          14          15          16          17          18          19          20          21          22          23          24
           0 9.9666e-001 3.3429e-003 2.7187e-009 3.8408e-008 1.1731e-008 7.9995e-009 1.9831e-008 2.8562e-009 2.9816e-009 2.2257e-009 1.0320e-009 9.1803e-010 1.5382e-009 1.1997e-011 7.0297e-010 8.1130e-010 1.3866e-010 4.3225e-011 2.8948e-010 3.5233e-010 2.3360e-010 1.0439e-010 3.3799e-011 8.2264e-012 1.6086e-012
           1 3.3183e-003 9.8888e-001 7.8045e-003 6.4004e-007 3.3292e-007 4.8485e-009 2.4516e-009 1.9957e-008 5.7359e-009 8.4585e-011 2.8709e-009 1.1505e-010 2.2624e-009 1.9165e-010 6.3124e-010 8.3328e-010 6.9748e-011 1.4267e-010 4.0564e-010 3.1098e-010 1.1117e-010 1.3895e-011 4.4366e-013 5.4823e-012 3.6799e-012
           2 2.4770e-005 7.6891e-003 9.7832e-001 1.3953e-002 8.6757e-006 1.6138e-006 2.2196e-009 3.2136e-009 2.3211e-008 8.2709e-009 6.1072e-010 4.0076e-009 1.0793e-009 3.1882e-009 9.0212e-012 1.1970e-009 6.9309e-010 1.2272e-012 4.0581e-010 5.5990e-010 3.0463e-010 8.0783e-011 6.5076e-012 4.1865e-013 1.2657e-012
           3 6.2729e-007 8.8935e-005 1.3651e-002 9.6330e-001 2.2898e-002 5.6752e-005 6.2520e-006 2.7574e-009 7.2619e-011 1.3474e-008 1.0921e-008 4.2839e-009 3.4601e-009 2.0788e-009 1.8049e-009 1.5625e-010 9.1081e-010 9.2950e-011 2.0670e-010 5.5765e-010 4.0105e-010 1.3989e-010 2.2696e-011 6.7557e-013 9.6958e-014
           4 8.4048e-009 3.1960e-006 2.1082e-004 2.2291e-002 9.4060e-001 3.6602e-002 2.6861e-004 2.4292e-005 1.9428e-007 5.9279e-009 4.8510e-008 3.8319e-008 3.9807e-009 7.7778e-009 1.7190e-009 1.6523e-009 5.2876e-010 1.5515e-009 1.0581e-010 4.5854e-010 1.1916e-009 1.0104e-009 5.1969e-010 1.9406e-010 5.2495e-011
           5 2.6027e-008 7.8051e-008 9.9519e-006 4.3065e-004 3.5563e-002 9.0376e-001 5.8997e-002 1.1313e-003 1.0566e-004 2.2828e-006 1.0426e-008 1.0308e-007 1.2475e-008 4.4101e-009 2.8130e-010 6.8465e-009 6.3308e-011 6.5396e-009 4.1782e-009 1.2597e-010 7.7167e-010 1.6648e-009 1.3849e-009 7.3365e-010 2.4391e-010
           6 1.7988e-009 6.8544e-008 5.3176e-007 2.5303e-005 8.6453e-004 5.7546e-002 8.3876e-001 9.7884e-002 4.4527e-003 4.5599e-004 1.2625e-005 8.8738e-010 8.7979e-008 2.1274e-009 4.5845e-008 5.8443e-011 1.6555e-008 3.3376e-009 2.6938e-010 7.3749e-010 1.6295e-010 1.0363e-011 2.8926e-012 6.5238e-012 4.7515e-012
           7 1.4609e-010 1.4568e-009 1.1286e-007 1.9323e-006 5.8778e-005 1.8719e-003 9.6746e-002 7.2165e-001 1.6236e-001 1.5415e-002 1.8274e-003 6.7481e-005 3.0637e-008 2.7034e-007 3.4840e-010 1.1562e-009 2.8588e-012 7.6157e-009 8.0273e-009 6.4656e-010 8.9488e-010 2.6293e-009 2.4177e-009 1.3675e-009 4.7207e-010
           8 2.3802e-009 2.0740e-010 3.0606e-010 4.2124e-007 6.4170e-006 1.3662e-004 4.8049e-003 1.6332e-001 5.3147e-001 2.4888e-001 4.4611e-002 6.5018e-003 2.6673e-004 1.0754e-006 1.3495e-006 1.7595e-007 2.8441e-008 4.7874e-008 3.5242e-008 3.7907e-012 6.1762e-009 4.7834e-009 1.5811e-009 3.6656e-010 7.2733e-011
           9 6.7618e-010 5.5429e-009 2.2363e-010 1.9572e-008 1.3079e-006 2.0866e-005 3.3742e-004 1.4698e-002 2.5426e-001 2.9520e-001 3.2070e-001 9.7591e-002 1.6584e-002 5.8406e-004 1.1504e-005 8.2652e-007 9.0331e-007 1.7197e-007 8.5018e-010 1.2867e-008 7.2860e-009 3.3993e-009 1.5187e-009 5.6319e-010 1.5323e-010
          10 3.7770e-010 2.9770e-009 6.1146e-009 1.0603e-010 1.7950e-007 4.5190e-006 5.9626e-005 1.0974e-003 4.2468e-002 3.2658e-001 1.0370e-001 3.3367e-001 1.6035e-001 3.1150e-002 8.5252e-004 4.9487e-005 4.9075e-010 1.0608e-006 1.3147e-006 1.4335e-007 1.2755e-009 7.6979e-009 3.2891e-009 1.2549e-009 4.1600e-010
          11 1.3309e-009 2.3495e-010 3.1212e-009 6.0825e-009 1.9829e-008 7.4075e-007 1.6329e-005 1.3561e-004 4.3184e-003 9.5905e-002 3.1568e-001 1.2077e-002 2.9785e-001 2.2435e-001 4.8696e-002 8.7770e-004 1.1509e-004 5.0076e-006 3.5756e-007 1.4090e-006 6.9526e-007 2.4602e-007 8.2070e-008 2.4822e-008 6.1166e-009
          12 4.7580e-010 2.6335e-009 1.9161e-011 8.2784e-009 1.4307e-008 1.1385e-007 3.4907e-006 4.0323e-005 4.2593e-004 1.5387e-002 1.6129e-001 2.3060e-001 4.4232e-003 2.3500e-001 2.8366e-001 6.8228e-002 6.6875e-004 1.8787e-004 2.6694e-005 1.3878e-006 3.8979e-007 7.3248e-007 4.9078e-007 2.5350e-007 8.7066e-008
          13 7.1999e-012 1.4087e-009 1.0635e-009 9.3828e-010 1.1033e-008 5.9912e-008 5.6418e-007 1.4021e-005 8.2167e-005 1.8129e-003 4.2859e-002 2.0160e-001 1.2170e-001 3.8604e-002 1.6618e-001 3.3756e-001 8.9017e-002 3.3400e-004 2.1469e-004 6.5707e-005 1.4002e-005 1.1458e-006 9.2923e-009 2.4558e-008 2.0512e-008
          14 3.4457e-010 1.4159e-011 4.5585e-010 4.4595e-010 1.8282e-009 4.7090e-008 1.3251e-007 3.9272e-006 3.0108e-005 2.4097e-004 7.7781e-003 8.4920e-002 1.8911e-001 3.8121e-002 7.8306e-002 1.0238e-001 3.8651e-001 1.1218e-001 7.2614e-005 1.5421e-004 9.5104e-005 3.9965e-005 1.1933e-005 3.4410e-006 8.7494e-007
          15 4.4592e-010 4.4732e-010 3.9803e-012 8.2406e-010 1.0207e-010 1.7896e-008 6.7218e-008 9.9375e-007 1.2582e-005 6.0849e-005 1.1970e-003 2.4837e-002 1.2189e-001 1.2961e-001 1.8432e-003 1.0140e-001 4.9906e-002 4.2830e-001 1.4069e-001 1.2118e-008 4.5655e-005 7.2912e-005 5.1950e-005 2.2673e-005 6.9097e-006
          16 2.2503e-010 8.0325e-010 2.7037e-010 9.6199e-011 5.5290e-010 1.7615e-009 4.0819e-008 2.7007e-007 5.0746e-006 2.7229e-005 2.0700e-004 6.0546e-003 5.4117e-002 1.2481e-001 5.6274e-002 7.7488e-003 9.8882e-002 1.3584e-002 4.5687e-001 1.8123e-001 4.0684e-006 2.5387e-006 1.4050e-005 2.0298e-005 8.4563e-006
          17 4.4880e-011 5.3531e-010 3.3853e-010 9.3536e-011 1.2878e-010 1.3334e-010 2.1283e-008 8.0730e-008 1.9907e-006 1.4157e-005 5.3579e-005 1.4091e-003 2.0169e-002 7.7634e-002 8.3499e-002 7.9755e-003 3.2075e-002 7.1469e-002 2.3906e-005 4.5455e-001 2.5069e-001 2.3531e-004 8.7801e-005 1.3399e-005 5.6603e-007
          18 2.4379e-013 1.9912e-010 1.8278e-010 3.3461e-010 1.3252e-011 6.8061e-010 9.6705e-009 2.5285e-008 7.6962e-007 6.9497e-006 2.1058e-005 3.5225e-004 7.0116e-003 3.8777e-002 6.6024e-002 2.6178e-002 2.3788e-003 4.3964e-002 2.9600e-002 2.0437e-002 3.7424e-001 3.8351e-001 7.0436e-003 1.3491e-004 5.2444e-005
          19 4.3001e-012 4.6580e-011 5.8622e-011 2.7316e-010 9.3157e-011 4.3275e-010 3.7256e-009 7.6694e-009 2.6969e-007 2.8205e-006 8.7977e-006 9.4339e-005 2.2327e-003 1.5529e-002 3.4045e-002 2.1900e-002 2.0003e-004 1.5036e-002 2.4213e-002 7.8316e-004 6.8990e-002 1.5183e-001 5.7809e-001 8.6465e-002 3.7433e-005
