   v'->v''           0           1           2           3           4           5           6           7           8           9          10
           0 9.6493e-001 3.2428e-002 2.3480e-003 2.5246e-004 3.3977e-005 5.9061e-006 1.0111e-006 2.4012e-007 8.1491e-008 2.4256e-008 6.2044e-009
           1 3.5061e-002 8.9946e-001 5.8250e-002 6.1566e-003 8.8007e-004 1.4853e-004 3.1925e-005 6.6846e-006 1.7938e-006 6.8932e-007 2.6016e-007
           2 7.1723e-006 6.8087e-002 8.3924e-001 7.9301e-002 1.0896e-002 1.9297e-003 4.0274e-004 9.9411e-005 2.5668e-005 7.8736e-006 2.8558e-006
           3 5.6214e-009 2.0403e-005 1.0013e-001 7.8207e-001 9.6829e-002 1.6327e-002 3.4251e-003 8.4379e-004 2.3752e-004 7.2057e-005 2.4660e-005
           4 6.1281e-009 2.0610e-007 3.4921e-005 1.3216e-001 7.2708e-001 1.1089e-001 2.2184e-002 5.3424e-003 1.5073e-003 4.8368e-004 1.6489e-004
           5 3.7882e-008 1.9360e-008 1.0976e-006 5.4013e-005 1.6419e-001 6.7464e-001 1.2100e-001 2.8405e-002 7.6094e-003 2.4364e-003 8.7308e-004
           6 1.3362e-008 7.9415e-008 2.5436e-010 2.6155e-006 8.7198e-005 1.9585e-001 6.2710e-001 1.2454e-001 3.5234e-002 1.0136e-002 3.5658e-003
           7 5.0333e-009 1.4760e-008 8.6277e-008 1.1383e-007 2.8431e-006 2.0197e-004 2.2484e-001 5.9480e-001 1.1304e-001 4.2493e-002 1.2830e-002
           8 2.7575e-009 5.5245e-009 2.1434e-009 8.6381e-008 1.0944e-006 1.9247e-009 9.7860e-004 2.3876e-001 6.0635e-001 7.2798e-002 4.5758e-002
           9 1.8053e-009 1.9696e-009 9.8764e-009 3.8856e-009 1.0263e-007 5.1660e-006 2.7935e-005 7.1350e-003 2.0180e-001 6.8828e-001 2.2379e-002
          10 4.1963e-009 2.6308e-009 7.0634e-009 2.2279e-008 2.3855e-008 1.8923e-007 2.3642e-006 2.0197e-005 3.3153e-002 1.2195e-001 7.5778e-001
          11 1.3076e-009 6.6338e-009 2.8931e-010 2.5677e-008 3.3887e-008 4.3142e-008 5.7235e-006 3.6014e-005 8.2391e-004 5.3307e-002 1.0907e-001
          12 2.4484e-011 1.4980e-009 3.8172e-009 4.5349e-009 6.3445e-008 1.3385e-007 8.3551e-007 3.0976e-006 1.4216e-004 7.8214e-003 2.7794e-002
          13 7.2402e-010 3.4267e-010 7.2959e-010 2.9873e-011 3.1588e-008 1.2702e-007 1.0632e-007 1.1267e-005 4.1029e-005 3.5667e-006 1.9093e-002
          14 6.2875e-010 2.2430e-009 7.5312e-010 1.2371e-010 5.7838e-009 4.9245e-008 4.6516e-007 2.0532e-006 3.3919e-006 1.6019e-004 4.2005e-004
          15 1.1346e-010 1.9370e-009 3.1326e-009 1.5920e-009 1.6109e-009 9.5759e-009 2.2415e-007 4.3845e-008 1.3038e-005 3.9112e-005 1.9179e-005
          16 1.6171e-011 6.4452e-010 2.9556e-009 2.9949e-009 2.7811e-009 3.1869e-009 3.8402e-008 5.1168e-007 5.8145e-006 2.0721e-008 1.0966e-004
          17 1.6608e-010 5.0193e-011 1.4710e-009 2.5791e-009 4.7818e-009 4.5233e-009 2.8426e-009 3.9650e-007 1.0146e-006 6.5757e-006 4.6025e-005
          18 2.4249e-010 1.7302e-011 4.8321e-010 1.4654e-009 4.9961e-009 6.9202e-009 4.3885e-010 1.8300e-007 1.8717e-008 8.4146e-006 4.9591e-006
          19 2.0450e-010 7.3128e-011 1.1682e-010 6.6765e-010 3.6420e-009 7.1677e-009 7.6077e-010 7.3302e-008 6.4226e-008 5.3131e-006 7.0224e-009
          20 1.3666e-010 8.0435e-011 2.3758e-011 2.9136e-010 2.2323e-009 5.6693e-009 1.2492e-009 3.0784e-008 1.3274e-007 2.6958e-006 7.1392e-007
          21 8.7546e-011 6.5454e-011 4.3717e-012 1.3909e-010 1.3523e-009 4.1067e-009 1.4189e-009 1.4883e-008 1.3422e-007 1.3797e-006 1.0059e-006
          22 5.6267e-011 4.8337e-011 5.8880e-013 7.2628e-011 8.3681e-010 2.8909e-009 1.3244e-009 8.0268e-009 1.1140e-007 7.4210e-007 9.3351e-007
          23 3.3363e-011 3.1192e-011 2.2389e-014 3.7395e-011 4.8395e-010 1.8290e-009 1.0004e-009 4.2769e-009 7.7183e-008 3.8541e-007 6.8038e-007
          24 1.4707e-011 1.4391e-011 3.6435e-015 1.5213e-011 2.1040e-010 8.3789e-010 5.0459e-010 1.7826e-009 3.7022e-008 1.5676e-007 3.3405e-007
