   v'->v''           0           1           2           3           4           5           6           7           8           9          10          11
           0 2.7303e-003 9.7433e-001 1.1529e-002 1.1258e-002 1.5548e-004 1.0216e-006 9.2372e-008 5.0068e-007 1.8273e-007 4.9545e-009 7.2218e-009 9.0902e-009
           1 4.3723e-003 1.8784e-002 2.0528e-001 6.5872e-001 9.4625e-002 1.7636e-002 5.7773e-004 9.5199e-009 2.6836e-007 1.7930e-006 2.3627e-006 9.3819e-007
           2 1.8421e-002 1.2011e-003 1.2541e-001 1.0316e-002 2.8116e-001 4.0797e-001 1.3177e-001 2.2378e-002 1.3252e-003 5.3220e-011 2.1754e-005 4.8736e-006
           3 7.0027e-002 5.4515e-005 1.1836e-001 1.3541e-002 1.1455e-001 8.7977e-003 2.3127e-001 2.7624e-001 1.2772e-001 3.3200e-002 5.4755e-003 5.4213e-004
           4 1.8590e-001 2.3819e-004 7.7042e-002 4.0883e-002 6.7952e-003 6.8813e-002 2.2502e-002 3.7882e-002 1.7164e-001 1.8366e-001 1.1180e-001 4.9413e-002
           5 3.1342e-001 1.4064e-003 4.1620e-003 2.4050e-002 2.5287e-002 1.9440e-002 2.4003e-002 5.1231e-002 1.4279e-003 3.4454e-002 9.2276e-002 9.4367e-002
           6 2.9229e-001 2.3822e-003 6.7781e-002 2.7004e-003 4.6374e-002 1.3696e-002 3.2633e-002 1.7083e-003 3.8244e-002 2.4518e-002 6.2495e-004 6.7835e-003
           7 1.0656e-001 1.4416e-003 2.2794e-001 8.7886e-002 2.3796e-003 4.0983e-002 6.2607e-003 3.3747e-002 1.7642e-003 1.3150e-002 2.5975e-002 1.4904e-002
           8 4.8225e-003 1.7805e-004 1.4730e-001 1.1950e-001 1.6859e-001 7.4523e-003 5.0051e-002 1.1422e-003 3.0259e-002 1.1716e-002 2.0766e-004 7.3210e-003
           9 1.0923e-003 3.2864e-006 1.4485e-002 3.0640e-002 2.2022e-001 2.0542e-001 8.0356e-003 5.3803e-002 2.1398e-004 1.9047e-002 1.9088e-002 5.0995e-003
          10 1.4738e-005 2.2930e-006 6.4996e-004 2.1203e-005 3.8964e-002 1.9251e-001 2.6427e-001 5.1134e-003 5.9840e-002 5.3645e-003 5.8976e-003 1.3861e-002
          11 1.8238e-004 1.5915e-006 2.2441e-005 2.5206e-004 2.7034e-004 1.6115e-002 2.1615e-001 2.8543e-001 1.0518e-003 6.0392e-002 1.8127e-002 8.1197e-005
          12 3.0759e-005 6.5369e-008 1.8347e-004 1.4108e-004 3.7032e-005 6.8239e-004 1.1338e-002 2.2024e-001 2.9937e-001 2.9867e-003 4.5634e-002 3.2626e-002
          13 7.9166e-006 3.2856e-007 5.1952e-005 1.9413e-006 2.7721e-004 1.6827e-004 3.5808e-004 1.0089e-002 2.4894e-001 2.6504e-001 3.4505e-002 1.1075e-002
          14 2.0394e-005 2.3313e-007 5.3601e-007 1.8503e-005 9.6056e-005 4.0930e-005 6.0911e-004 3.8149e-006 1.5869e-002 2.9935e-001 1.5735e-001 1.0082e-001
          15 6.4131e-006 8.4132e-009 1.5293e-005 1.8186e-005 8.6068e-007 1.0773e-004 1.4036e-005 8.2433e-004 1.0700e-003 3.8632e-002 3.4683e-001 1.8323e-002
          16 2.2141e-008 1.3678e-008 1.3592e-005 5.0763e-006 1.3514e-005 5.4148e-005 3.4038e-005 1.3343e-004 9.2881e-004 6.6440e-003 1.0077e-001 2.7917e-001
          17 1.6414e-006 2.4482e-008 3.8695e-006 2.7376e-008 2.2646e-005 8.2884e-006 6.4215e-005 3.5012e-006 2.0365e-004 1.4665e-003 2.9532e-002 2.1104e-001
          18 2.5888e-006 1.8060e-008 2.7965e-008 1.3016e-006 1.2755e-005 5.3877e-007 4.5761e-005 1.3112e-005 6.5128e-005 9.4789e-005 5.4369e-003 1.1384e-001
          19 1.5340e-006 8.7745e-009 8.9587e-007 2.3014e-006 2.8648e-006 6.3428e-006 1.4995e-005 3.4725e-005 4.3611e-006 1.3150e-004 5.2641e-005 3.4589e-002
          20 4.3182e-007 2.1800e-009 1.7369e-006 1.7101e-006 3.7682e-008 8.2318e-006 1.6534e-006 3.0331e-005 4.1290e-006 3.9993e-005 1.9318e-004 4.7711e-003
          21 2.8552e-008 2.0829e-011 1.5176e-006 8.2266e-007 4.2624e-007 6.2453e-006 1.0745e-007 1.7817e-005 1.1946e-005 5.1734e-006 5.2850e-005 1.2407e-003
          22 1.6223e-008 5.6676e-010 9.3942e-007 2.9230e-007 9.6571e-007 3.6090e-006 1.2367e-006 8.5862e-006 1.3083e-005 7.5423e-008 2.4808e-005 3.0937e-007
          23 6.2613e-008 1.3029e-009 4.7818e-007 8.0155e-008 9.8402e-007 1.7463e-006 1.7807e-006 3.5653e-006 1.0468e-005 5.6052e-007 1.1776e-005 2.4282e-005
          24 6.2503e-008 1.2048e-009 2.0723e-007 1.7321e-008 6.6203e-007 7.2239e-007 1.3998e-006 1.2816e-006 6.3630e-006 1.1005e-006 3.9159e-006 1.1770e-005
