   v'->v''           0           1           2           3           4           5           6           7           8           9          10          11          12          13          14          15          16          17          18          19          20          21          22          23          24
           0 9.9912e-001 8.7509e-004 3.3579e-006 6.0086e-008 2.4483e-009 1.6565e-008 9.5910e-009 1.7372e-010 5.3629e-010 1.6958e-009 6.8251e-010 5.0748e-010 9.7385e-010 2.6203e-011 3.3057e-010 4.3921e-010 8.5727e-011 1.8898e-011 1.5459e-010 1.9874e-010 1.3768e-010 6.4728e-011 2.2497e-011 6.0471e-012 1.2991e-012
           1 8.6915e-004 9.9729e-001 1.8339e-003 8.5414e-006 2.2963e-007 7.8894e-008 1.2086e-008 9.8545e-011 1.2128e-009 9.7207e-010 3.6303e-009 2.2942e-011 8.3513e-010 1.3694e-010 1.7133e-010 2.7830e-010 1.8242e-011 7.5971e-011 2.0192e-010 1.6187e-010 6.5256e-011 1.2025e-011 1.3789e-013 9.3405e-013 8.6558e-013
           2 9.3381e-006 1.8093e-003 9.9525e-001 2.9110e-003 2.3450e-005 7.5922e-010 4.2336e-007 5.0087e-009 6.8371e-011 2.6567e-008 1.3133e-015 1.6201e-008 2.1172e-009 1.8748e-009 1.2506e-009 1.6191e-010 1.2489e-009 5.6997e-010 2.5319e-014 3.0639e-010 5.7812e-010 5.0643e-010 3.0508e-010 1.3927e-010 4.3481e-011
           3 2.9688e-007 2.6439e-005 2.8514e-003 9.9344e-001 3.5986e-003 8.5935e-005 4.6959e-007 7.6526e-008 3.7707e-007 6.0459e-008 1.0968e-007 1.8790e-008 1.7392e-008 9.6112e-009 8.6395e-011 7.1328e-010 8.5330e-011 9.9771e-010 6.2755e-010 3.4512e-011 1.0316e-010 3.1420e-010 3.3408e-010 2.1366e-010 7.8727e-011
           4 1.9076e-014 1.0509e-006 6.3292e-005 3.4831e-003 9.9284e-001 3.3833e-003 2.2776e-004 3.4907e-007 1.6236e-006 3.2535e-007 9.6730e-007 2.7057e-009 1.3111e-007 2.1855e-008 8.6671e-010 8.5649e-009 9.5549e-009 4.9674e-009 8.0418e-010 7.6724e-011 8.9250e-010 1.2634e-009 1.0043e-009 5.5033e-010 1.8886e-010
           5 4.5241e-009 7.9180e-008 9.7094e-007 1.5947e-004 3.2032e-003 9.9331e-001 3.0169e-003 2.7479e-004 2.7359e-005 2.9065e-006 1.6085e-006 1.0022e-006 1.0032e-006 3.6565e-008 1.3785e-007 2.1078e-007 5.1839e-008 2.2618e-009 4.0043e-008 4.8227e-008 2.8263e-008 1.0617e-008 2.7696e-009 5.1571e-010 7.8158e-011
           6 7.6644e-009 1.8516e-008 4.3456e-007 8.0063e-007 3.2627e-004 2.7832e-003 9.9249e-001 4.1937e-003 1.3131e-004 6.4047e-005 3.4788e-006 4.9935e-006 1.1056e-006 3.4226e-007 1.4813e-006 5.7710e-007 2.3935e-009 2.7890e-007 3.2183e-007 1.4414e-007 2.8270e-008 4.4950e-010 2.6811e-009 4.6325e-009 2.3288e-009
           7 1.7314e-009 3.3225e-008 1.3447e-007 1.3329e-007 7.7500e-006 3.7645e-004 3.9121e-003 9.8893e-001 6.5914e-003 1.3893e-004 2.1510e-005 1.7061e-005 2.4060e-007 2.0105e-006 1.4693e-006 5.8365e-009 7.8502e-007 7.8814e-007 2.6678e-007 2.0798e-008 9.7410e-009 4.5559e-008 5.6054e-008 3.9779e-008 1.5517e-008
           8 4.4488e-009 2.4407e-009 2.9197e-008 7.9556e-007 5.8522e-007 5.7887e-005 2.3978e-004 6.2295e-003 9.8669e-001 6.3804e-003 3.7338e-004 1.6610e-005 9.7964e-006 2.5509e-006 8.6465e-010 1.1031e-006 6.2120e-007 4.9595e-009 1.4132e-007 2.5266e-007 2.1605e-007 1.3738e-007 7.2696e-008 3.1805e-008 9.8409e-009
           9 3.4368e-010 9.4569e-009 1.3745e-010 3.8694e-009 5.1523e-007 2.9236e-007 9.8728e-005 2.8804e-004 5.8995e-003 9.8730e-001 5.8171e-003 5.5645e-004 2.4106e-005 8.3899e-006 5.0843e-006 1.4604e-006 1.3223e-007 9.1790e-007 5.8241e-007 1.4993e-007 6.7668e-009 1.2020e-008 3.8761e-008 3.8286e-008 1.6948e-008
          10 1.2574e-009 5.9494e-010 1.8379e-009 7.1853e-009 5.7965e-007 8.4421e-007 1.0830e-005 4.9206e-005 5.8377e-004 5.2473e-003 9.8819e-001 4.9903e-003 8.6518e-004 5.1631e-005 5.8591e-006 2.6180e-006 2.6962e-006 5.5652e-007 9.4240e-011 1.2101e-007 2.0840e-007 2.0103e-007 1.3998e-007 7.2278e-008 2.4147e-008
          11 5.8521e-011 1.1946e-009 2.6695e-011 4.6030e-009 6.0142e-008 3.6179e-007 1.6072e-006 2.8535e-005 4.8593e-005 7.6458e-004 4.4020e-003 9.8958e-001 3.9667e-003 1.0987e-003 8.8938e-005 1.0642e-005 2.8067e-006 2.8870e-006 1.3665e-006 3.6771e-007 6.2023e-008 4.7357e-010 1.1978e-008 2.1309e-008 1.1154e-008
          12 8.8350e-010 7.8875e-010 3.8168e-010 1.5272e-009 6.1729e-008 1.3975e-006 1.6611e-006 2.8039e-006 1.9372e-005 6.7756e-005 1.0496e-003 3.4242e-003 9.9124e-001 2.5215e-003 1.4728e-003 1.6518e-004 2.0597e-005 3.2744e-006 2.0464e-006 1.1401e-006 5.8087e-007 3.4174e-007 1.9927e-007 9.5539e-008 3.0876e-008
          13 1.5730e-010 1.9511e-009 2.3796e-009 2.6037e-009 7.5096e-008 1.2302e-007 3.2654e-007 1.3788e-006 7.4687e-006 1.9125e-005 1.1114e-004 1.2092e-003 2.1103e-003 9.9332e-001 1.0687e-003 1.8286e-003 2.7169e-004 3.7986e-005 5.6501e-006 2.6391e-006 1.4361e-006 7.1374e-007 3.8945e-007 2.0568e-007 7.3457e-008
          14 1.8246e-010 5.2906e-011 6.6262e-010 8.5161e-009 1.0041e-011 1.5810e-007 1.4276e-006 1.1068e-006 2.4991e-007 1.0967e-005 1.7397e-005 1.5418e-004 1.4950e-003 8.5776e-004 9.9482e-001 3.3574e-005 2.0336e-003 4.6174e-004 8.4049e-005 1.4763e-005 4.9546e-006 2.2323e-006 9.9651e-007 4.1811e-007 1.3179e-007
          15 5.4378e-010 8.3920e-010 1.9039e-010 2.1749e-009 2.7345e-008 1.8713e-007 4.8905e-007 8.0729e-010 3.9739e-007 2.7783e-006 8.5785e-006 2.7366e-005 2.1897e-004 1.7701e-003 1.5439e-005 9.9419e-001 8.2281e-004 1.9644e-003 7.2673e-004 1.8134e-004 3.9940e-005 1.1905e-005 4.5645e-006 1.7696e-006 5.2918e-007
          16 2.3660e-010 1.1939e-009 8.1865e-010 2.5771e-010 1.7795e-008 1.9610e-008 5.2278e-010 4.9903e-007 5.2822e-007 2.1847e-008 4.0055e-006 9.6162e-006 4.0290e-005 2.7800e-004 2.0257e-003 7.8158e-004 9.8867e-001 5.3182e-003 1.3798e-003 9.6292e-004 3.4291e-004 1.0398e-004 3.5171e-005 1.2700e-005 3.7109e-006
          17 5.9923e-013 2.7871e-010 2.9480e-010 1.5552e-009 8.2313e-010 7.3973e-009 1.5060e-007 7.8537e-007 5.1381e-008 4.8701e-007 1.7188e-006 4.8192e-006 1.1997e-005 5.4278e-005 3.6594e-004 2.3258e-003 4.7323e-003 9.7331e-001 1.6809e-002 3.7658e-004 9.5430e-004 5.2379e-004 2.1820e-004 8.3600e-005 2.4835e-005
          18 1.1287e-010 2.7328e-011 2.6550e-012 6.0929e-010 1.4825e-009 2.5817e-008 2.2924e-007 3.8285e-007 9.1965e-008 5.5053e-007 1.3772e-007 2.8813e-006 3.9591e-006 1.7136e-005 7.9490e-005 4.7216e-004 2.6134e-003 1.4945e-002 9.4037e-001 3.9163e-002 1.8811e-004 4.4158e-004 4.7521e-004 2.5291e-004 8.4339e-005
          19 2.2921e-010 3.4939e-010 1.8059e-010 1.4064e-012 2.3490e-009 2.1032e-008 1.2783e-007 3.7410e-008 3.0473e-007 1.4062e-007 1.1063e-007 9.7467e-007 2.8003e-006 5.2245e-006 2.5971e-005 1.1401e-004 5.7172e-004 2.9064e-003 3.6032e-002 8.7928e-001 7.4769e-002 4.3727e-003 4.8885e-005 4.7054e-005 3.9215e-005
          20 1.9536e-010 4.6916e-010 2.3771e-010 3.4528e-010 8.1943e-010 1.0277e-008 2.7364e-008 2.1641e-008 2.9183e-007 1.3062e-010 3.0202e-007 1.1639e-007 1.7727e-006 3.2392e-006 7.9287e-006 3.7250e-005 1.5468e-004 6.7616e-004 3.2705e-003 7.4584e-002 7.7724e-001 1.1971e-001 1.8308e-002 3.0828e-003 5.4702e-004
          21 1.0050e-010 3.1840e-010 1.2853e-010 5.4284e-010 3.4687e-011 3.5131e-009 9.2110e-013 1.0178e-007 1.6553e-007 6.6409e-008 2.2071e-007 2.5792e-009 7.8339e-007 2.2301e-006 4.0822e-006 1.1869e-005 5.3630e-005 2.0060e-004 7.8916e-004 3.7416e-003 1.3994e-001 6.2324e-001 1.5442e-001 3.8928e-002 9.1974e-003
          22 3.2859e-011 1.3782e-010 3.2990e-011 3.8920e-010 6.8305e-011 7.6764e-010 9.5353e-009 1.2387e-007 6.6926e-008 1.2815e-007 9.7820e-008 5.2134e-008 2.8729e-007 1.2527e-006 2.5180e-006 5.4228e-006 1.8940e-005 7.8503e-005 2.5758e-004 9.1304e-004 4.3180e-003 2.4377e-001 4.1847e-001 1.3908e-001 3.6730e-002
          23 6.0126e-012 4.0044e-011 1.9519e-012 1.8128e-010 1.7763e-010 6.1773e-011 1.7736e-008 9.4406e-008 2.0638e-008 1.2623e-007 3.2211e-008 7.4392e-008 9.9023e-008 6.3428e-007 1.3840e-006 2.9223e-006 8.2081e-006 2.9839e-005 1.0220e-004 3.0865e-004 1.0469e-003 4.8928e-003 3.9846e-001 1.9179e-001 6.1119e-002
          24 3.4727e-013 7.7984e-012 6.4615e-013 6.2623e-011 1.5324e-010 2.7670e-012 1.4989e-008 5.2776e-008 5.0385e-009 8.3487e-008 8.4940e-009 5.6667e-008 3.2159e-008 2.9562e-007 6.5530e-007 1.4272e-006 3.7187e-006 1.1938e-005 4.0341e-005 1.1961e-004 3.2771e-004 1.1254e-003 5.2681e-003 6.1425e-001 3.1523e-002
