   v'->v''           0           1           2           3           4           5           6           7           8           9          10          11          12          13          14          15          16          17          18          19          20          21          22          23
           0 2.5929e-004 2.7215e-003 1.3458e-002 4.1936e-002 9.2039e-002 1.5113e-001 1.9178e-001 1.9154e-001 1.5152e-001 9.4701e-002 4.6166e-002 1.7092e-002 4.5823e-003 8.1529e-004 8.0421e-005 2.5829e-006 1.3595e-008 3.9010e-008 1.2054e-008 1.7545e-012 3.9305e-009 1.0249e-009 9.4846e-012 2.3728e-012
           1 1.3770e-003 1.1560e-002 4.3237e-002 9.3328e-002 1.2357e-001 9.3640e-002 2.6510e-002 1.7542e-003 5.9310e-002 1.4408e-001 1.7411e-001 1.3292e-001 6.7589e-002 2.2378e-002 4.3737e-003 3.8953e-004 5.4602e-006 4.6574e-007 4.1299e-008 2.4995e-009 2.9768e-010 3.5718e-009 1.5455e-009 1.1760e-010
           2 4.0613e-003 2.7008e-002 7.4147e-002 1.0237e-001 6.3059e-002 4.7263e-003 2.2543e-002 8.5056e-002 7.4799e-002 9.4953e-003 2.2594e-002 1.2393e-001 1.8201e-001 1.3588e-001 5.6085e-002 1.1569e-002 7.8831e-004 2.2692e-008 2.7092e-006 6.6950e-008 6.0508e-010 4.4640e-009 2.5560e-009 2.4877e-010
           3 8.7827e-003 4.5707e-002 8.8355e-002 6.7084e-002 6.7333e-003 2.0457e-002 7.1577e-002 3.8527e-002 7.8169e-004 5.9183e-002 8.1363e-002 1.1991e-002 3.1201e-002 1.5796e-001 1.9132e-001 9.8440e-002 1.9880e-002 6.9931e-004 4.0635e-005 2.2261e-006 1.2056e-006 2.0388e-007 2.4002e-008 1.1290e-009
           4 1.5536e-002 6.2323e-002 7.9735e-002 2.3147e-002 6.3056e-003 5.7504e-002 3.6294e-002 1.0918e-003 5.3910e-002 4.7092e-002 1.3993e-004 6.2150e-002 7.0237e-002 2.2019e-004 9.8604e-002 2.2271e-001 1.3903e-001 2.3622e-002 5.4877e-005 1.9732e-004 8.0225e-006 1.1118e-007 4.6020e-007 5.9775e-008
           5 2.3834e-002 7.2314e-002 5.5394e-002 1.0378e-003 3.4658e-002 4.7175e-002 6.2932e-004 3.8126e-002 4.2293e-002 2.4233e-004 5.3202e-002 3.5818e-002 7.1607e-003 8.3417e-002 2.5298e-002 4.9593e-002 2.4297e-001 1.6881e-001 1.6801e-002 8.9287e-004 9.4486e-005 8.3182e-005 2.2215e-005 1.6489e-006
           6 3.2850e-002 7.3586e-002 2.8056e-002 5.5555e-003 4.9843e-002 1.3906e-002 1.5335e-002 4.6724e-002 1.6447e-003 3.6888e-002 3.3589e-002 5.2148e-003 6.1222e-002 7.4385e-003 5.0561e-002 5.6913e-002 2.5587e-002 2.7472e-001 1.7330e-001 2.6007e-003 3.8662e-003 3.7063e-004 7.7770e-006 1.3078e-009
           7 4.1664e-002 6.6786e-002 8.1969e-003 2.3138e-002 3.9655e-002 2.1288e-005 3.9489e-002 1.5696e-002 1.4852e-002 4.0937e-002 6.0024e-005 4.6731e-002 1.1099e-002 3.3022e-002 3.7974e-002 1.7660e-002 7.0216e-002 2.2803e-002 3.3397e-001 1.2572e-001 6.0330e-003 1.0724e-003 1.1479e-003 1.1903e-004
           8 4.9441e-002 5.4397e-002 2.1009e-004 3.7802e-002 1.7988e-002 1.1752e-002 3.6539e-002 4.9667e-005 3.8357e-002 7.4687e-003 2.6332e-002 2.4740e-002 1.2279e-002 4.1180e-002 4.3102e-003 5.4463e-002 2.9482e-003 6.5043e-002 4.6654e-002 3.9895e-001 2.8752e-002 3.0410e-002 5.6476e-003 3.1756e-004
           9 5.5580e-002 3.9607e-002 2.8331e-003 4.1187e-002 2.6018e-003 2.9107e-002 1.5324e-002 1.3989e-002 2.8724e-002 3.4804e-003 3.6952e-002 2.4530e-005 4.0224e-002 1.0547e-003 4.3138e-002 1.5996e-003 5.1467e-002 4.9126e-005 4.4852e-002 1.3301e-001 3.5211e-001 2.2194e-002 1.5377e-003 5.9156e-004
          10 5.9756e-002 2.5320e-002 1.1670e-002 3.3783e-002 9.4993e-004 3.4634e-002 9.1092e-004 3.0490e-002 6.1113e-003 2.4471e-002 1.2744e-002 1.9602e-002 1.7868e-002 1.8510e-002 1.8838e-002 2.4550e-002 1.1744e-002 4.1500e-002 9.5867e-005 1.2233e-002 3.1855e-001 7.8872e-002 8.2820e-002 7.8774e-003
          11 6.1900e-002 1.3583e-002 2.1842e-002 2.1081e-002 9.6109e-003 2.6219e-002 3.5437e-003 2.9290e-002 8.6568e-004 3.0900e-002 1.0087e-004 3.2073e-002 4.6013e-005 3.3479e-002 8.7461e-004 3.2794e-002 8.4768e-003 1.9384e-002 3.4365e-002 4.1415e-004 9.7492e-003 3.6032e-001 5.5764e-002 1.6495e-003
          12 6.2151e-002 5.4417e-003 2.9710e-002 9.1178e-003 2.0625e-002 1.2346e-002 1.5721e-002 1.4885e-002 1.3116e-002 1.6289e-002 1.2732e-002 1.5858e-002 1.5390e-002 1.2108e-002 2.2638e-002 3.9619e-003 3.2027e-002 1.6859e-003 1.9705e-002 3.5131e-002 6.1544e-003 1.2364e-001 2.1831e-002 7.9092e-003
          13 6.0780e-002 1.0694e-003 3.3466e-002 1.7657e-003 2.7489e-002 2.2888e-003 2.5184e-002 2.4142e-003 2.4704e-002 1.8622e-003 2.5665e-002 6.3362e-004 2.7373e-002 1.6927e-004 2.6336e-002 6.3155e-003 1.4151e-002 2.4350e-002 2.0712e-004 1.3659e-002 5.4615e-002 5.0122e-002 6.3585e-002 9.6941e-003
          14 5.8122e-002 2.7993e-005 3.2945e-002 8.9849e-005 2.7730e-002 2.4508e-004 2.5551e-002 6.9169e-004 2.4058e-002 1.9649e-003 2.1836e-002 5.3360e-003 1.6862e-002 1.2932e-002 7.1933e-003 2.3752e-002 9.5560e-005 1.9861e-002 1.7443e-002 8.7497e-005 2.0439e-003 1.3421e-001 4.1600e-002 4.0289e-003
          15 5.4532e-002 1.5476e-003 2.9053e-002 3.0267e-003 2.2464e-002 4.9716e-003 1.8232e-002 7.8489e-003 1.3898e-002 1.2187e-002 8.4527e-003 1.8138e-002 2.3203e-003 2.3290e-002 5.4666e-004 1.8729e-002 1.3050e-002 1.5057e-003 1.9793e-002 1.4074e-002 1.9019e-005 1.9274e-002 1.5432e-001 9.9257e-003
          16 5.0340e-002 4.7579e-003 2.3161e-002 8.5009e-003 1.4604e-002 1.2426e-002 8.6567e-003 1.6634e-002 3.6445e-003 2.0485e-002 2.9424e-004 2.1829e-002 1.6657e-003 1.6286e-002 1.1675e-002 3.2469e-003 2.1128e-002 4.9269e-003 3.8881e-003 1.6559e-002 1.4864e-002 5.1164e-003 1.2319e-001 2.4575e-003
          17 4.5831e-002 8.8469e-003 1.6638e-002 1.4392e-002 7.1222e-003 1.8621e-002 1.8448e-003 2.1013e-002 6.1475e-006 2.0093e-002 2.9086e-003 1.3988e-002 1.1468e-002 3.7238e-003 1.9871e-002 1.3760e-003 1.1089e-002 1.6658e-002 1.4407e-003 4.2781e-003 1.0559e-002 3.3809e-002 6.4873e-002 1.9379e-005
          18 4.1234e-002 1.3147e-002 1.0573e-002 1.9112e-002 2.0165e-003 2.1257e-002 5.5372e-005 1.9237e-002 3.4443e-003 1.2772e-002 1.1182e-002 3.8686e-003 1.8500e-002 2.9884e-004 1.4699e-002 1.1192e-002 7.0523e-004 1.5017e-002 1.1362e-002 5.2040e-004 3.0511e-003 5.2812e-004 1.2621e-001 9.3938e-006
          19 3.6722e-002 1.7170e-002 5.6778e-003 2.1805e-002 3.5172e-005 1.9999e-002 2.7349e-003 1.3248e-002 1.0111e-002 4.5213e-003 1.7195e-002 5.0904e-006 1.6201e-002 6.7637e-003 4.3300e-003 1.6997e-002 2.7890e-003 4.5488e-003 1.4472e-002 7.9478e-003 6.4085e-004 4.0155e-003 4.4368e-002 4.7001e-003
          20 3.2420e-002 2.0599e-002 2.2917e-003 2.2285e-002 8.9455e-004 1.5906e-002 7.7258e-003 6.4307e-003 1.5527e-002 2.2923e-004 1.6942e-002 3.5775e-003 8.1200e-003 1.4241e-002 5.2508e-006 1.2526e-002 1.1098e-002 3.2067e-005 7.2742e-003 1.2035e-002 6.0185e-003 3.4945e-003 4.2667e-002 6.7913e-003
          21 2.8412e-002 2.3267e-002 4.5704e-004 2.0844e-002 3.7056e-003 1.0613e-002 1.2645e-002 1.5933e-003 1.7116e-002 1.1738e-003 1.1614e-002 1.0120e-002 1.4283e-003 1.5617e-002 3.9330e-003 4.1068e-003 1.4396e-002 4.7013e-003 6.0539e-004 7.6054e-003 9.2406e-003 3.0999e-003 4.7953e-002 9.3222e-003
          22 2.4743e-002 2.5124e-002 1.1700e-005 1.8035e-002 7.3939e-003 5.6443e-003 1.5801e-002 4.0147e-007 1.4780e-002 5.5658e-003 5.0781e-003 1.4505e-002 2.7731e-004 1.0751e-002 1.0494e-002 2.3959e-005 9.9872e-003 1.0854e-002 1.3564e-003 1.4418e-003 5.9829e-003 7.9569e-003 7.8695e-003 2.1988e-002
          23 2.1435e-002 2.6198e-002 6.7909e-004 1.4482e-002 1.1003e-002 2.0358e-003 1.6515e-002 1.4115e-003 1.0104e-002 1.0477e-002 8.0296e-004 1.4355e-002 3.9796e-003 4.1664e-003 1.3592e-002 2.4465e-003 3.2424e-003 1.1656e-002 6.5638e-003 3.0542e-004 1.3013e-003 2.7049e-003 2.9406e-002 1.6610e-002
          24 1.8488e-002 2.6573e-002 2.1407e-003 1.0755e-002 1.3853e-002 2.3044e-004 1.4986e-002 4.6638e-003 5.1513e-003 1.3560e-002 2.0395e-004 1.0476e-002 9.0783e-003 3.1614e-004 1.1433e-002 7.7529e-003 2.8276e-005 7.2068e-003 9.8900e-003 3.8298e-003 1.1273e-004 7.5828e-004 4.2534e-003 2.9718e-002
          25 1.5889e-002 2.6355e-002 4.0871e-003 7.2988e-003 1.5583e-002 1.6952e-004 1.1947e-002 8.3496e-003 1.5430e-003 1.3846e-002 2.6550e-003 5.3657e-003 1.2284e-002 7.5798e-004 6.3026e-003 1.1242e-002 1.7931e-003 2.0374e-003 8.5179e-003 7.3912e-003 2.4955e-003 2.9665e-004 6.6428e-003 2.8093e-002
          26 1.3616e-002 2.5663e-002 6.2490e-003 4.4072e-003 1.6110e-002 1.4674e-003 8.3053e-003 1.1316e-002 4.1191e-005 1.1668e-002 6.4296e-003 1.4481e-003 1.2187e-002 4.1903e-003 1.7344e-003 1.0765e-002 5.9941e-003 1.9076e-009 4.3278e-003 7.7497e-003 5.3266e-003 1.8636e-003 6.9180e-003 2.9944e-002
          27 1.1641e-002 2.4611e-002 8.4113e-003 2.2346e-003 1.5554e-002 3.5935e-003 4.8672e-003 1.2901e-002 5.8485e-004 8.1221e-003 9.7506e-003 3.1252e-006 9.3454e-003 8.0958e-003 1.4128e-006 7.2410e-003 9.1768e-003 1.6591e-003 8.3216e-004 5.1148e-003 6.0223e-003 3.9430e-003 9.8356e-005 3.8353e-002
          28 9.9345e-003 2.3301e-002 1.0417e-002 8.1998e-004 1.4155e-002 6.0164e-003 2.1937e-003 1.2947e-002 2.5682e-003 4.4594e-003 1.1469e-002 1.0002e-003 5.3925e-003 1.0403e-002 1.2855e-003 3.0973e-003 9.4652e-003 5.0021e-003 9.5765e-005 1.8371e-003 4.4210e-003 4.0686e-003 7.3301e-003 2.9715e-002
          29 8.4670e-003 2.1827e-002 1.2163e-002 1.1851e-004 1.2201e-002 8.2967e-003 5.6243e-004 1.1679e-002 5.1761e-003 1.6504e-003 1.1265e-002 3.5235e-003 1.9993e-003 1.0308e-002 4.2582e-003 4.5517e-004 7.1424e-003 7.5568e-003 1.8688e-003 8.8489e-005 1.9592e-003 2.9917e-003 2.0509e-004 4.1904e-002
          30 7.2092e-003 2.0260e-002 1.3590e-002 3.2354e-005 9.9723e-003 1.0128e-002 2.1831e-006 9.5393e-003 7.6543e-003 1.9434e-004 9.4863e-003 6.3760e-003 2.0242e-004 8.2147e-003 7.1825e-003 1.5992e-004 3.7950e-003 7.9678e-003 4.5003e-003 5.0210e-004 2.7585e-004 1.2979e-003 3.4637e-003 3.1622e-002
          31 6.1348e-003 1.8662e-002 1.4677e-002 4.3680e-004 7.7119e-003 1.1342e-002 3.6404e-004 7.0255e-003 9.4684e-003 1.3112e-004 6.8454e-003 8.5642e-003 2.2383e-004 5.1940e-003 8.7951e-003 1.7891e-003 1.0990e-003 6.3518e-003 6.3095e-003 2.3071e-003 1.2058e-004 1.8668e-004 3.4433e-006 3.9210e-002
          32 5.2192e-003 1.7079e-002 1.5428e-002 1.2001e-003 5.6057e-003 1.1891e-002 1.3997e-003 4.5809e-003 1.0354e-002 1.1705e-003 4.1045e-003 9.5417e-003 1.6477e-003 2.3774e-003 8.6658e-003 4.2307e-003 1.1592e-005 3.7661e-003 6.4755e-003 4.2159e-003 1.1893e-003 7.2236e-005 3.4766e-004 3.4675e-002
          33 4.4401e-003 1.5543e-002 1.5865e-002 2.1972e-003 3.7799e-003 1.1817e-002 2.8291e-003 2.5295e-003 1.0286e-002 2.8586e-003 1.8645e-003 9.2280e-003 3.7469e-003 5.4927e-004 7.0998e-003 6.3444e-003 5.8491e-004 1.4289e-003 5.1707e-003 5.2281e-003 2.6533e-003 7.7409e-004 4.9700e-004 3.4152e-002
          34 3.7783e-003 1.4080e-002 1.6022e-002 3.3180e-003 2.3067e-003 1.1221e-002 4.3907e-003 1.0586e-003 9.4190e-003 4.7246e-003 4.6850e-004 7.8902e-003 5.7906e-003 2.4734e-006 4.8061e-003 7.3990e-003 2.2250e-003 1.5297e-004 3.1693e-003 5.0072e-003 3.7153e-003 1.7505e-003 2.2973e-004 3.6775e-002
          35 3.2164e-003 1.2702e-002 1.5936e-002 4.4709e-003 1.2122e-003 1.0231e-002 5.8702e-003 2.2872e-004 7.9982e-003 6.3805e-003 5.4362e-007 5.9698e-003 7.2439e-003 5.9878e-004 2.5430e-003 7.2023e-003 4.1106e-003 1.4631e-004 1.3269e-003 3.8293e-003 3.9504e-003 2.4911e-003 1.5208e-003 2.9630e-002
          36 2.7399e-003 1.1421e-002 1.5649e-002 5.5851e-003 4.8774e-004 8.9843e-003 7.1152e-003 1.9357e-006 6.2976e-003 7.5700e-003 3.4492e-004 3.9293e-003 7.8468e-003 1.9363e-003 8.7549e-004 5.9999e-003 5.5473e-003 1.1206e-003 2.2234e-004 2.2821e-003 3.3877e-003 2.7250e-003 1.0294e-003 3.6520e-002
          37 2.3357e-003 1.0240e-002 1.5201e-002 6.6084e-003 1.0019e-004 7.6084e-003 8.0346e-003 2.7564e-004 4.5654e-003 8.1751e-003 1.2677e-003 2.1444e-003 7.5932e-003 3.5319e-003 7.3112e-005 4.2662e-003 6.1538e-003 2.5415e-003 3.6745e-005 9.3793e-004 2.3583e-003 2.4219e-003 1.6980e-003 2.6727e-002
          38 1.9929e-003 9.1584e-003 1.4626e-002 7.5054e-003 1.6412e-006 6.2116e-003 8.5912e-003 9.1416e-004 2.9956e-003 8.1949e-003 2.4942e-003 8.5327e-004 6.6578e-003 4.9627e-003 1.2754e-004 2.5012e-003 5.8829e-003 3.8751e-003 6.1628e-004 1.5462e-004 1.2689e-003 1.7722e-003 1.0251e-003 3.3947e-002
          39 1.7020e-003 8.1741e-003 1.3959e-002 8.2553e-003 1.3688e-004 4.8796e-003 8.7911e-003 1.7746e-003 1.7166e-003 7.7128e-003 3.7686e-003 1.5112e-004 5.3072e-003 5.9450e-003 8.3661e-004 1.0907e-003 4.9344e-003 4.7471e-003 1.6203e-003 2.6644e-005 4.3992e-004 1.0387e-003 9.5870e-004 2.5191e-002
          40 1.4550e-003 7.2822e-003 1.3227e-002 8.8478e-003 4.4912e-004 3.6733e-003 8.6700e-003 2.7249e-003 7.9250e-004 6.8585e-003 4.8892e-003 1.3951e-005 3.8195e-003 6.3536e-003 1.9078e-003 2.4479e-004 3.6275e-003 4.9983e-003 2.6760e-003 4.3783e-004 3.6361e-005 4.3263e-004 4.2944e-004 3.0039e-002
          41 1.2451e-003 6.4774e-003 1.2453e-002 9.2822e-003 8.8403e-004 2.6315e-003 8.2825e-003 3.6552e-003 2.3369e-004 5.7787e-003 5.7245e-003 3.3658e-004 2.4304e-003 6.2017e-003 3.0479e-003 1.1558e-006 2.2862e-003 4.6629e-003 3.4902e-003 1.1569e-003 6.4726e-005 7.8898e-005 2.0389e-004 2.4440e-002
          42 1.0664e-003 5.7529e-003 1.1656e-002 9.5628e-003 1.3922e-003 1.7733e-003 7.6913e-003 4.4825e-003 9.8904e-006 4.6115e-003 6.2115e-003 9.7221e-004 1.3029e-003 5.5972e-003 4.0229e-003 2.6698e-004 1.1620e-003 3.9010e-003 3.9028e-003 1.9328e-003 4.1564e-004 6.5157e-006 2.6895e-005 2.5885e-002
          43 9.1414e-004 5.1021e-003 1.0851e-002 9.6986e-003 1.9306e-003 1.1021e-003 6.9603e-003 5.1513e-003 6.4686e-005 3.4729e-003 6.3454e-003 1.7659e-003 5.2158e-004 4.6968e-003 4.6858e-003 8.7582e-004 4.0000e-004 2.9257e-003 3.8860e-003 2.5643e-003 9.2767e-004 1.6341e-004 7.2302e-006 2.3937e-002
          44 7.8408e-004 4.5179e-003 1.0051e-002 9.7002e-003 2.4626e-003 6.0943e-004 6.1486e-003 5.6308e-003 3.2805e-004 2.4485e-003 6.1637e-003 2.5788e-003 1.0113e-004 3.6644e-003 4.9779e-003 1.6409e-003 4.0112e-005 1.9395e-003 3.5106e-003 2.9342e-003 1.4451e-003 4.5719e-004 8.8496e-005 2.2222e-002
          45 6.7265e-004 3.9933e-003 9.2607e-003 9.5785e-003 2.9581e-003 2.7819e-004 5.3073e-003 5.9106e-003 7.2640e-004 1.5924e-003 5.7299e-003 3.3016e-003 3.3661e-006 2.6432e-003 4.9132e-003 2.3947e-003 3.9710e-005 1.0961e-003 2.9012e-003 3.0109e-003 1.8525e-003 7.9108e-004 2.4386e-004 2.3334e-002
          46 5.7689e-004 3.5216e-003 8.4872e-003 9.3448e-003 3.3927e-003 8.5767e-005 4.4790e-003 5.9968e-003 1.1899e-003 9.3027e-004 5.1197e-003 3.8608e-003 1.5685e-004 1.7397e-003 4.5561e-003 3.0129e-003 3.0494e-004 4.8376e-004 2.1940e-003 2.8288e-003 2.0871e-003 1.0845e-003 4.0473e-004 1.9472e-002
          47 4.9412e-004 3.0958e-003 7.7305e-003 9.0064e-003 3.7456e-003 6.2837e-006 3.6951e-003 5.9047e-003 1.6565e-003 4.6303e-004 4.4075e-003 4.2160e-003 4.7478e-004 1.0177e-003 3.9954e-003 3.4213e-003 7.2127e-004 1.2737e-004 1.5067e-003 2.4608e-003 2.1342e-003 1.2842e-003 5.3849e-004 2.2603e-002
          48 4.2214e-004 2.7092e-003 6.9897e-003 8.5696e-003 3.9997e-003 1.2346e-005 2.9787e-003 5.6571e-003 2.0746e-003 1.7361e-004 3.6613e-003 4.3566e-003 8.6914e-004 5.0197e-004 3.3261e-003 3.5937e-003 1.1777e-003 2.1082e-006 9.2241e-004 1.9930e-003 2.0168e-003 1.3688e-003 6.3780e-004 1.7728e-002
          49 3.5891e-004 2.3551e-003 6.2600e-003 8.0351e-003 4.1387e-003 7.6154e-005 2.3435e-003 5.2783e-003 2.4024e-003 3.2061e-005 2.9355e-003 4.2926e-003 1.2602e-003 1.8414e-004 2.6325e-003 3.5412e-003 1.5821e-003 5.1029e-005 4.8485e-004 1.5049e-003 1.7796e-003 1.3437e-003 6.7854e-004 2.1948e-002
          50 3.0261e-004 2.0262e-003 5.5331e-003 7.3988e-003 4.1460e-003 1.7016e-004 1.7961e-003 4.7914e-003 2.6074e-003 7.2224e-007 2.2698e-003 4.0480e-003 1.5817e-003 3.2510e-005 1.9808e-003 3.2992e-003 1.8686e-003 2.0231e-004 2.0177e-004 1.0574e-003 1.4752e-003 1.2305e-003 6.5878e-004 1.7090e-002
          51 2.5138e-004 1.7139e-003 4.7943e-003 6.6463e-003 4.0006e-003 2.6725e-004 1.3362e-003 4.2140e-003 2.6626e-003 3.8264e-005 1.6884e-003 3.6508e-003 1.7814e-003 8.6150e-007 1.4141e-003 2.9133e-003 1.9966e-003 3.8281e-004 5.3377e-005 6.8812e-004 1.1517e-003 1.0573e-003 5.9716e-004 2.1796e-002
          52 2.0345e-004 1.4093e-003 4.0254e-003 5.7561e-003 3.6781e-003 3.4104e-004 9.5902e-004 3.5582e-003 2.5459e-003 1.0297e-004 1.2023e-003 3.1294e-003 1.8212e-003 3.6681e-005 9.5421e-004 2.4306e-003 1.9480e-003 5.2742e-004 2.7453e-006 4.1196e-004 8.4600e-004 8.5234e-004 5.0786e-004 1.7767e-002
          53 1.5670e-004 1.0999e-003 3.1969e-003 4.6900e-003 3.1448e-003 3.6624e-004 6.5410e-004 2.8235e-003 2.2344e-003 1.5570e-004 8.0894e-004 2.5020e-003 1.6722e-003 8.8253e-005 6.0264e-004 1.8869e-003 1.7172e-003 5.8384e-004 5.9472e-006 2.2472e-004 5.7912e-004 6.3709e-004 3.9848e-004 2.2552e-002
          54 1.0878e-004 7.7138e-004 2.2723e-003 3.3994e-003 2.3633e-003 3.2114e-004 4.0687e-004 1.9983e-003 1.7067e-003 1.6386e-004 4.9515e-004 1.7753e-003 1.3148e-003 1.1175e-004 3.4565e-004 1.3024e-003 1.3066e-003 5.1646e-004 2.1818e-005 1.0961e-004 3.5703e-004 4.2418e-004 2.7572e-004 1.9866e-002
          55 5.9541e-005 4.2507e-004 1.2631e-003 1.9138e-003 1.3616e-003 2.0295e-004 2.0548e-004 1.1057e-003 9.9204e-004 1.1384e-004 2.4664e-004 9.8239e-004 7.7693e-004 8.4408e-005 1.6330e-004 7.0610e-004 7.5505e-004 3.2643e-004 2.2800e-005 4.4869e-005 1.7808e-004 2.2377e-004 1.4922e-004 2.1777e-002
          56 2.4198e-005 1.7331e-004 5.1717e-004 7.8833e-004 5.6707e-004 8.8180e-005 8.0117e-005 4.5145e-004 4.1472e-004 5.1491e-005 9.5427e-005 4.0095e-004 3.2715e-004 3.9468e-005 6.1371e-005 2.8515e-004 3.1447e-004 1.4164e-004 1.1940e-005 1.5500e-005 6.8871e-005 8.9081e-005 6.0149e-005 1.0156e-002
