   v'->v''           0           1           2           3           4           5
           0 9.9746e-001 2.5331e-003 8.4834e-006 3.7699e-008 2.2815e-009 3.4009e-008
           1 2.5019e-003 9.9266e-001 4.7926e-003 4.0681e-005 5.0358e-008 4.5905e-009
           2 3.9940e-005 4.6607e-003 9.8872e-001 6.4489e-003 1.3294e-004 3.5331e-008
           3 5.2613e-007 1.3853e-004 6.1525e-003 9.8634e-001 6.9911e-003 3.7335e-004
           4 7.9129e-010 2.5980e-006 3.2113e-004 6.5143e-003 9.8648e-001 5.6982e-003
           5 1.3720e-008 1.4821e-008 7.5678e-006 6.3455e-004 5.1783e-003 9.8956e-001
           6 2.0731e-055 2.4775e-055 1.1294e-052 9.7648e-051 7.8920e-050 1.4629e-047
           7 3.5201e-056 5.7598e-055 2.1588e-053 4.2949e-051 3.6335e-050 1.8027e-048
           8 3.4163e-056 7.8612e-053 4.7773e-052 1.9943e-049 2.6612e-048 1.2766e-047
           9 4.7529e-052 1.1053e-050 2.6107e-050 1.3194e-047 3.2463e-046 4.9224e-047
          10 4.1287e-049 2.3864e-048 7.4261e-048 1.7638e-045 8.2221e-044 1.9520e-044
          11 8.8110e-037 1.8734e-036 1.4678e-035 1.2771e-033 9.5443e-032 1.5807e-031
          12 5.8682e-046 9.3687e-046 1.0061e-044 6.7230e-043 5.5966e-041 1.3454e-040
          13 1.0941e-045 1.6862e-046 2.4226e-044 4.8919e-043 6.1723e-041 5.9437e-040
          14 1.7706e-044 4.6487e-045 5.5314e-043 5.0434e-042 6.9527e-040 1.7031e-038
          15 4.0593e-043 1.3162e-042 1.9951e-041 1.4913e-040 1.4248e-038 6.8796e-037
          16 1.2660e-041 3.2317e-040 1.4887e-039 1.6714e-038 7.6388e-037 6.0068e-035
          17 8.4192e-031 4.9353e-028 9.9470e-028 2.1065e-026 5.3125e-025 5.1478e-023
          18 1.7297e-041 5.3901e-038 7.2268e-038 2.2333e-036 4.4311e-035 4.4910e-033
          19 3.4079e-039 6.9857e-038 7.8038e-039 3.0383e-036 3.2029e-035 2.9244e-033
          20 1.1530e-037 4.7680e-037 1.7221e-037 2.6330e-035 2.2693e-034 1.1658e-032
          21 4.5705e-036 4.2305e-036 2.0713e-035 3.9926e-034 4.5057e-033 8.9150e-032
          22 4.0275e-034 2.6457e-035 2.5201e-033 1.4058e-032 3.0559e-031 2.3209e-030
          23 6.7553e-023 1.5430e-024 4.5746e-022 1.1421e-021 4.8418e-020 2.4593e-019
          24 2.6323e-032 2.8931e-033 1.8051e-031 2.9907e-031 1.8734e-029 8.7688e-029
          25 2.0476e-032 1.7225e-032 1.3487e-031 3.0448e-032 1.5034e-029 7.9634e-029
          26 8.7932e-032 2.3192e-031 4.8814e-031 6.8877e-032 7.1916e-029 6.0533e-028
          27 5.8938e-031 4.4237e-030 2.1376e-030 7.1874e-030 6.1878e-028 9.3419e-027
          28 5.7585e-030 1.8398e-028 2.5999e-030 4.6452e-028 1.2151e-026 3.5291e-025
          29 5.1929e-020 3.1454e-017 2.5723e-018 8.8884e-017 1.1262e-015 5.8092e-014
          30 6.6846e-031 1.2497e-026 2.2417e-027 3.5771e-026 3.5714e-025 2.2925e-023
          31 2.0084e-028 3.5435e-027 3.8788e-027 9.6655e-027 3.1500e-026 6.6053e-024
          32 2.7307e-027 7.0568e-027 2.7583e-026 1.5143e-026 2.4616e-027 1.5372e-023
          33 4.4045e-026 1.6414e-026 2.9225e-025 1.4573e-026 1.5965e-025 6.4570e-023
          34 1.3516e-024 7.0915e-028 6.0230e-024 2.2789e-025 8.4779e-024 5.5905e-022
          35 7.3916e-013 9.8856e-014 2.1971e-012 7.0113e-013 3.7787e-012 9.3977e-011
          36 7.4900e-022 1.2273e-022 2.1159e-021 7.8561e-022 3.6456e-021 8.2944e-020
          37 4.6868e-023 2.7171e-023 7.2577e-023 9.3030e-023 1.0154e-022 1.2439e-021
          38 1.0407e-022 1.2428e-022 6.2124e-023 2.7511e-022 2.5837e-023 6.7547e-022
          39 4.6150e-022 9.5046e-022 2.4133e-023 1.3338e-021 1.8657e-022 1.5715e-021
          40 4.0078e-021 1.3469e-020 8.1335e-022 1.0637e-020 1.4924e-020 2.7717e-020
          41 8.3677e-019 4.7128e-018 1.6545e-018 1.5702e-018 1.0216e-017 2.0082e-017
          42 3.3695e-010 2.0361e-009 8.1766e-010 5.8643e-010 4.6636e-009 9.4928e-009
          43 3.8716e-020 4.2062e-019 3.6127e-019 2.2179e-020 1.2814e-018 3.5183e-018
          44 1.3394e-020 4.4298e-019 7.3520e-019 1.5009e-020 1.5801e-018 6.4280e-018
          45 6.1009e-023 1.0162e-018 3.0601e-018 5.3233e-019 3.6555e-018 2.3573e-017
          46 2.4215e-019 3.8571e-018 2.2180e-017 9.1522e-018 1.1430e-017 1.4162e-016
          47 3.0374e-017 4.8971e-017 6.7593e-016 4.8921e-016 6.5691e-017 3.2549e-015
          48 2.9697e-010 1.7945e-010 4.3295e-009 3.8352e-009 6.1796e-011 1.7698e-008
          49 1.2665e-016 1.3834e-017 1.1293e-015 1.2841e-015 2.8719e-017 3.5052e-015
          50 1.1200e-016 3.4128e-018 4.5292e-016 7.8957e-016 2.5970e-016 6.4263e-016
          51 3.0137e-016 7.7528e-017 5.3563e-016 1.5027e-015 1.4132e-015 7.6790e-017
          52 1.4289e-015 8.1296e-016 9.1567e-016 4.9175e-015 9.4375e-015 9.6304e-016
          53 1.6070e-014 1.4617e-014 1.9249e-015 3.5867e-014 1.2675e-013 4.9826e-014
          54 1.1110e-009 1.3414e-009 8.5758e-017 1.5834e-009 9.3956e-009 5.9831e-009
          55 1.1057e-012 1.4008e-012 4.7882e-015 1.4235e-012 9.4155e-012 6.4192e-012
          56 6.4617e-014 1.0620e-013 1.3538e-014 3.8004e-014 5.5065e-013 5.1532e-013
          57 6.3331e-014 1.2988e-013 4.5537e-014 9.1647e-015 5.0441e-013 5.8680e-013
          58 1.2328e-013 3.0947e-013 1.9422e-013 1.7596e-016 8.5257e-013 1.1831e-012
          59 4.4876e-013 1.3726e-012 1.3016e-012 1.1538e-013 2.4481e-012 4.0547e-012
          60 8.8979e-012 3.3456e-011 4.4072e-011 9.9496e-012 3.2865e-011 6.8790e-011
          61 3.9697e-010 1.6147e-009 2.3626e-009 6.5273e-010 1.2005e-009 2.8274e-009
          62 3.6051e-012 1.7239e-011 3.0455e-011 1.1294e-011 6.3358e-012 2.0931e-011
          63 8.9080e-013 5.7443e-012 1.3343e-011 6.7999e-012 1.7953e-013 3.1182e-012
          64 5.3195e-013 5.2802e-012 1.6241e-011 1.0467e-011 5.8767e-013 5.6664e-013
          65 3.7952e-013 8.0844e-012 3.3934e-011 2.6387e-011 7.7556e-012 1.6537e-013
          66 1.1104e-013 2.2019e-011 1.3367e-010 1.2174e-010 7.6273e-011 1.1156e-011
          67 1.2082e-012 9.0072e-011 8.0260e-010 8.2133e-010 7.7488e-010 1.5850e-010
          68 4.4992e-012 4.0641e-011 5.2150e-010 5.7911e-010 6.9399e-010 1.5583e-010
          69 4.4084e-012 3.3195e-012 1.1213e-010 1.4291e-010 2.4018e-010 5.5147e-011
          70 6.1989e-012 9.9971e-015 4.8794e-011 7.3852e-011 1.7371e-010 3.6013e-011
          71 1.1027e-011 1.5674e-012 3.0390e-011 5.7360e-011 1.8804e-010 3.1138e-011
          72 2.2725e-011 8.9803e-012 2.0759e-011 5.4223e-011 2.5342e-010 2.8775e-011
          73 4.8683e-011 3.0856e-011 1.1049e-011 5.1946e-011 3.6686e-010 2.2300e-011
          74 8.5182e-011 7.1351e-011 1.3877e-012 3.6390e-011 4.3920e-010 7.9588e-012
          75 9.8511e-011 1.0022e-010 2.2917e-012 1.1664e-011 3.3940e-010 4.5965e-014
          76 8.6121e-011 1.0217e-010 1.3810e-011 3.8280e-013 1.8338e-010 9.4374e-012
          77 7.3749e-011 9.9199e-011 2.8694e-011 2.5416e-012 8.5083e-011 2.8460e-011
          78 6.8815e-011 1.0260e-010 4.6679e-011 1.1720e-011 3.4217e-011 5.3753e-011
          79 7.0170e-011 1.1394e-010 7.0568e-011 2.6661e-011 8.7915e-012 8.7150e-011
          80 7.5864e-011 1.3236e-010 1.0295e-010 4.8515e-011 3.0537e-014 1.3052e-010
          81 8.3141e-011 1.5425e-010 1.4336e-010 7.7515e-011 7.3874e-012 1.8107e-010
          82 8.7797e-011 1.7187e-010 1.8484e-010 1.0959e-010 3.1957e-011 2.2704e-010
          83 8.5967e-011 1.7657e-010 2.1514e-010 1.3607e-010 6.9636e-011 2.5152e-010
          84 7.7413e-011 1.6619e-010 2.2626e-010 1.4987e-010 1.1026e-010 2.4638e-010
          85 6.5420e-011 1.4643e-010 2.2083e-010 1.5113e-010 1.4498e-010 2.1870e-010
          86 5.3403e-011 1.2448e-010 2.0687e-010 1.4470e-010 1.7123e-010 1.8118e-010
          87 4.3011e-011 1.0439e-010 1.9075e-010 1.3506e-010 1.9057e-010 1.4274e-010
          88 3.4434e-011 8.7120e-011 1.7509e-010 1.2441e-010 2.0478e-010 1.0710e-010
          89 2.7268e-011 7.2109e-011 1.5992e-010 1.1302e-010 2.1411e-010 7.5264e-011
          90 2.1091e-011 5.8587e-011 1.4432e-010 1.0054e-010 2.1759e-010 4.7817e-011
          91 1.5676e-011 4.6137e-011 1.2770e-010 8.6815e-011 2.1434e-010 2.5683e-011
          92 1.0918e-011 3.4574e-011 1.0964e-010 7.1873e-011 2.0350e-010 9.8666e-012
          93 6.8183e-012 2.3900e-011 8.9732e-011 5.5822e-011 1.8376e-010 1.3498e-012
          94 3.5619e-012 1.4643e-011 6.8855e-011 3.9742e-011 1.5601e-010 6.2275e-013
          95 1.3476e-012 7.5072e-012 4.9159e-011 2.5409e-011 1.2441e-010 6.8650e-012
          96 2.0374e-013 2.7664e-012 3.2160e-011 1.3965e-011 9.2833e-011 1.8291e-011
          97 5.1849e-014 3.8418e-013 1.8598e-011 5.9085e-012 6.3878e-011 3.2648e-011
          98 7.5080e-013 1.3576e-013 8.9187e-012 1.3600e-012 3.9901e-011 4.7966e-011
          99 2.1581e-012 1.6960e-012 2.9235e-012 1.9061e-015 2.1665e-011 6.2982e-011
         100 4.1427e-012 4.7596e-012 2.3226e-013 1.4266e-012 9.0878e-012 7.6323e-011
         101 6.6163e-012 9.0783e-012 4.8025e-013 5.2185e-012 2.0185e-012 8.7508e-011
         102 9.4893e-012 1.4425e-011 3.3093e-012 1.0978e-011 1.5807e-014 9.5804e-011
         103 1.2639e-011 2.0517e-011 8.3448e-012 1.8234e-011 2.5885e-012 1.0058e-010
         104 1.5953e-011 2.7081e-011 1.5172e-011 2.6496e-011 9.0756e-012 1.0169e-010
         105 1.9076e-011 3.3416e-011 2.3026e-011 3.4809e-011 1.8399e-011 9.8152e-011
         106 2.1534e-011 3.8566e-011 3.0696e-011 4.1861e-011 2.8779e-011 8.9794e-011
