   v'->v''           0           1           2           3           4           5           6           7           8           9          10          11          12          13          14          15          16          17          18          19          20          21          22          23          24
           0 9.9235e-001 7.6432e-003 2.0216e-006 5.3370e-007 2.9785e-006 2.4131e-007 8.5718e-008 2.2273e-008 1.3968e-008 1.6412e-008 1.5470e-010 9.4462e-009 4.8778e-009 8.6745e-012 2.4710e-009 2.5780e-009 5.8294e-010 3.2747e-011 6.3783e-010 1.0515e-009 9.6347e-010 6.5634e-010 3.6892e-010 1.7813e-010 7.1156e-011
           1 7.0360e-003 9.0587e-001 8.4162e-002 2.8400e-003 7.6211e-005 2.8723e-006 1.4418e-005 5.0859e-011 1.5087e-006 7.9975e-008 1.9239e-007 1.4044e-007 1.3170e-009 2.9770e-008 3.7833e-008 1.4899e-008 1.4578e-009 4.4533e-010 2.6628e-009 3.7191e-009 3.3988e-009 2.5212e-009 1.6353e-009 9.3920e-010 4.3958e-010
           2 4.3290e-004 6.0813e-002 4.9200e-001 4.1877e-001 2.7744e-002 4.6502e-005 1.1736e-004 3.6217e-005 2.9439e-005 1.0694e-007 5.4947e-006 1.6048e-006 4.4124e-008 7.3646e-007 5.4265e-007 9.0756e-008 9.0486e-009 9.8184e-008 1.3316e-007 1.0076e-007 5.4691e-008 2.3099e-008 7.6097e-009 1.8683e-009 3.2586e-010
           3 1.4170e-004 1.7729e-002 2.5115e-001 1.8240e-001 4.4469e-001 1.0132e-001 1.7709e-003 6.2460e-004 5.3042e-005 6.3348e-005 4.8494e-005 7.1265e-007 7.4078e-006 7.7264e-006 1.4518e-006 8.4721e-008 1.0712e-006 1.2266e-006 6.9680e-007 2.3686e-007 3.9169e-008 1.7351e-011 1.0748e-008 2.0708e-008 1.6953e-008
           4 3.1186e-005 6.8060e-003 1.3084e-001 2.3682e-001 8.4611e-002 3.6657e-001 1.5837e-001 1.5205e-002 5.6590e-005 5.2430e-004 1.7741e-005 5.7894e-005 5.6633e-005 6.9247e-006 1.8291e-006 8.0035e-006 6.2350e-006 2.1769e-006 2.3709e-007 3.7203e-008 3.1104e-007 4.8316e-007 4.7782e-007 3.6248e-007 2.0207e-007
           5 1.3833e-006 1.0816e-003 3.9231e-002 1.3229e-001 2.5794e-001 4.6733e-002 2.9793e-001 1.8642e-001 3.6496e-002 1.0351e-003 4.1459e-004 2.8913e-004 3.4564e-006 4.3429e-005 5.0300e-005 1.5736e-005 4.9229e-007 1.7760e-006 4.5229e-006 4.5362e-006 3.1519e-006 1.7853e-006 8.7885e-007 3.8509e-007 1.4409e-007
           6 6.6654e-007 1.5281e-007 1.9089e-003 2.6040e-002 1.6120e-001 2.8863e-001 2.5770e-002 2.3548e-001 1.9321e-001 6.0590e-002 6.4092e-003 3.4025e-006 4.4913e-004 1.7443e-004 2.1940e-006 2.6595e-005 4.3048e-005 2.6721e-005 9.1380e-006 1.3695e-006 6.8765e-009 6.1551e-007 1.1629e-006 1.1796e-006 7.6193e-007
           7 2.4325e-007 4.5076e-005 5.2273e-004 1.0848e-005 2.2418e-002 1.7965e-001 3.1199e-001 1.4983e-002 1.8563e-001 1.8654e-001 8.0197e-002 1.6384e-002 8.7513e-004 1.4415e-004 3.4458e-004 1.3080e-004 8.8244e-006 6.2704e-006 2.3258e-005 2.5895e-005 1.9218e-005 1.1558e-005 6.0696e-006 2.8548e-006 1.1405e-006
           8 4.9596e-008 3.9272e-007 6.5686e-005 7.1699e-004 4.8446e-004 1.4537e-002 1.9196e-001 3.3945e-001 8.1128e-003 1.4544e-001 1.7049e-001 9.4038e-002 2.9320e-002 4.5756e-003 8.9757e-005 1.7519e-004 2.6269e-004 1.3388e-004 3.3599e-005 1.8610e-006 1.7576e-006 6.9381e-006 9.1330e-006 7.9503e-006 4.7588e-006
           9 4.0389e-009 4.0863e-006 8.3702e-005 2.7741e-005 5.4822e-004 1.8874e-003 8.5703e-003 1.9973e-001 3.6467e-001 3.8563e-003 1.1290e-001 1.5079e-001 1.0084e-001 4.2310e-002 1.1472e-002 1.6237e-003 1.7879e-005 1.1047e-004 1.8677e-004 1.4088e-004 7.5738e-005 3.2928e-005 1.1985e-005 3.6669e-006 9.3804e-007
          10 1.4208e-008 1.7178e-006 3.5873e-007 5.1838e-005 2.1622e-004 1.1678e-004 3.0100e-003 3.9189e-003 2.0611e-001 3.8794e-001 1.2203e-003 8.6522e-002 1.2902e-001 1.0058e-001 5.3180e-002 2.0658e-002 5.7601e-003 1.0096e-003 5.0505e-005 2.1891e-005 8.3414e-005 9.7691e-005 8.0001e-005 5.3047e-005 2.7124e-005
          11 5.5517e-009 8.7708e-008 1.4021e-005 3.3789e-005 1.5697e-006 3.4538e-004 1.1089e-005 3.4430e-003 1.3414e-003 2.0988e-001 4.0963e-001 3.8218e-005 6.4799e-002 1.0689e-001 9.4792e-002 6.0161e-002 3.0054e-002 1.2313e-002 4.2043e-003 1.1823e-003 2.5043e-004 2.7963e-005 3.9824e-008 6.4206e-006 7.8272e-006
          12 4.2203e-010 7.6337e-007 6.8735e-006 1.5675e-007 4.9794e-005 5.2009e-005 2.6139e-004 2.9715e-004 3.1603e-003 1.8825e-004 2.1526e-001 4.2639e-001 6.2013e-004 4.6659e-002 8.5674e-002 8.4656e-002 6.1812e-002 3.7403e-002 1.9730e-002 9.4889e-003 4.3085e-003 1.8937e-003 8.1206e-004 3.3726e-004 1.2613e-004
          13 6.9523e-009 2.0995e-007 3.6355e-008 6.0065e-006 2.0356e-005 9.7069e-006 1.6348e-004 7.7460e-005 7.7549e-004 2.3591e-003 1.8390e-005 2.2238e-001 4.3829e-001 3.6326e-003 3.1359e-002 6.5859e-002 7.1197e-002 5.8278e-002 4.0695e-002 2.5645e-002 1.5203e-002 8.7462e-003 4.9146e-003 2.6325e-003 1.2018e-003
          14 4.5121e-009 5.1491e-009 1.3687e-006 5.5823e-006 1.8461e-007 3.3311e-005 8.5175e-006 2.0137e-004 4.0596e-007 1.1836e-003 1.4485e-003 2.7847e-004 2.3286e-001 4.4316e-001 1.0220e-002 1.8538e-002 4.7665e-002 5.6184e-002 5.0261e-002 3.9051e-002 2.7832e-002 1.8816e-002 1.2148e-002 7.2810e-003 3.5917e-003
          15 5.0366e-011 8.1681e-008 1.6746e-006 9.8286e-007 3.9897e-006 1.5979e-005 1.0546e-005 7.1189e-005 1.2992e-004 1.0637e-004 1.3540e-003 6.7086e-004 5.5659e-004 2.4929e-001 4.3773e-001 2.1642e-002 8.3807e-003 3.1360e-002 4.0925e-002 3.9414e-002 3.3052e-002 2.5499e-002 1.8295e-002 1.1876e-002 6.1722e-003
          16 1.5750e-009 6.3803e-008 5.6613e-007 9.2979e-008 5.8027e-006 1.2370e-006 2.4919e-005 3.0763e-006 1.2342e-004 2.6819e-005 3.4445e-004 1.2428e-003 1.7339e-004 5.9186e-004 2.7292e-001 4.1809e-001 3.9787e-002 1.7336e-003 1.7599e-002 2.6537e-002 2.7535e-002 2.4431e-002 1.9416e-002 1.3559e-002 7.3761e-003
          17 2.4473e-009 2.0039e-008 8.6988e-009 9.0675e-007 2.5137e-006 1.2195e-006 1.5073e-005 7.1385e-006 4.2861e-005 1.0488e-004 5.5818e-006 5.8325e-004 9.3569e-004 1.4694e-006 3.0896e-004 3.0656e-001 3.7709e-001 6.6709e-002 3.2126e-004 6.8458e-003 1.4394e-002 1.6499e-002 1.5035e-002 1.1438e-002 6.5463e-003
          18 1.0357e-009 1.5416e-009 1.3213e-007 9.5728e-007 2.1387e-007 4.0811e-006 2.8747e-006 1.8114e-005 2.4222e-006 8.5021e-005 3.7579e-005 9.3481e-005 7.0318e-004 5.6878e-004 1.0376e-004 1.6404e-008 3.5490e-001 3.1089e-001 9.8682e-002 7.7069e-003 5.3665e-004 4.9223e-003 7.1973e-003 6.6565e-003 4.1755e-003
          19 6.9939e-011 1.1441e-009 2.8706e-007 4.5481e-007 1.3948e-007 3.5481e-006 3.2458e-008 1.4031e-005 3.4720e-006 3.2158e-005 7.8676e-005 3.2503e-009 2.4793e-004 6.6156e-004 2.6679e-004 4.4274e-004 8.7484e-004 4.1583e-001 2.2006e-001 1.2685e-001 2.6551e-002 2.2171e-003 1.1033e-004 1.0897e-003 1.1375e-003
          20 7.5333e-011 6.2255e-009 2.4393e-007 9.2053e-008 6.0745e-007 1.5924e-006 1.5223e-006 5.6622e-006 1.0842e-005 4.4045e-006 6.2764e-005 3.0236e-005 4.1594e-005 3.7020e-004 5.0495e-004 6.1617e-005 8.9916e-004 5.4031e-003 4.8594e-001 1.1806e-001 1.3294e-001 5.2279e-002 1.4634e-002 3.2449e-003 5.7802e-004
          21 2.4422e-010 9.8597e-009 1.2371e-007 7.8834e-011 7.2728e-007 3.6219e-007 2.4699e-006 1.0953e-006 1.1211e-005 1.5844e-007 3.0590e-005 5.2688e-005 5.4078e-008 1.4629e-004 3.9019e-004 3.0702e-004 2.0163e-007 1.4621e-003 1.8117e-002 5.4930e-001 3.4000e-002 1.0265e-001 6.6129e-002 3.0384e-002 1.1406e-002
          22 2.2834e-010 9.8887e-009 3.8191e-008 2.9686e-008 5.5178e-007 9.8543e-009 2.2032e-006 6.0986e-009 7.6567e-006 3.1337e-006 9.9393e-006 4.5566e-005 1.4688e-005 3.1597e-005 2.3325e-004 3.2499e-004 1.2241e-004 6.5814e-005 2.1009e-003 4.5759e-002 5.8478e-001 1.1998e-004 4.6040e-002 4.7087e-002 2.5699e-002
          23 1.2466e-010 7.4665e-009 4.9991e-009 6.5324e-008 3.2342e-007 4.4135e-008 1.4847e-006 2.5055e-007 4.1254e-006 5.3406e-006 1.8148e-006 2.9279e-005 2.5912e-005 1.3451e-006 1.0551e-004 2.5094e-004 1.9631e-004 1.8887e-005 2.2251e-004 2.7008e-003 9.3851e-002 5.7415e-001 2.0962e-002 4.2825e-003 1.0206e-002
          24 4.5692e-011 4.5715e-009 1.0344e-010 7.3997e-008 1.5859e-007 1.3013e-007 8.4381e-007 5.9680e-007 1.8656e-006 5.4318e-006 3.0512e-008 1.6083e-005 2.5714e-005 1.5737e-006 3.8120e-005 1.5395e-004 1.9069e-004 7.2665e-005 3.5599e-006 4.6659e-004 2.8025e-003 1.6359e-001 5.1841e-001 6.2515e-002 5.5026e-003
          25 1.1087e-011 2.3679e-009 2.6589e-009 6.1709e-008 6.7604e-008 1.5868e-007 4.2386e-007 6.8560e-007 7.2382e-007 4.2391e-006 2.1191e-007 7.9398e-006 1.9774e-005 5.0276e-006 1.1600e-005 8.2590e-005 1.3845e-004 9.2662e-005 6.1665e-006 6.2141e-005 8.0233e-004 1.6586e-003 2.5307e-001 4.3230e-001 7.6181e-002
          26 1.5409e-012 1.0556e-009 3.8556e-009 4.0458e-008 2.5504e-008 1.2727e-007 1.8954e-007 5.3528e-007 2.4420e-007 2.6570e-006 4.5316e-007 3.5281e-006 1.2364e-005 5.3415e-006 3.0288e-006 3.9938e-005 8.1673e-005 7.1764e-005 1.6862e-005 8.7337e-006 1.8429e-004 9.4886e-004 3.1701e-005 3.5988e-001 3.2959e-001
          27 8.4828e-014 3.0864e-010 1.9738e-009 1.5174e-008 6.6503e-009 5.2691e-008 5.6300e-008 2.1883e-007 5.7699e-008 9.7140e-007 2.5752e-007 1.0467e-006 4.5292e-006 2.4592e-006 5.7084e-007 1.2655e-005 2.8924e-005 2.8601e-005 9.8789e-006 5.9932e-007 4.1726e-005 2.3168e-004 2.7846e-004 2.8809e-003 4.4086e-001
