   v'->v''           0           1           2           3           4           5
           0 9.9253e-001 7.4019e-003 6.5158e-005 1.5605e-006 1.2800e-008 4.4538e-008
           1 7.4551e-003 9.7459e-001 1.7698e-002 2.5371e-004 7.4597e-006 2.8810e-007
           2 1.1695e-005 1.7942e-002 9.4905e-001 3.2279e-002 6.8821e-004 2.5525e-005
           3 1.6919e-007 6.9213e-005 3.2907e-002 9.1179e-001 5.3489e-002 1.6564e-003
           4 3.2039e-009 1.2878e-006 2.7109e-004 5.4730e-002 8.5533e-001 8.5426e-002
           5 9.0590e-009 9.8289e-011 6.7997e-006 9.0809e-004 8.7469e-002 7.6581e-001
           6 1.5681e-008 6.2374e-009 4.2348e-008 3.2717e-005 2.8505e-003 1.3745e-001
           7 6.7809e-009 2.2416e-008 4.6176e-010 7.0252e-007 1.5351e-004 8.8153e-003
           8 2.9604e-010 1.8361e-008 2.5542e-008 2.3703e-008 6.4533e-006 7.5510e-004
           9 3.9666e-009 4.2696e-010 2.8072e-008 8.5219e-009 3.5987e-007 5.8662e-005
          10 6.7639e-015 5.4800e-009 4.2411e-009 1.5669e-008 6.0367e-011 5.5691e-006
          11 2.1799e-009 1.3749e-009 3.2256e-009 1.0357e-008 1.2003e-008 4.2318e-007
          12 2.0904e-010 2.7107e-009 4.8200e-009 1.0058e-010 2.3639e-008 2.7985e-008
          13 7.6273e-010 2.8477e-010 1.0046e-009 4.3786e-009 4.4820e-009 3.4512e-009
          14 8.5032e-010 2.1465e-009 2.3794e-009 4.5744e-010 3.5679e-009 9.5558e-009
          15 8.2739e-012 2.5302e-010 1.9386e-009 2.4684e-009 3.3969e-009 2.4532e-009
          16 3.7347e-010 4.9332e-010 8.8588e-011 1.7951e-012 1.5352e-009 3.2068e-010
          17 5.1881e-010 1.0353e-009 1.5369e-009 1.1337e-009 9.5993e-010 2.0237e-009
          18 1.4639e-010 2.8817e-010 8.2288e-010 5.7496e-010 1.8568e-009 3.1546e-010
          19 3.4346e-012 1.9497e-011 1.7609e-012 1.2802e-011 7.3927e-011 6.4906e-010
          20 1.3572e-010 3.4042e-010 3.7795e-010 4.5050e-010 5.2680e-010 9.3993e-010
          21 2.3593e-010 4.9060e-010 6.7927e-010 5.1369e-010 9.6242e-010 1.2942e-010
          22 2.0952e-010 3.5346e-010 4.9661e-010 2.1761e-010 5.0321e-010 4.3739e-011
          23 1.2945e-010 1.6488e-010 2.1236e-010 2.9648e-011 9.5776e-011 1.9653e-010
          24 6.2646e-011 5.3389e-011 5.5574e-011 1.1469e-012 1.6777e-013 1.8297e-010
          25 2.5068e-011 1.2104e-011 7.8159e-012 1.5186e-011 1.5372e-011 9.8907e-011
          26 7.9448e-012 2.0339e-012 4.6088e-013 1.3230e-011 1.6372e-011 3.5972e-011
          27 2.5220e-012 4.2822e-013 1.7495e-014 5.9850e-012 7.7291e-012 1.2013e-011
