   v'->v''           0           1           2           3           4           5           6           7           8           9          10          11          12          13          14          15          16          17          18          19          20          21          22          23
           0 4.1397e-006 2.4742e-005 6.9414e-005 1.2698e-004 1.8284e-004 2.5216e-004 4.0970e-004 9.1247e-004 2.6561e-003 8.8650e-003 2.9013e-002 8.2311e-002 1.8241e-001 2.8388e-001 2.6999e-001 1.2375e-001 1.4693e-002 1.4005e-004 1.2329e-004 5.7022e-005 9.9352e-006 3.9716e-007 5.6374e-008 2.1132e-008
           1 1.7072e-002 8.7241e-002 1.9637e-001 2.5844e-001 2.2248e-001 1.3302e-001 5.7582e-002 1.8868e-002 5.0269e-003 1.2064e-003 2.5003e-004 8.1146e-006 1.0301e-004 5.2838e-004 9.0957e-004 6.6950e-004 1.5083e-004 4.4083e-007 2.0815e-006 9.3778e-008 5.9937e-009 2.4624e-010 3.5872e-009 6.5915e-010
           2 4.6250e-003 1.6378e-002 2.0721e-002 8.8743e-003 1.3126e-006 9.9738e-003 2.9031e-002 4.3776e-002 5.4623e-002 6.9431e-002 9.0754e-002 1.0188e-001 6.6904e-002 4.2152e-003 5.3933e-002 2.1355e-001 1.8266e-001 2.7793e-002 6.4151e-004 1.9632e-004 1.5209e-004 4.8917e-005 1.1350e-005 8.2342e-007
           3 3.7451e-002 1.1391e-001 1.0959e-001 2.0314e-002 1.6677e-002 1.1615e-001 1.6877e-001 1.2367e-001 5.1455e-002 8.5126e-003 7.4656e-004 1.4990e-002 2.8605e-002 1.4932e-002 1.5134e-003 5.5118e-002 8.9724e-002 2.7486e-002 2.3033e-006 4.0215e-004 1.0123e-004 1.3505e-005 9.6263e-007 2.3343e-008
           4 2.8317e-002 6.0552e-002 2.7026e-002 1.3024e-003 4.2714e-002 5.1167e-002 8.7340e-003 9.9683e-003 6.5726e-002 1.0730e-001 9.3297e-002 3.7025e-002 2.1770e-005 3.2609e-002 4.2492e-002 1.4254e-003 1.5024e-001 2.0952e-001 2.6958e-002 3.1660e-003 3.0954e-006 1.4572e-004 8.8875e-005 9.1247e-006
           5 5.2758e-002 8.1549e-002 1.2953e-002 2.2365e-002 7.1862e-002 2.0475e-002 1.2226e-002 8.8844e-002 9.6227e-002 2.8783e-002 8.0566e-004 3.2906e-002 4.1817e-002 3.8733e-003 2.2541e-002 3.4442e-002 1.2817e-002 2.1397e-001 1.4393e-001 1.1250e-004 3.1165e-003 1.0574e-003 2.2780e-004 1.5826e-005
           6 5.4345e-002 5.5049e-002 2.1067e-004 4.1687e-002 3.6570e-002 9.7516e-004 5.4227e-002 5.2220e-002 1.3386e-003 3.2686e-002 7.3142e-002 3.2449e-002 7.1041e-004 3.5012e-002 1.5929e-002 1.5313e-002 3.7131e-002 3.8230e-002 3.2418e-001 8.5378e-002 1.0771e-002 2.9075e-005 2.0335e-004 3.5303e-005
           7 6.3833e-002 3.9633e-002 4.2377e-003 5.1388e-002 9.3939e-003 2.4495e-002 5.4834e-002 3.0111e-003 3.6276e-002 7.3904e-002 1.8037e-002 7.9103e-003 4.0259e-002 8.6565e-003 1.5133e-002 2.3182e-002 9.6890e-003 2.8240e-002 9.6575e-002 3.5634e-001 8.4732e-003 1.6286e-002 5.0268e-003 3.9338e-004
           8 6.3481e-002 2.1923e-002 1.4875e-002 3.9980e-002 3.3770e-005 4.2612e-002 1.8886e-002 1.2420e-002 5.9863e-002 1.5054e-002 1.2624e-002 4.7361e-002 8.6816e-003 1.4033e-002 2.3013e-002 3.2792e-003 2.6808e-002 7.2097e-003 1.4680e-002 2.2255e-001 2.9294e-001 2.0702e-002 4.0937e-010 6.9794e-005
           9 6.0391e-002 9.9501e-003 2.4313e-002 2.3390e-002 7.1594e-003 3.8476e-002 4.7915e-004 3.7471e-002 2.7240e-002 4.4197e-003 4.8561e-002 1.5957e-002 8.6370e-003 2.7593e-002 9.8433e-006 2.3970e-002 2.4889e-005 2.5600e-002 5.3802e-003 9.5519e-004 4.0772e-001 9.0689e-002 5.3374e-002 4.5446e-003
          10 5.4607e-002 3.3486e-003 2.8546e-002 1.0112e-002 1.7115e-002 2.2809e-002 4.6615e-003 3.7812e-002 1.9505e-003 3.0351e-002 3.0481e-002 1.0234e-003 2.9638e-002 4.3141e-003 1.5267e-002 7.0942e-003 1.4001e-002 2.6344e-003 2.1297e-002 3.5537e-003 1.8688e-002 5.2450e-001 9.9564e-003 1.4846e-005
          11 4.5414e-002 5.9323e-004 2.6716e-002 2.7965e-003 2.1193e-002 9.0188e-003 1.3679e-002 2.1950e-002 2.6584e-003 3.4817e-002 4.5842e-003 1.7305e-002 1.8286e-002 2.4292e-003 1.7354e-002 6.4372e-004 1.4226e-002 3.8083e-003 6.2690e-003 1.5895e-002 4.7894e-004 1.5502e-001 2.6995e-001 2.5588e-002
          12 3.4051e-002 2.8166e-006 2.0822e-002 3.1969e-004 1.8580e-002 2.2317e-003 1.6153e-002 8.4609e-003 9.5278e-003 2.1162e-002 3.4746e-004 2.2212e-002 3.5635e-003 1.0647e-002 6.1085e-003 6.9106e-003 3.6887e-003 9.6986e-003 9.6092e-006 7.9320e-003 9.5939e-003 7.0488e-003 4.3175e-001 7.7703e-004
          13 1.9843e-002 8.0908e-005 1.2139e-002 1.8362e-006 1.1302e-002 2.6307e-004 1.1097e-002 2.1588e-003 9.1370e-003 8.1732e-003 2.8366e-003 1.3071e-002 3.1619e-005 9.2007e-003 6.9727e-004 6.6625e-003 1.3278e-004 6.2313e-003 1.4956e-003 1.3878e-003 5.5277e-003 4.2792e-003 1.2661e-001 1.5288e-001
