   v'->v''           0           1           2           3           4           5
           0 9.8541e-001 1.4202e-002 3.7833e-004 1.3441e-005 8.9878e-007 2.0687e-007
           1 1.4591e-002 9.5561e-001 2.8381e-002 1.3609e-003 5.2733e-005 5.5734e-006
           2 1.3701e-006 3.0174e-002 9.2813e-001 3.8070e-002 3.4656e-003 1.4368e-004
           3 3.8639e-007 4.2602e-006 4.2693e-002 9.1537e-001 3.4692e-002 6.7660e-003
           4 2.0119e-007 1.1696e-005 3.5061e-004 4.2462e-002 9.2610e-001 2.1215e-002
           5 9.6387e-009 8.3745e-007 6.6144e-005 2.6201e-003 3.0204e-002 9.3954e-001
           6 4.4902e-009 2.1871e-007 1.0053e-006 4.0451e-005 5.2322e-003 2.7448e-002
           7 1.9770e-010 2.1486e-009 2.6491e-006 5.3068e-005 9.0123e-005 3.8530e-003
           8 5.6922e-010 3.2190e-008 4.1802e-007 7.2389e-007 1.3119e-004 8.7931e-004
           9 3.7906e-048 6.8581e-047 7.6359e-046 3.4500e-044 2.0517e-043 1.7358e-043
          10 3.9934e-034 1.5768e-033 6.8214e-032 1.4789e-030 4.8810e-030 2.0501e-029
          11 5.9267e-044 1.5288e-043 9.6723e-042 1.7866e-040 4.9140e-040 2.9668e-039
          12 9.7944e-043 1.4358e-043 1.2974e-040 1.2400e-039 1.0285e-039 3.9932e-038
          13 1.2749e-040 1.9305e-041 1.3896e-038 7.0512e-038 3.5731e-044 4.1595e-036
          14 4.2644e-038 4.2078e-038 3.8993e-036 9.0501e-036 2.1820e-035 1.1906e-033
          15 1.2178e-025 2.4121e-025 1.0003e-023 9.5815e-024 1.7085e-022 3.2830e-021
          16 1.4598e-035 3.6584e-035 1.1564e-033 6.2963e-034 2.8030e-032 3.9793e-031
          17 3.4198e-035 1.9164e-034 2.5260e-033 3.2304e-034 1.8695e-031 1.1523e-030
          18 3.6430e-034 6.4809e-033 3.2729e-032 2.1463e-031 8.6236e-030 2.6906e-029
          19 2.0552e-034 5.9576e-031 5.0789e-031 8.0416e-029 1.3393e-027 2.0884e-027
          20 8.7527e-021 7.2263e-020 7.4964e-021 2.6372e-017 3.0097e-016 2.6736e-016
          21 1.0452e-029 2.3777e-029 4.3230e-029 1.6412e-026 1.5982e-025 1.0031e-025
          22 1.0689e-028 2.3976e-032 8.4441e-028 5.5132e-026 3.5480e-025 3.6790e-026
          23 4.8816e-027 1.8291e-027 3.5702e-026 1.2914e-024 5.6800e-024 2.9018e-025
          24 7.5770e-025 6.9824e-025 4.3106e-024 1.2172e-022 3.5502e-022 3.1679e-022
          25 3.0040e-013 3.7443e-013 1.3854e-012 3.7194e-011 8.0433e-011 1.9309e-010
          26 5.0515e-023 7.2907e-023 1.9963e-022 5.3689e-021 9.2933e-021 3.8954e-020
          27 1.3009e-022 2.4978e-022 3.1404e-022 9.5950e-021 7.4249e-021 1.3616e-019
          28 2.1580e-021 5.0838e-021 2.5895e-021 1.1307e-019 1.4343e-020 2.6938e-018
          29 1.8096e-019 4.9880e-019 6.8111e-020 6.7365e-018 6.8084e-019 2.5138e-016
          30 2.6972e-009 7.9496e-009 3.4761e-010 8.3739e-008 4.6949e-008 3.8879e-006
          31 2.4003e-018 7.5068e-018 2.4336e-020 6.1629e-017 9.7659e-017 3.5581e-015
          32 4.5771e-018 1.5893e-017 9.6205e-019 7.4718e-017 5.5976e-016 7.0431e-015
          33 4.8551e-017 1.8415e-016 5.7736e-017 4.1370e-016 1.2941e-014 7.6097e-014
          34 5.5537e-015 2.2708e-014 1.8834e-014 1.3624e-014 2.8506e-012 8.7443e-012
          35 9.5903e-010 3.9939e-009 4.1357e-009 1.2277e-009 5.8305e-007 1.5087e-006
          36 5.6385e-015 2.4550e-014 4.4071e-014 3.2185e-016 5.3591e-012 8.8120e-012
          37 1.0414e-014 4.7628e-014 1.7708e-013 8.8783e-014 1.8689e-011 1.5917e-011
          38 9.5972e-014 4.5139e-013 3.7175e-012 5.3241e-012 3.5411e-010 1.3922e-010
          39 6.5090e-011 3.0372e-010 5.3315e-009 1.2480e-008 4.7577e-007 8.5970e-008
          40 2.3207e-012 1.0688e-011 2.4929e-010 6.6172e-010 2.1828e-008 2.9126e-009
          41 1.6583e-013 6.0716e-013 8.3469e-011 3.4300e-010 6.7723e-009 1.0870e-010
          42 1.4076e-015 1.6236e-013 3.5693e-010 2.0506e-009 2.6855e-008 2.5676e-010
          43 9.9061e-013 1.3146e-011 1.3605e-009 9.7443e-009 9.6035e-008 7.2440e-009
          44 2.8049e-012 2.9230e-011 9.7746e-010 8.5433e-009 6.4122e-008 1.3842e-008
          45 4.3508e-012 4.3108e-011 5.9382e-010 6.5889e-009 3.4587e-008 1.9583e-008
          46 6.7981e-012 6.9340e-011 5.0881e-010 7.0831e-009 2.5108e-008 3.2264e-008
          47 8.7375e-012 9.5507e-011 4.3523e-010 7.4620e-009 1.6974e-008 4.7426e-008
          48 8.8828e-012 1.0795e-010 3.3548e-010 6.9700e-009 9.1105e-009 5.9424e-008
          49 7.5579e-012 1.0723e-010 2.4504e-010 6.0403e-009 3.5858e-009 6.8292e-008
          50 5.4235e-012 9.7074e-011 1.7642e-010 4.9916e-009 6.9653e-010 7.5295e-008
          51 3.0265e-012 7.9358e-011 1.2599e-010 3.8895e-009 2.0581e-011 8.0082e-008
          52 1.0124e-012 5.7095e-011 8.9859e-011 2.8041e-009 1.0532e-009 8.2275e-008
          53 2.6270e-014 3.4389e-011 6.4954e-011 1.8233e-009 3.2431e-009 8.1961e-008
          54 5.7352e-013 1.5290e-011 4.8433e-011 1.0188e-009 6.0528e-009 7.9408e-008
          55 2.9435e-012 3.1346e-012 3.7794e-011 4.3584e-010 8.9963e-009 7.4772e-008
          56 7.1576e-012 2.2260e-013 3.1159e-011 9.7395e-011 1.1674e-008 6.8336e-008
          57 1.2972e-011 7.4662e-012 2.7202e-011 6.4995e-013 1.3817e-008 6.0583e-008
          58 1.9958e-011 2.4387e-011 2.4980e-011 1.1876e-010 1.5302e-008 5.2086e-008
          59 2.7553e-011 4.9383e-011 2.3758e-011 4.0852e-010 1.6099e-008 4.3322e-008
          60 3.5066e-011 7.9894e-011 2.2890e-011 8.1622e-010 1.6222e-008 3.4636e-008
          61 4.1796e-011 1.1275e-010 2.1857e-011 1.2831e-009 1.5745e-008 2.6408e-008
          62 4.7124e-011 1.4464e-010 2.0256e-011 1.7521e-009 1.4789e-008 1.8983e-008
          63 5.0585e-011 1.7250e-010 1.7839e-011 2.1736e-009 1.3490e-008 1.2636e-008
          64 5.1957e-011 1.9407e-010 1.4578e-011 2.5119e-009 1.1994e-008 7.5578e-009
          65 5.1177e-011 2.0774e-010 1.0659e-011 2.7437e-009 1.0418e-008 3.8149e-009
          66 4.8289e-011 2.1244e-010 6.5058e-012 2.8542e-009 8.8420e-009 1.3872e-009
          67 4.3558e-011 2.0805e-010 2.8022e-012 2.8425e-009 7.3360e-009 1.8920e-010
          68 3.7402e-011 1.9529e-010 4.1066e-013 2.7188e-009 5.9495e-009 7.0215e-011
          69 3.0329e-011 1.7545e-010 2.8670e-013 2.4997e-009 4.7105e-009 8.3349e-010
          70 2.2957e-011 1.5059e-010 3.3693e-012 2.2119e-009 3.6397e-009 2.2564e-009
          71 1.5852e-011 1.2272e-010 1.0472e-011 1.8795e-009 2.7355e-009 4.1092e-009
          72 9.5834e-012 9.4152e-011 2.2202e-011 1.5302e-009 1.9937e-009 6.1783e-009
          73 4.6145e-012 6.6867e-011 3.8906e-011 1.1861e-009 1.3990e-009 8.2748e-009
          74 1.3306e-012 4.2608e-011 6.0494e-011 8.6547e-010 9.3385e-010 1.0224e-008
          75 1.6675e-014 2.2965e-011 8.6612e-011 5.8520e-010 5.8322e-010 1.1908e-008
          76 8.2668e-013 9.0162e-012 1.1646e-010 3.5569e-010 3.3010e-010 1.3236e-008
          77 3.7939e-012 1.4197e-012 1.4921e-010 1.8328e-010 1.5918e-010 1.4177e-008
          78 8.8378e-012 3.7854e-013 1.8351e-010 6.8919e-011 5.5744e-011 1.4706e-008
          79 1.5789e-011 5.7210e-012 2.1825e-010 1.0455e-011 7.3103e-012 1.4851e-008
          80 2.4375e-011 1.6928e-011 2.5185e-010 2.5748e-012 2.8659e-012 1.4633e-008
          81 3.4295e-011 3.3229e-011 2.8327e-010 3.7934e-011 3.2988e-011 1.4118e-008
          82 4.5187e-011 5.3663e-011 3.1122e-010 1.0798e-010 8.9667e-011 1.3355e-008
          83 5.6645e-011 7.7113e-011 3.3457e-010 2.0355e-010 1.6599e-010 1.2399e-008
          84 6.8270e-011 1.0241e-010 3.5252e-010 3.1549e-010 2.5592e-010 1.1312e-008
          85 7.9704e-011 1.2844e-010 3.6468e-010 4.3538e-010 3.5434e-010 1.0152e-008
          86 9.0626e-011 1.5420e-010 3.7087e-010 5.5588e-010 4.5688e-010 8.9701e-009
          87 1.0068e-010 1.7864e-010 3.7092e-010 6.7039e-010 5.5935e-010 7.8017e-009
          88 1.0973e-010 2.0115e-010 3.6548e-010 7.7464e-010 6.5890e-010 6.6871e-009
          89 1.1749e-010 2.2098e-010 3.5474e-010 8.6460e-010 7.5221e-010 5.6440e-009
          90 1.2380e-010 2.3761e-010 3.3924e-010 9.3769e-010 8.3655e-010 4.6882e-009
          91 1.2866e-010 2.5088e-010 3.1996e-010 9.9337e-010 9.1038e-010 3.8327e-009
          92 1.3193e-010 2.6046e-010 2.9746e-010 1.0307e-009 9.7130e-010 3.0778e-009
          93 1.3368e-010 2.6644e-010 2.7271e-010 1.0506e-009 1.0185e-009 2.4250e-009
          94 1.3388e-010 2.6881e-010 2.4641e-010 1.0538e-009 1.0506e-009 1.8695e-009
          95 1.3261e-010 2.6772e-010 2.1936e-010 1.0419e-009 1.0670e-009 1.4054e-009
          96 1.3012e-010 2.6373e-010 1.9249e-010 1.0178e-009 1.0689e-009 1.0263e-009
          97 1.2639e-010 2.5690e-010 1.6624e-010 9.8251e-010 1.0555e-009 7.2231e-010
          98 1.2165e-010 2.4776e-010 1.4124e-010 9.3872e-010 1.0282e-009 4.8506e-010
          99 1.1608e-010 2.3674e-010 1.1794e-010 8.8862e-010 9.8823e-010 3.0564e-010
         100 1.0978e-010 2.2413e-010 9.6613e-011 8.3377e-010 9.3675e-010 1.7539e-010
         101 1.0294e-010 2.1035e-010 7.7482e-011 7.7600e-010 8.7547e-010 8.6509e-011
         102 9.5739e-011 1.9584e-010 6.0693e-011 7.1710e-010 8.0653e-010 3.1887e-011
         103 8.8259e-011 1.8080e-010 4.6234e-011 6.5790e-010 7.3136e-010 5.1411e-012
         104 8.0673e-011 1.6561e-010 3.4088e-011 5.9974e-010 6.5229e-010 7.2063e-013
         105 7.3088e-011 1.5050e-010 2.4143e-011 5.4338e-010 5.7124e-010 1.3801e-011
         106 6.5624e-011 1.3573e-010 1.6251e-011 4.8956e-010 4.9027e-010 4.0240e-011
         107 5.8355e-011 1.2144e-010 1.0216e-011 4.3860e-010 4.1114e-010 7.6475e-011
         108 5.1329e-011 1.0770e-010 5.8211e-012 3.9056e-010 3.3543e-010 1.1933e-010
         109 4.4538e-011 9.4473e-011 2.8396e-012 3.4500e-010 2.6444e-010 1.6554e-010
         110 3.7833e-011 8.1375e-011 1.0405e-012 3.0021e-010 1.9892e-010 2.1031e-010
         111 3.1028e-011 6.7895e-011 1.8927e-013 2.5384e-010 1.4018e-010 2.4530e-010
