   v'->v''           0           1           2           3           4           5
           0 9.9766e-001 1.8499e-003 3.7574e-004 1.0128e-004 1.1288e-005 6.2236e-008
           1 1.7350e-003 9.9145e-001 6.0165e-003 5.3764e-004 2.2177e-004 3.6066e-005
           2 5.5494e-004 5.3970e-003 9.7692e-001 1.6242e-002 4.0092e-004 3.7394e-004
           3 4.4473e-005 1.2249e-003 1.4339e-002 9.4801e-001 3.5516e-002 9.0941e-005
           4 4.0596e-006 6.6361e-005 2.2556e-003 3.0782e-002 8.9731e-001 6.8408e-002
           5 5.0676e-010 9.6282e-006 6.7735e-005 4.2431e-003 5.8225e-002 8.1261e-001
           6 5.1530e-007 2.1035e-007 2.0859e-005 4.0170e-005 8.2414e-003 1.0147e-001
           7 2.0673e-007 4.7671e-007 1.2211e-006 3.8785e-005 4.2596e-007 1.6719e-002
           8 6.1808e-008 1.9268e-007 1.0339e-007 2.7583e-006 6.9705e-005 1.4086e-004
           9 2.4608e-009 1.4080e-007 1.7803e-007 1.5517e-008 4.1610e-006 1.4737e-004
          10 1.8863e-008 3.3025e-008 2.8844e-007 1.8624e-007 2.6718e-007 3.3842e-006
          11 3.4590e-008 1.0941e-008 7.8857e-008 3.0217e-007 4.5709e-008 9.7969e-007
          12 1.5869e-008 3.6746e-008 3.0976e-011 1.2360e-007 3.1914e-007 6.8739e-009
          13 3.4252e-009 1.5660e-008 4.0410e-009 3.5232e-008 1.4417e-007 3.2867e-007
          14 5.9543e-010 5.0025e-009 6.0285e-009 2.6112e-009 7.6211e-008 1.0366e-007
          15 6.1249e-011 4.5207e-009 1.4859e-008 4.8047e-009 3.1144e-008 1.0519e-007
          16 1.0941e-010 4.4655e-009 2.1945e-008 1.6680e-008 3.5929e-010 9.9302e-008
          17 9.9941e-010 1.5281e-009 1.4680e-008 1.7377e-008 7.5126e-009 1.4221e-008
          18 2.2329e-009 2.6734e-011 4.0705e-009 1.2733e-008 1.1834e-008 1.4353e-009
          19 2.6726e-009 1.7807e-009 1.7482e-010 8.7398e-009 9.5675e-009 4.4885e-009
          20 2.0932e-009 3.5057e-009 1.8879e-010 5.7653e-009 8.2993e-009 2.2757e-009
          21 1.1765e-009 3.3841e-009 4.3935e-010 3.3622e-009 8.2835e-009 2.1360e-009
          22 4.7537e-010 2.2084e-009 3.5052e-010 1.5602e-009 7.7531e-009 4.2589e-009
          23 1.2606e-010 1.0767e-009 2.0599e-010 5.1379e-010 5.8932e-009 6.7576e-009
          24 1.7255e-011 4.5448e-010 1.2842e-010 1.0839e-010 3.8801e-009 7.6347e-009
          25 2.6505e-014 1.6658e-010 8.3797e-011 7.5021e-012 2.1276e-009 6.0804e-009
          26 1.6516e-012 5.4762e-011 4.7713e-011 4.1497e-013 9.5301e-010 3.4372e-009
          27 3.0321e-013 4.0771e-012 4.6137e-012 2.5589e-013 8.1436e-011 3.2186e-010
