   v'->v''           0           1           2           3           4           5
           0 9.9621e-001 3.7857e-003 9.6897e-006 5.3750e-009 7.4149e-008 3.2381e-013
           1 3.7866e-003 9.8697e-001 9.2016e-003 4.3188e-005 8.0527e-008 2.6519e-008
           2 8.0262e-006 9.2061e-003 9.7324e-001 1.7398e-002 1.5290e-004 2.7477e-007
           3 3.8667e-008 3.8924e-005 1.7444e-002 9.5366e-001 2.8390e-002 4.6333e-004
           4 1.1011e-008 4.2921e-009 1.0897e-004 2.8676e-002 9.2700e-001 4.3075e-002
           5 2.3623e-008 9.6592e-010 4.0612e-008 2.2314e-004 4.3953e-002 8.8826e-001
           6 4.0670e-008 2.9508e-008 5.5097e-008 3.2863e-008 5.0354e-004 6.6675e-002
           7 6.0162e-011 5.5240e-009 2.5656e-009 2.3354e-008 2.7810e-006 1.4699e-003
           8 3.9019e-011 1.5604e-011 3.0391e-009 2.1957e-007 1.7416e-006 4.4118e-005
           9 3.9607e-009 1.4357e-008 9.2188e-009 1.3116e-008 2.2118e-007 7.7488e-006
          10 1.9798e-010 1.3248e-008 1.7798e-008 2.1506e-008 1.9248e-007 2.2543e-007
          11 2.2452e-009 1.4887e-012 2.1686e-008 1.3791e-010 2.0596e-009 1.1938e-007
          12 1.0863e-009 1.7666e-009 5.9788e-011 6.5135e-009 2.7773e-012 3.9671e-008
          13 2.2840e-010 1.4113e-010 8.2472e-010 9.5144e-009 5.6627e-009 2.7891e-008
          14 1.3555e-009 5.4914e-011 5.5301e-011 9.1622e-009 8.5451e-010 3.9845e-009
          15 6.0337e-010 5.0298e-012 3.8768e-010 2.7732e-009 4.4419e-009 6.6468e-009
          16 4.3167e-012 5.7512e-013 3.5549e-012 1.7560e-011 8.6432e-011 4.5222e-011
          17 1.0243e-011 6.4912e-012 9.9022e-012 3.5237e-011 4.9459e-010 9.1473e-011
          18 1.3736e-011 2.3931e-011 1.4466e-011 3.8646e-011 1.3178e-009 9.8722e-011
          19 7.1648e-012 2.3984e-011 7.8782e-012 1.6400e-011 1.1197e-009 4.1210e-011
          20 1.8984e-012 8.6337e-012 2.1226e-012 3.8127e-012 3.7716e-010 9.4992e-012
