   v'->v''           0           1           2           3           4           5           6           7           8           9          10          11          12          13          14          15          16          17          18          19          20          21          22          23          24          25          26          27
           0 9.9976e-001 2.2179e-004 1.3377e-005 1.1476e-007 5.2102e-008 5.0435e-009 1.2038e-008 5.4811e-012 2.0920e-010 1.1659e-009 2.0213e-010 2.0165e-009 6.6636e-010 7.7251e-012 1.1400e-010 8.3275e-012 1.8375e-011 1.1914e-011 7.3052e-012 7.4727e-011 1.2442e-010 1.0183e-010 4.9370e-011 1.3330e-011 9.4970e-013 3.3234e-013 1.0707e-012 1.1600e-013
           1 2.2335e-004 9.9948e-001 2.3868e-004 6.2388e-005 1.1203e-008 1.7583e-007 2.6151e-008 7.2190e-009 5.2292e-011 2.6418e-012 8.7579e-012 6.5843e-011 7.8099e-012 1.1876e-011 1.4777e-010 6.0453e-010 4.8090e-010 8.3948e-011 1.1940e-011 1.0715e-010 1.3631e-010 9.9867e-011 5.8082e-011 3.2324e-011 1.8469e-011 1.0798e-011 5.3769e-012 3.8989e-013
           2 1.1875e-005 2.4110e-004 9.9950e-001 1.5403e-005 2.3131e-004 1.1604e-006 6.7007e-008 4.9496e-007 5.6617e-009 4.1647e-009 5.3364e-009 1.5079e-010 7.4408e-009 3.8000e-009 5.0974e-010 2.4883e-009 2.3142e-010 5.9750e-010 1.2132e-009 4.2422e-010 3.2470e-013 1.5809e-010 2.6901e-010 2.0429e-010 1.0002e-010 3.7243e-011 1.1150e-011 6.2865e-013
           3 2.4909e-008 6.1834e-005 1.3193e-005 9.9861e-001 6.1141e-004 6.9729e-004 1.3918e-006 1.1681e-006 8.1301e-007 2.7997e-007 1.7407e-009 7.2480e-008 1.6543e-008 7.0757e-009 9.7123e-009 5.7263e-010 1.3123e-010 4.1360e-011 2.6674e-013 4.1737e-011 2.2723e-010 3.0440e-010 1.6841e-010 3.2779e-011 3.1913e-013 1.6347e-011 2.0427e-011 1.8970e-012
           4 7.8345e-008 3.1360e-008 2.3618e-004 6.9773e-004 9.9331e-001 4.4167e-003 1.3279e-003 2.6519e-006 6.5110e-006 3.7695e-009 7.8950e-007 3.8568e-007 2.2975e-008 1.0038e-007 1.0948e-008 4.9820e-010 2.0521e-009 3.3171e-009 4.1697e-009 2.0724e-009 6.5224e-011 6.4045e-010 1.7157e-009 1.7372e-009 1.0921e-009 5.1584e-010 1.9007e-010 1.1829e-011
           5 6.0736e-009 6.3314e-008 2.1090e-008 6.0180e-004 4.9745e-003 9.8145e-001 1.1179e-002 1.7504e-003 3.4299e-005 6.4471e-006 1.4993e-006 1.8433e-007 1.0396e-006 1.0911e-007 1.8744e-008 4.4052e-008 3.6789e-008 1.4710e-008 1.2365e-013 9.8045e-009 1.6390e-008 9.8675e-009 2.6890e-009 1.6836e-010 8.1956e-011 2.8165e-010 2.3350e-010 1.9253e-011
           6 1.9351e-009 1.1585e-008 7.4088e-008 7.1054e-006 7.8394e-004 1.2647e-002 9.6463e-001 1.9804e-002 2.0282e-003 9.2588e-005 1.9403e-006 3.9560e-006 1.7729e-007 7.3052e-007 4.2316e-007 7.2187e-008 2.8857e-010 3.6439e-008 6.8782e-008 3.1917e-008 2.0089e-009 2.3916e-009 6.9849e-009 6.6646e-009 4.3039e-009 2.3440e-009 1.0465e-009 7.2095e-011
           7 3.2955e-009 2.5016e-009 1.6468e-007 2.7560e-006 8.2485e-005 5.4108e-004 2.2265e-002 9.4399e-001 3.0695e-002 2.2478e-003 1.6696e-004 1.1942e-007 4.8219e-006 1.6428e-006 1.4222e-007 4.4159e-007 3.1627e-007 1.2582e-007 1.3697e-009 3.6172e-008 5.3470e-008 2.6228e-008 6.5822e-009 8.5941e-010 2.2585e-011 1.7420e-011 3.1921e-011 3.0746e-012
           8 7.4803e-009 9.2346e-009 1.1868e-007 1.0161e-009 2.2776e-006 2.3837e-004 1.8562e-004 3.3922e-002 9.1937e-001 4.3609e-002 2.4250e-003 2.3759e-004 6.3393e-006 2.9005e-006 3.5080e-006 1.2672e-007 1.0035e-007 4.0740e-007 4.2765e-007 1.3539e-007 3.5666e-009 9.9738e-009 1.7859e-008 1.3868e-008 8.7133e-009 5.1635e-009 2.5436e-009 1.8301e-010
           9 1.4220e-010 1.5030e-009 2.6890e-008 6.5928e-007 2.0943e-006 2.1788e-006 3.7240e-004 5.3834e-007 4.7079e-002 8.9039e-001 5.9161e-002 2.6657e-003 2.9699e-004 2.1628e-005 6.1831e-007 3.6518e-006 9.8981e-007 6.3341e-008 1.4271e-007 4.3275e-007 3.2340e-007 1.3022e-007 3.8755e-008 9.3627e-009 1.3924e-009 1.8922e-011 7.4776e-011 1.2376e-011
          10 2.7074e-009 2.8068e-009 3.1093e-008 4.8823e-008 1.5414e-007 5.0470e-006 3.2070e-005 4.2166e-004 2.2494e-004 6.2063e-002 8.5639e-001 7.7502e-002 2.9688e-003 3.3762e-004 4.6895e-005 2.1600e-007 2.5717e-006 1.8491e-006 6.3274e-007 8.0018e-009 1.4098e-007 2.5812e-007 2.2466e-007 1.5875e-007 9.9129e-008 5.5277e-008 2.4885e-008 1.7103e-009
          11 2.4363e-010 6.2453e-010 1.5469e-009 2.4498e-008 5.2615e-007 6.4236e-007 1.3778e-006 9.9920e-005 3.5531e-004 1.0673e-003 7.8615e-002 8.1647e-001 9.9467e-002 3.4969e-003 3.4187e-004 7.8328e-005 4.1907e-006 1.0550e-006 1.6185e-006 1.3992e-006 4.1288e-007 2.8246e-009 6.0471e-008 1.0565e-007 9.9502e-008 7.5863e-008 4.3070e-008 3.2542e-009
          12 1.7427e-010 9.0349e-010 6.7499e-009 1.9749e-008 1.1974e-007 1.2733e-007 3.1014e-006 1.2593e-006 1.8254e-004 2.0732e-004 2.7825e-003 9.7053e-002 7.6839e-001 1.2649e-001 4.4548e-003 3.0157e-004 1.1445e-004 1.2864e-005 1.2547e-008 9.3335e-007 1.7370e-006 9.3275e-007 2.3326e-007 3.2778e-008 8.6733e-010 1.7084e-009 3.5199e-009 3.6317e-010
          13 9.8710e-012 7.3582e-010 1.9067e-010 4.4795e-009 2.8798e-009 4.7431e-007 4.1295e-007 2.4814e-006 2.0576e-005 2.4285e-004 4.9839e-005 5.6184e-003 1.1816e-001 7.0880e-001 1.6040e-001 6.3013e-003 2.0590e-004 1.6012e-004 2.2834e-005 2.0371e-006 4.5244e-009 1.2185e-006 1.2814e-006 5.9834e-007 2.3470e-007 9.8988e-008 3.9420e-008 2.6113e-009
          14 3.6911e-010 1.2592e-010 3.0479e-010 1.0283e-010 5.5215e-008 2.3580e-007 1.2139e-007 2.3047e-006 4.5391e-008 6.2678e-005 2.4954e-004 1.1534e-005 9.9832e-003 1.4252e-001 6.3206e-001 2.0434e-001 1.0415e-002 3.6068e-005 2.7971e-004 2.1513e-005 8.4636e-006 1.3846e-006 2.2551e-007 6.9443e-007 4.8768e-007 2.9536e-007 1.5223e-007 1.1203e-008
          15 7.0374e-010 1.2859e-009 4.4996e-017 1.7337e-009 3.8573e-008 6.8618e-009 4.3258e-007 2.9201e-007 2.6697e-006 5.7200e-006 1.1596e-004 1.7217e-004 3.0874e-004 1.6525e-002 1.7012e-001 5.2100e-001 2.6690e-001 2.3335e-002 4.8200e-004 9.8061e-004 1.4122e-006 3.8310e-005 2.2163e-006 2.1214e-007 8.9538e-008 2.2534e-009 4.3352e-008 5.3447e-009
