   v'->v''           0           1           2           3           4           5           6           7           8           9          10          11          12          13          14          15          16          17          18          19          20
           0 9.9091e-001 9.0907e-003 1.1876e-006 8.0917e-008 1.5150e-008 1.1464e-010 5.3721e-009 3.4011e-009 7.6842e-011 8.4618e-010 3.3392e-010 6.0932e-010 2.0804e-011 3.7788e-010 1.0370e-010 1.8773e-011 1.0462e-010 5.4105e-011 2.2845e-012 8.3378e-012 2.0769e-011
           1 8.9399e-003 9.7105e-001 1.9994e-002 1.4745e-005 2.0247e-006 2.4031e-007 9.0079e-010 1.3439e-008 1.3168e-009 2.7389e-010 2.4380e-011 1.5173e-011 3.0438e-010 1.0807e-010 6.8541e-011 2.9310e-010 1.4926e-010 5.8015e-012 2.1727e-011 5.1001e-011 4.2477e-011
           2 1.4819e-004 1.9349e-002 9.4544e-001 3.4913e-002 1.3023e-004 1.7208e-005 5.2327e-007 3.3793e-007 9.6389e-008 3.6840e-009 5.5895e-010 2.0710e-009 8.1648e-009 1.6496e-010 3.8817e-009 3.1101e-009 5.5265e-011 7.2437e-010 1.0627e-009 4.9367e-010 1.0249e-010
           3 5.2232e-006 4.8126e-004 3.3420e-002 9.0708e-001 5.8230e-002 7.1904e-004 5.6972e-005 2.2471e-007 1.8721e-006 3.6203e-008 6.2626e-008 8.5150e-008 2.2729e-011 2.6346e-008 7.5624e-009 1.4379e-010 1.3998e-009 5.0971e-010 7.9054e-011 3.0696e-011 4.0634e-011
           4 6.7569e-008 2.7098e-005 1.0539e-003 5.5725e-002 8.4953e-001 9.1497e-002 2.0853e-003 6.5618e-005 9.5966e-006 1.5230e-006 1.0160e-006 3.1006e-008 2.2302e-007 9.1684e-008 6.0596e-010 1.3089e-008 6.9000e-009 3.0262e-009 1.6592e-009 6.3646e-010 8.0026e-011
           5 5.7713e-008 1.1593e-006 8.3701e-005 2.0731e-003 8.7557e-002 7.7909e-001 1.2750e-001 3.6424e-003 2.9183e-005 2.6922e-005 7.1101e-009 1.5407e-006 8.2687e-007 1.1616e-008 1.5112e-007 6.1920e-008 1.4599e-008 1.0252e-009 2.0587e-009 8.6385e-009 1.0041e-008
           6 1.4901e-009 7.1056e-008 7.0805e-006 1.6038e-004 4.2465e-003 1.1963e-001 7.0794e-001 1.6289e-001 5.0828e-003 2.1808e-006 3.7902e-005 2.5863e-006 5.2689e-007 1.5995e-006 2.0439e-007 2.8994e-009 4.2360e-008 6.9055e-008 5.9797e-008 2.6959e-008 6.0711e-009
           7 1.6053e-009 5.2508e-010 2.0944e-007 2.6886e-005 2.3949e-004 8.5168e-003 1.4626e-001 6.4003e-001 1.9848e-001 6.3794e-003 1.2168e-005 3.9885e-005 9.2907e-006 6.2659e-008 1.4082e-006 7.3267e-007 1.5666e-007 1.3421e-008 9.7824e-009 4.8351e-008 5.3786e-008
           8 4.8764e-009 3.3926e-009 1.1285e-010 2.4396e-006 4.8971e-005 4.4327e-004 1.5045e-002 1.6767e-001 5.7645e-001 2.3295e-001 7.2484e-003 8.6705e-005 2.9577e-005 1.6656e-005 2.2308e-006 2.7094e-007 7.4216e-007 5.6141e-007 3.0851e-007 9.2744e-008 9.4034e-009
           9 1.0695e-009 1.7006e-009 1.7764e-008 7.5600e-009 1.2643e-005 5.7862e-005 9.8769e-004 2.3378e-002 1.8232e-001 5.1874e-001 2.6656e-001 7.6337e-003 2.5373e-004 1.4341e-005 2.1284e-005 6.4164e-006 2.4064e-007 1.1273e-007 4.1897e-007 4.8593e-007 3.2388e-007
          10 2.0341e-009 8.6703e-010 1.4886e-008 7.6194e-009 5.6448e-007 2.4275e-005 8.2261e-005 2.1068e-003 3.3110e-002 1.9068e-001 4.6771e-001 2.9847e-001 7.2319e-003 5.5223e-004 9.0469e-007 2.0834e-005 1.1634e-005 2.4579e-006 2.5844e-007 5.3808e-009 1.1257e-007
          11 1.9769e-009 9.5934e-010 2.6443e-012 1.8151e-008 3.2845e-008 5.4590e-006 2.6606e-005 1.6568e-004 4.0462e-003 4.3234e-002 1.9235e-001 4.2466e-001 3.2845e-001 6.0345e-003 9.7868e-004 1.0326e-005 1.1971e-005 1.5522e-005 5.9694e-006 1.9583e-006 6.0174e-007
          12 3.2951e-011 1.8424e-010 1.6408e-009 1.4898e-008 2.8196e-008 3.7453e-007 1.2127e-005 2.9780e-005 3.8281e-004 6.9540e-003 5.3097e-002 1.8763e-001 3.8967e-001 3.5647e-001 4.1515e-003 1.4876e-003 8.1416e-005 1.4033e-006 1.1445e-005 8.1954e-006 4.3543e-006
          13 1.3072e-009 1.0613e-009 3.5928e-010 3.0723e-009 3.7941e-010 3.1342e-008 3.6494e-006 1.5018e-005 4.6469e-005 8.7081e-004 1.0841e-002 6.1682e-002 1.7760e-001 3.6261e-001 3.8212e-001 1.9838e-003 1.9100e-003 2.7827e-004 7.9338e-006 2.7053e-006 4.4625e-006
          14 7.2845e-010 2.1386e-010 5.3410e-013 4.2273e-010 1.1072e-008 1.2650e-007 3.3698e-007 7.9331e-006 1.5227e-005 1.0587e-004 1.7876e-003 1.5590e-002 6.8115e-002 1.6280e-001 3.4286e-001 4.0576e-001 3.9412e-004 1.7383e-003 7.0861e-004 8.5857e-005 3.8782e-006
          15 2.7337e-013 1.0653e-010 1.7843e-013 4.5071e-011 2.5282e-008 3.2473e-008 2.6790e-008 2.5726e-006 9.8487e-006 1.9436e-005 2.7016e-004 3.3058e-003 2.0684e-002 7.0820e-002 1.4281e-001 3.2338e-001 4.3636e-001 7.0948e-005 3.5313e-004 1.4481e-003 3.0527e-004
