   v'->v''           0           1           2           3           4           5           6           7           8           9          10          11
           0 9.6161e-001 3.5507e-002 2.5751e-003 2.7065e-004 3.4072e-005 6.0545e-006 8.7193e-007 1.7539e-007 7.9377e-008 2.6542e-008 4.0536e-009 6.3193e-010
           1 3.8392e-002 8.9006e-001 6.3653e-002 6.7648e-003 9.3689e-004 1.5354e-004 3.0014e-005 6.2502e-006 1.6993e-006 5.4848e-007 1.6766e-007 5.3744e-008
           2 9.1043e-008 7.4434e-002 8.2466e-001 8.6350e-002 1.1955e-002 2.0642e-003 4.1119e-004 9.6726e-005 2.3200e-005 6.7960e-006 2.3960e-006 8.2473e-007
           3 5.5581e-008 2.6298e-007 1.0911e-001 7.6309e-001 1.0507e-001 1.7874e-002 3.6640e-003 8.6207e-004 2.2996e-004 6.4862e-005 2.0925e-005 7.5203e-006
           4 3.1549e-008 4.8486e-008 1.0733e-007 1.4353e-001 7.0433e-001 1.2001e-001 2.4177e-002 5.7055e-003 1.5345e-003 4.6493e-004 1.4850e-004 5.3051e-005
           5 1.5635e-008 1.0557e-007 1.9379e-009 1.3942e-008 1.7767e-001 6.4854e-001 1.3110e-001 3.0665e-002 8.1341e-003 2.4709e-003 8.4169e-004 3.0069e-004
           6 1.5931e-009 6.1612e-008 1.0335e-007 9.5482e-008 4.3457e-009 2.1135e-001 5.9634e-001 1.3756e-001 3.7440e-002 1.0877e-002 3.6974e-003 1.4043e-003
           7 3.8958e-009 9.5856e-009 7.5835e-008 3.8831e-008 6.5185e-008 1.0229e-006 2.4421e-001 5.5145e-001 1.3559e-001 4.4647e-002 1.3773e-002 5.1158e-003
           8 1.5048e-010 5.0917e-009 1.4173e-010 1.3670e-007 1.2380e-008 5.5347e-007 4.7415e-005 2.7259e-001 5.2743e-001 1.1582e-001 5.1387e-002 1.6691e-002
           9 2.6931e-009 5.6938e-010 4.7211e-009 1.7194e-008 3.7228e-007 7.0449e-007 2.1105e-005 9.0659e-004 2.8005e-001 5.5492e-001 6.8248e-002 5.2161e-002
          10 4.9731e-010 6.6293e-009 1.8812e-010 2.3938e-008 2.2067e-008 3.1252e-007 3.5487e-006 1.5462e-004 9.2907e-003 2.2907e-001 6.4970e-001 2.0551e-002
          11 9.5851e-012 1.8938e-009 2.2324e-009 6.1669e-009 6.1622e-008 1.9453e-007 1.8264e-007 8.3941e-007 1.1424e-004 4.0471e-002 1.4301e-001 7.1858e-001
          12 6.3313e-011 2.4568e-010 1.6780e-010 1.1112e-010 7.0753e-008 1.3831e-007 2.2632e-007 6.0457e-006 1.3177e-004 7.3833e-004 6.0892e-002 1.3063e-001
          13 5.3683e-012 1.7917e-009 1.0520e-009 1.6266e-010 1.3556e-008 9.2051e-008 4.6381e-007 8.5077e-007 1.3574e-007 3.4261e-004 7.8543e-003 3.4584e-002
          14 1.7275e-010 9.3707e-010 2.1536e-009 1.8245e-009 2.6944e-010 3.0195e-008 2.6839e-007 4.5717e-007 1.1810e-005 9.2575e-005 2.5667e-005 1.9391e-002
          15 2.3956e-010 3.0546e-011 1.1382e-009 2.8700e-009 7.6256e-010 9.5072e-009 5.9489e-008 9.2582e-007 1.8361e-006 1.3549e-006 3.0546e-004 1.4889e-004
          16 8.6633e-011 1.1868e-010 2.8305e-010 1.7741e-009 5.0427e-009 9.0831e-009 7.9131e-009 3.3458e-007 2.7264e-007 1.3339e-005 5.5722e-005 1.2136e-004
          17 2.2222e-013 1.5683e-010 7.9856e-011 6.7531e-010 7.0665e-009 1.1628e-008 6.2320e-009 5.5055e-008 1.0345e-006 5.3268e-006 1.3407e-008 1.8931e-004
          18 8.4223e-011 2.1050e-011 9.9321e-011 2.7298e-010 4.1933e-009 9.6997e-009 1.3729e-008 9.8991e-009 6.8971e-007 3.4597e-007 9.2278e-006 4.5267e-005
          19 2.0887e-010 2.9129e-011 2.0591e-010 1.9936e-010 1.2755e-009 5.1000e-009 1.8114e-008 6.2945e-009 2.8877e-007 2.0008e-007 9.4316e-006 7.3172e-007
          20 2.6375e-010 1.6043e-010 3.1354e-010 2.1873e-010 1.8007e-010 1.8823e-009 1.5067e-008 7.0889e-009 1.0430e-007 6.7592e-007 4.3860e-006 2.1425e-006
          21 2.3740e-010 2.4899e-010 3.3583e-010 2.2884e-010 1.8130e-012 5.3228e-010 9.3596e-009 6.6453e-009 3.6635e-008 6.7507e-007 1.3296e-006 3.6703e-006
          22 1.8071e-010 2.5129e-010 2.8870e-010 2.0571e-010 1.1741e-011 1.3115e-010 5.1841e-009 5.1484e-009 1.3867e-008 4.8227e-007 3.1437e-007 3.0806e-006
          23 1.3275e-010 2.1787e-010 2.3002e-010 1.7187e-010 2.3056e-011 3.0688e-011 2.9416e-009 3.7742e-009 6.0741e-009 3.2251e-007 6.0702e-008 2.2432e-006
          24 9.6618e-011 1.7647e-010 1.7703e-010 1.3753e-010 2.3815e-011 6.1634e-012 1.7396e-009 2.7212e-009 2.9861e-009 2.1460e-007 6.5949e-009 1.5790e-006
          25 6.5430e-011 1.2823e-010 1.2453e-010 9.9596e-011 1.8736e-011 7.9386e-013 1.0044e-009 1.8236e-009 1.5121e-009 1.3497e-007 4.4681e-012 1.0321e-006
          26 3.6167e-011 7.3952e-011 7.0462e-011 5.7421e-011 1.1027e-011 2.8993e-014 4.9915e-010 9.9989e-010 6.9137e-010 7.0905e-008 1.0220e-009 5.5523e-007
