   v'->v''           0           1           2           3           4           5           6           7           8           9          10          11          12          13          14          15          16          17          18          19          20          21          22          23          24          25          26          27
           0 9.9851e-001 1.4849e-003 1.2261e-006 2.5914e-010 9.3077e-010 4.6739e-009 2.6456e-008 2.8392e-010 7.7041e-011 2.6973e-009 7.1816e-012 3.3095e-009 1.3592e-009 9.1138e-011 6.5620e-010 1.0276e-010 9.7579e-011 2.6189e-010 7.5380e-011 1.3812e-011 1.7417e-010 2.8164e-010 2.3808e-010 1.3563e-010 5.5156e-011 1.6859e-011 3.9517e-012 1.9093e-013
           1 1.4851e-003 9.9477e-001 3.7405e-003 6.9445e-006 1.1020e-007 8.9287e-009 1.0096e-009 2.4733e-008 4.2510e-009 3.2614e-010 3.9352e-009 7.4825e-010 3.2933e-009 9.1501e-011 4.6692e-010 3.8352e-011 4.2154e-010 7.3324e-010 1.5842e-010 5.8639e-011 4.4660e-010 5.9601e-010 4.1928e-010 1.9311e-010 5.9476e-011 1.1941e-011 1.4087e-012 3.6819e-014
           2 1.5158e-006 3.7411e-003 9.8889e-001 7.3404e-003 2.6409e-005 5.7690e-007 6.3578e-009 2.4346e-009 3.7174e-008 1.1023e-008 1.3158e-009 5.7839e-009 2.2651e-009 3.8580e-009 1.0312e-010 1.3032e-009 1.1135e-012 1.2292e-009 1.3719e-009 1.8494e-010 1.4801e-010 6.9087e-010 7.6604e-010 4.7886e-010 2.0029e-010 6.2066e-011 1.4943e-011 7.3928e-013
           3 7.2000e-009 6.6801e-006 7.3476e-003 9.7957e-001 1.2980e-002 9.1941e-005 2.4619e-006 2.4646e-009 2.7432e-009 8.4742e-009 3.1984e-009 4.9620e-009 2.1373e-010 2.1067e-009 1.5621e-011 6.3306e-010 2.5688e-012 6.1509e-010 5.3277e-010 2.0000e-011 1.1411e-010 2.0895e-010 1.0341e-010 1.4554e-011 9.4501e-013 1.0140e-011 1.0418e-011 9.1144e-013
           4 9.1311e-009 1.1836e-007 2.1133e-005 1.3025e-002 9.6462e-001 2.2034e-002 2.9356e-004 1.0100e-005 1.4417e-007 2.6192e-008 5.3442e-009 3.7514e-009 5.9270e-009 1.5975e-010 3.8774e-010 2.1777e-010 2.0022e-010 1.4540e-010 3.7505e-010 3.8046e-011 4.9679e-011 9.2931e-011 1.9530e-011 4.7608e-012 4.0369e-011 5.5690e-011 3.8163e-011 3.0078e-012
           5 1.7574e-008 2.9826e-009 4.3758e-007 5.4708e-005 2.2233e-002 9.3972e-001 3.7019e-002 9.2253e-004 4.5600e-005 1.6234e-006 9.1043e-008 2.5625e-008 2.1935e-009 5.4339e-010 3.0936e-012 1.1519e-009 2.1183e-009 6.7271e-015 1.0487e-009 5.9611e-010 5.9284e-012 9.2787e-011 8.2675e-011 1.0479e-011 4.0739e-012 2.0604e-011 1.9762e-011 1.7102e-012
           6 1.7779e-009 2.2438e-008 8.8491e-009 1.0603e-006 1.4145e-004 3.7752e-002 8.9593e-001 6.2994e-002 2.9640e-003 2.1123e-004 9.4365e-006 7.4026e-008 1.4771e-007 3.8934e-009 2.1417e-008 9.2175e-009 9.8378e-009 7.8650e-009 1.3212e-008 1.9724e-010 3.1751e-009 3.1807e-009 7.2021e-010 1.0077e-011 3.8467e-011 4.4043e-011 1.8431e-011 1.1103e-012
           7 1.5814e-009 1.2128e-009 4.4983e-008 5.3646e-008 2.5002e-006 3.9206e-004 6.5484e-002 8.1559e-001 1.0823e-001 9.3490e-003 8.9563e-004 4.5706e-005 4.3948e-007 6.3478e-008 3.1349e-009 9.6534e-008 1.3042e-009 1.2209e-008 1.4476e-010 7.2195e-011 7.4532e-010 1.2706e-014 1.6978e-009 3.4752e-009 2.5865e-009 1.0966e-009 3.1106e-010 1.6282e-011
           8 8.8547e-009 2.0125e-009 2.7405e-009 5.1908e-008 1.9016e-007 7.1244e-006 1.2508e-003 1.1573e-001 6.7470e-001 1.7777e-001 2.6838e-002 3.4718e-003 2.3116e-004 2.9913e-006 4.3823e-007 4.9482e-008 5.5546e-009 2.3340e-009 1.1140e-008 1.7816e-008 7.7823e-010 1.6965e-008 1.2435e-008 2.4721e-009 1.3239e-011 2.3707e-010 2.8014e-010 2.4312e-011
           9 7.9741e-010 5.4137e-009 5.3322e-010 1.9107e-010 5.6938e-008 4.9840e-007 2.1808e-005 4.6443e-003 1.9569e-001 4.6154e-001 2.5903e-001 6.6592e-002 1.1575e-002 8.7773e-004 5.4686e-006 1.6583e-006 4.7140e-008 2.5600e-010 6.1560e-008 4.2163e-012 9.0868e-009 4.5213e-010 4.9753e-010 2.5551e-010 8.6694e-012 4.8466e-013 9.1504e-014 8.5422e-014
          10 1.1495e-009 1.7727e-010 9.6511e-009 3.3474e-010 5.0514e-009 1.5554e-007 2.4159e-006 1.0189e-004 1.7622e-002 2.9378e-001 2.2495e-001 3.0623e-001 1.2723e-001 2.7872e-002 2.2122e-003 7.2746e-006 3.3261e-006 2.4547e-007 3.0265e-008 1.4669e-007 1.1384e-008 7.9870e-009 1.0156e-009 8.8565e-010 7.7356e-010 3.8978e-011 2.9707e-011 6.0616e-012
          11 1.7394e-009 7.9963e-010 1.6747e-009 7.1244e-009 3.0464e-009 1.2800e-008 5.1523e-007 5.2798e-006 7.1822e-004 5.2775e-002 3.5133e-001 5.8397e-002 2.8785e-001 1.9204e-001 5.2591e-002 4.3058e-003 4.1696e-006 4.4122e-006 1.1988e-006 2.6968e-007 9.4186e-008 3.7925e-008 2.3890e-009 5.0243e-009 8.3900e-009 5.0461e-009 1.6498e-009 9.0568e-011
          12 2.4906e-010 3.9328e-010 1.0164e-009 2.0592e-009 3.7480e-009 3.7255e-009 2.4985e-008 2.4969e-006 1.7286e-005 4.3894e-003 1.1718e-001 3.1547e-001 6.4181e-004 2.2304e-001 2.4808e-001 8.4137e-002 6.9903e-003 5.4491e-007 3.4791e-006 2.4499e-006 9.4496e-007 7.6159e-011 1.8410e-008 1.4430e-008 2.3039e-008 2.4018e-008 1.3847e-008 1.0090e-009
          13 6.9431e-011 4.1886e-011 1.5695e-009 2.4425e-010 7.8886e-010 1.5442e-008 2.6457e-009 5.5791e-007 2.9429e-006 1.7010e-004 1.8211e-002 1.8850e-001 2.0861e-001 2.1870e-002 1.4123e-001 2.8838e-001 1.2262e-001 1.0415e-002 8.3081e-007 1.0826e-006 2.5863e-006 2.1004e-006 2.1313e-007 2.8937e-008 5.2056e-009 4.2523e-010 3.7465e-009 4.5354e-010
          14 1.8379e-010 3.1860e-010 1.3444e-011 6.5218e-010 3.9917e-012 1.0531e-008 1.9380e-008 1.3438e-008 1.9099e-006 5.8896e-006 1.4826e-003 5.1949e-002 2.2544e-001 9.1956e-002 7.0583e-002 6.7894e-002 3.0838e-001 1.6748e-001 1.4807e-002 6.1481e-006 1.0580e-007 1.8179e-006 2.3354e-006 8.8275e-007 3.9008e-007 1.6280e-007 5.2115e-008 2.9875e-009
          15 1.2989e-011 7.8511e-011 6.7831e-010 1.8787e-012 4.2051e-011 4.1617e-010 2.5718e-008 2.9603e-010 6.9925e-007 1.9379e-006 6.3182e-005 8.4378e-003 1.0226e-001 2.0018e-001 1.7301e-002 1.0614e-001 1.8435e-002 3.0668e-001 2.1967e-001 2.0836e-002 9.6836e-006 4.7177e-006 1.8336e-007 1.8168e-006 1.0885e-006 6.3370e-007 3.1302e-007 2.2279e-008
          16 1.0127e-010 7.0022e-011 8.0320e-010 5.9672e-010 4.8292e-010 7.3711e-010 1.0673e-008 2.8283e-009 1.4962e-007 1.3484e-006 2.7480e-006 8.5522e-004 2.9006e-002 1.4402e-001 1.2562e-001 9.4926e-004 1.0849e-001 6.2110e-005 2.8008e-001 2.8050e-001 3.0323e-002 1.9170e-006 1.6465e-005 1.5932e-006 2.0582e-007 4.3742e-007 3.1398e-007 2.5494e-008
          17 3.6304e-010 4.6560e-010 1.3893e-010 7.1083e-010 7.8669e-010 3.5920e-010 1.8038e-009 1.0380e-008 1.5961e-008 6.6941e-007 1.2061e-006 5.0987e-005 6.0146e-003 6.4929e-002 1.4471e-001 4.5215e-002 2.5379e-002 7.8225e-002 1.3371e-002 2.2564e-001 3.4949e-001 4.7000e-002 1.1628e-005 2.2268e-005 8.9764e-006 9.4067e-007 1.7897e-007 9.4653e-009
          18 4.4610e-010 6.8530e-010 5.3312e-011 2.2080e-010 4.9992e-010 1.2375e-010 1.2080e-010 1.0319e-008 9.5616e-013 2.7460e-007 1.2796e-006 1.6046e-006 9.8417e-004 2.2760e-002 9.6336e-002 9.5197e-002 2.5245e-003 5.3621e-002 3.3089e-002 5.0274e-002 1.4477e-001 4.2206e-001 7.8149e-002 1.8705e-004 2.9743e-005 1.3956e-005 2.6224e-006 1.4060e-007
          19 3.2890e-010 5.6609e-010 3.6420e-010 1.8225e-012 1.5199e-010 1.0547e-009 4.6791e-012 7.0580e-009 2.0277e-009 1.0097e-007 9.6838e-007 1.3324e-007 1.3383e-004 7.0005e-003 4.9422e-002 8.9577e-002 2.9558e-002 8.7916e-003 5.2543e-002 2.1454e-003 8.7875e-002 5.3877e-002 4.7465e-001 1.4241e-001 1.9071e-003 1.5617e-005 1.8522e-005 1.0606e-006
          20 1.7125e-010 3.2666e-010 4.7523e-010 4.5490e-011 1.8774e-011 1.3628e-009 3.3488e-012 4.2667e-009 1.9736e-009 3.3022e-008 5.3549e-007 1.9772e-007 1.6333e-005 2.0516e-003 2.1923e-002 5.8479e-002 4.0302e-002 9.8258e-005 2.8289e-002 2.0101e-002 9.9071e-003 8.4343e-002 3.2107e-004 4.3370e-001 2.8669e-001 1.3623e-002 4.1465e-006 5.9474e-007
          21 6.4684e-011 1.3540e-010 3.0441e-010 6.5236e-011 1.9717e-013 8.3111e-010 4.8201e-012 2.0605e-009 8.2540e-010 9.3016e-009 2.1940e-007 1.9761e-007 2.0606e-006 5.7126e-004 8.1464e-003 2.7354e-002 2.6376e-002 2.1799e-003 9.1252e-003 1.6070e-002 1.1120e-005 3.1261e-002 2.3117e-002 4.6402e-002 1.9129e-001 5.1718e-001 1.0039e-001 1.4991e-004
