   v'->v''           0           1           2           3           4           5           6           7           8           9          10          11          12          13          14
           0 9.4782e-001 4.9691e-002 2.3549e-003 1.2373e-004 6.5003e-006 5.6473e-007 3.1722e-008 4.7325e-010 1.0903e-009 8.1211e-011 4.6728e-011 1.8259e-011 6.7067e-012 2.5350e-012 8.9517e-013
           1 5.1314e-002 8.3635e-001 1.0322e-001 8.3809e-003 6.6820e-004 5.5545e-005 6.0442e-006 6.8278e-007 6.1093e-008 3.5039e-009 2.3146e-009 1.2033e-009 6.5427e-010 3.8746e-010 2.1975e-010
           2 8.5517e-004 1.1064e-001 7.0856e-001 1.5757e-001 1.9758e-002 2.2883e-003 2.7555e-004 4.1006e-005 7.1700e-006 6.9310e-007 5.3269e-007 3.1876e-007 1.9261e-007 1.2278e-007 7.3273e-008
           3 4.2192e-006 3.2918e-003 1.7728e-001 5.6574e-001 2.0769e-001 3.8313e-002 6.2599e-003 1.0806e-003 2.1255e-004 2.2643e-005 1.7955e-005 1.1082e-005 6.8638e-006 4.4563e-006 2.6951e-006
           4 1.0087e-008 2.7175e-005 8.4619e-003 2.4945e-001 4.1104e-001 2.4522e-001 6.5258e-002 1.4817e-002 3.3898e-003 3.8609e-004 3.1158e-004 1.9546e-004 1.2257e-004 8.0285e-005 4.8863e-005
           5 1.4443e-008 8.6697e-008 1.1048e-004 1.8366e-002 3.2336e-001 2.5248e-001 2.5489e-001 9.7273e-002 2.8856e-002 3.6201e-003 2.9876e-003 1.9115e-003 1.2160e-003 8.0446e-004 4.9301e-004
           6 1.6423e-008 1.8840e-008 5.5959e-007 3.6764e-004 3.6427e-002 3.9084e-001 1.0866e-001 2.1311e-001 1.0869e-001 1.6488e-002 1.4209e-002 9.4398e-003 6.1705e-003 4.1593e-003 2.5821e-003
           7 1.2607e-008 2.4805e-008 1.6831e-008 1.9856e-006 1.0476e-003 6.8095e-002 4.3434e-001 1.3417e-002 1.0220e-001 2.4652e-002 2.3348e-002 1.6799e-002 1.1617e-002 8.1362e-003 5.1851e-003
           8 1.0226e-010 3.2632e-008 2.8263e-008 8.6201e-008 3.3045e-006 2.6926e-003 1.2270e-001 4.1197e-001 1.8863e-002 5.8062e-004 1.6808e-003 2.2286e-003 2.1624e-003 1.8496e-003 1.3368e-003
           9 5.7826e-009 8.0360e-010 3.4533e-008 1.2946e-008 5.0164e-007 7.3974e-006 7.4898e-003 2.1854e-001 2.2558e-001 4.3139e-002 3.5000e-002 2.1169e-002 1.2572e-002 7.8067e-003 4.5395e-003
          10 1.0728e-010 1.1763e-008 9.7666e-010 1.0605e-009 9.5484e-009 3.8678e-008 8.9228e-005 2.7038e-002 3.2378e-001 1.3491e-003 2.5637e-004 2.4392e-003 3.7284e-003 3.8305e-003 3.0313e-003
          11 2.0468e-009 1.2975e-011 7.4188e-009 2.2986e-009 1.6371e-009 6.2402e-007 1.0226e-005 2.0934e-003 1.2216e-001 3.3616e-002 4.6747e-002 3.9501e-002 2.8338e-002 1.9637e-002 1.2213e-002
          12 1.2906e-009 4.2605e-009 5.2479e-010 3.0468e-010 4.8552e-008 1.8527e-008 4.9437e-006 5.4453e-004 4.0583e-002 7.7774e-002 6.7503e-002 3.6821e-002 1.8085e-002 9.1052e-003 4.3410e-003
          13 2.1687e-011 1.1421e-009 3.0892e-009 3.5690e-009 2.5880e-009 1.5305e-008 1.9231e-008 1.1408e-004 1.7059e-002 1.0386e-001 5.6570e-002 1.6166e-002 3.2324e-003 3.7094e-004 6.0169e-009
          14 9.7549e-010 6.5477e-010 2.5806e-012 2.6984e-011 1.2140e-008 3.1245e-009 1.3859e-007 3.6258e-006 6.0316e-003 1.2502e-001 3.4952e-002 1.5856e-003 9.4487e-004 3.2806e-003 3.6822e-003
          15 8.8416e-010 2.3755e-009 2.4184e-009 2.0295e-009 4.4655e-009 9.3880e-009 3.7070e-008 6.1307e-007 1.7729e-003 1.3493e-001 9.6548e-003 4.8588e-003 1.4630e-002 1.5434e-002 1.1397e-002
          16 1.3480e-010 1.0008e-009 2.0148e-009 1.6574e-009 1.7625e-010 7.7570e-009 4.1799e-009 8.2234e-008 5.6338e-004 1.3368e-001 6.0514e-004 3.2468e-002 3.4193e-002 2.3463e-002 1.3093e-002
          17 4.9136e-011 1.4461e-012 1.5136e-010 1.1228e-010 9.9722e-010 3.7026e-011 1.0200e-008 3.0893e-007 1.3265e-004 1.2217e-001 3.0032e-002 6.5919e-002 3.4120e-002 1.2996e-002 4.0250e-003
          18 3.0825e-010 4.2783e-010 2.5433e-010 1.2247e-010 1.9914e-010 3.1275e-009 4.2634e-009 3.2979e-010 1.8568e-005 9.6663e-002 1.1327e-001 6.1819e-002 6.9484e-003 5.1140e-005 1.9105e-003
          19 3.8214e-010 7.8746e-010 7.4335e-010 2.6339e-010 1.2788e-013 4.6439e-009 8.0285e-011 2.8006e-008 9.0964e-007 5.9291e-002 2.2519e-001 5.9991e-003 1.6238e-002 2.8039e-002 2.1331e-002
          20 2.6570e-010 6.2728e-010 6.4049e-010 1.5017e-010 1.0447e-011 2.8252e-009 5.9630e-014 6.5929e-009 5.3812e-007 2.0958e-002 2.5208e-001 9.9009e-002 8.6202e-002 2.7425e-002 5.4596e-003
          21 1.2043e-010 2.9993e-010 3.0536e-010 4.6788e-011 1.9338e-012 1.0880e-009 3.8293e-011 3.8930e-010 7.7230e-010 1.2320e-003 8.4775e-002 4.8785e-001 2.0359e-002 4.1230e-002 2.8707e-002
