   v'->v''           0           1           2           3           4           5           6           7           8           9          10          11          12          13          14          15          16          17          18          19          20
           0 9.7801e-001 2.1938e-002 4.8679e-005 2.1510e-008 3.6375e-009 3.4211e-009 1.3074e-008 8.8969e-009 3.9855e-013 3.0138e-009 2.8743e-010 1.7684e-009 3.2362e-013 1.0153e-009 4.7327e-010 2.3023e-011 4.2439e-010 3.9066e-010 1.0242e-010 1.5902e-013 2.6589e-011
           1 2.1347e-002 9.3171e-001 4.6763e-002 1.8448e-004 1.9997e-007 8.2354e-011 8.4292e-010 1.5256e-008 1.3299e-008 1.1133e-009 1.6249e-009 2.2969e-009 9.6123e-010 7.5095e-010 1.2229e-009 9.4735e-012 5.0097e-010 5.8442e-010 1.3870e-010 1.4535e-012 6.7103e-011
           2 6.1457e-004 4.4204e-002 8.7980e-001 7.4894e-002 4.8705e-004 1.3053e-006 2.0491e-008 1.9016e-009 2.7982e-008 2.0716e-008 4.1085e-009 1.6688e-009 5.6489e-009 1.1777e-009 1.8290e-009 1.8850e-009 7.4348e-013 9.3942e-010 9.4081e-010 2.5061e-010 4.2451e-012
           3 2.6117e-005 2.0242e-003 6.8591e-002 8.2102e-001 1.0721e-001 1.1246e-003 6.5707e-006 1.8580e-007 1.1292e-009 4.5309e-009 3.3097e-009 5.6796e-009 3.2394e-010 2.7476e-009 6.1239e-011 8.0326e-010 3.0170e-012 3.8380e-010 3.2819e-010 3.8912e-011 9.6344e-012
           4 1.1534e-006 1.1751e-004 4.4243e-003 9.4906e-002 7.5318e-001 1.4490e-001 2.4449e-003 2.7945e-005 1.0548e-006 2.7360e-008 3.4141e-010 3.3415e-009 7.8491e-009 1.1988e-010 1.1128e-009 4.3401e-011 5.4922e-011 1.5121e-010 3.1931e-010 9.5713e-011 4.1815e-013
           5 2.4654e-007 8.2350e-006 3.3964e-004 8.0929e-003 1.2367e-001 6.7281e-001 1.8969e-001 5.2702e-003 1.1742e-004 6.2308e-006 1.9491e-007 5.2017e-009 1.0358e-008 8.4861e-010 1.8440e-011 6.7725e-010 7.7357e-010 9.3146e-011 1.1648e-009 9.6226e-010 2.9513e-010
           6 3.0821e-009 9.4952e-007 3.0843e-005 7.9411e-004 1.3506e-002 1.5552e-001 5.7364e-001 2.4422e-001 1.1763e-002 4.9703e-004 3.1010e-005 3.9686e-007 1.4553e-007 3.2152e-008 8.4864e-009 1.0124e-008 7.3325e-009 5.9110e-009 1.3758e-008 3.3014e-009 1.9130e-012
           7 6.4440e-010 7.1223e-008 3.7334e-006 9.0511e-005 1.6616e-003 2.1567e-002 1.9166e-001 4.4664e-001 3.0929e-001 2.7016e-002 1.9422e-003 1.2787e-004 1.1337e-006 1.8695e-007 1.2521e-008 5.7663e-008 4.6592e-009 2.1745e-008 1.4761e-009 3.1257e-010 2.7714e-010
           8 3.6138e-009 1.4414e-008 4.5568e-007 1.3591e-005 2.3749e-004 3.3137e-003 3.4103e-002 2.3180e-001 2.9012e-001 3.7351e-001 5.9680e-002 6.7123e-003 5.0191e-004 4.1139e-006 1.3556e-006 1.1401e-007 2.0820e-010 1.9534e-009 1.5330e-009 1.3134e-008 7.6983e-009
           9 3.4622e-009 8.8497e-009 9.5157e-008 2.0733e-006 4.3660e-005 5.9211e-004 6.4673e-003 5.4487e-002 2.6444e-001 1.2794e-001 4.0591e-001 1.1882e-001 1.9742e-002 1.5367e-003 1.0861e-006 7.8582e-006 1.4883e-007 2.8384e-008 1.2457e-007 3.3345e-008 9.2659e-011
          10 2.5632e-012 1.4037e-009 3.3795e-008 4.2511e-007 8.8541e-006 1.3200e-004 1.4670e-003 1.2736e-002 8.8822e-002 2.6860e-001 1.9322e-002 3.7113e-001 1.9272e-001 4.2149e-002 2.8878e-003 1.2762e-005 1.6802e-005 2.2511e-006 1.2254e-007 1.0398e-007 1.6048e-007
          11 1.8778e-009 1.5077e-010 7.9302e-009 1.5220e-007 1.9981e-006 3.2374e-005 3.7620e-004 3.3832e-003 2.4769e-002 1.3433e-001 2.1895e-001 4.7983e-003 2.8223e-001 2.5780e-001 6.9553e-002 3.5972e-003 1.6894e-004 1.1848e-005 1.0084e-005 2.8378e-006 2.4106e-007
          12 1.6444e-009 5.2335e-010 5.5614e-010 5.4915e-008 6.2552e-007 8.5158e-006 1.0232e-004 9.8775e-004 7.1646e-003 4.5795e-002 1.7384e-001 1.2611e-001 5.0920e-002 1.8704e-001 3.0904e-001 9.5653e-002 2.6437e-003 6.4844e-004 2.9583e-006 9.7609e-006 8.7729e-006
          13 1.1341e-010 3.2752e-011 5.5678e-012 1.1147e-008 2.3326e-007 2.6470e-006 2.9911e-005 2.9974e-004 2.2732e-003 1.4404e-002 7.6057e-002 1.8018e-001 4.2917e-002 1.0151e-001 1.1286e-001 3.5197e-001 1.1545e-001 5.9534e-004 1.2922e-003 1.5382e-004 4.4541e-006
          14 3.3830e-010 1.5945e-010 6.4887e-011 1.1112e-009 7.1285e-008 9.4298e-007 9.9841e-006 9.5168e-005 7.7865e-004 4.8538e-003 2.7371e-002 1.0938e-001 1.4330e-001 3.1961e-003 1.2573e-001 6.6369e-002 3.9538e-001 1.2100e-001 5.9049e-004 1.1177e-003 5.5837e-004
          15 9.6160e-010 3.1701e-010 2.4318e-010 2.9916e-010 1.5876e-008 3.1880e-007 3.6776e-006 3.2348e-005 2.7916e-004 1.7806e-003 9.8297e-003 4.7992e-002 1.2679e-001 8.1842e-002 4.9914e-003 1.2117e-001 4.2857e-002 4.4916e-001 1.0340e-001 8.2896e-003 3.5692e-006
          16 7.3624e-010 1.2635e-010 2.0032e-010 6.7311e-010 4.0432e-009 9.5681e-008 1.3850e-006 1.2054e-005 1.0465e-004 6.9816e-004 3.8159e-003 1.9116e-002 7.2011e-002 1.1379e-001 2.8172e-002 2.5865e-002 9.8186e-002 3.6558e-002 5.1618e-001 5.7262e-002 2.2452e-002
          17 2.1724e-010 8.2917e-013 3.9439e-011 1.0433e-009 2.5640e-009 3.0495e-008 5.2223e-007 4.9703e-006 4.1382e-005 2.9142e-004 1.6136e-003 7.8124e-003 3.4331e-002 8.6492e-002 7.3920e-002 2.2613e-003 4.4132e-002 6.8457e-002 4.8157e-002 5.8040e-001 4.9840e-003
          18 3.4664e-012 4.8542e-011 3.5484e-012 8.0997e-010 2.7161e-009 1.3819e-008 2.0573e-007 2.2408e-006 1.7316e-005 1.2894e-004 7.2955e-004 3.4310e-003 1.5614e-002 5.1189e-002 7.6771e-002 2.9372e-002 2.8575e-003 4.8617e-002 3.9593e-002 9.3949e-002 5.6720e-001
          19 4.8062e-011 1.0682e-010 4.5122e-011 3.4998e-010 2.4641e-009 8.9016e-009 8.8863e-008 1.0724e-006 7.6596e-006 5.9569e-005 3.4477e-004 1.6119e-003 7.1849e-003 2.7041e-002 5.6068e-002 4.4117e-002 3.4391e-003 1.4236e-002 3.9233e-002 1.4896e-002 2.2470e-001
          20 1.0963e-010 9.9519e-011 6.1150e-011 8.5958e-011 1.6386e-009 6.0394e-009 4.1044e-008 5.1430e-007 3.4709e-006 2.7572e-005 1.6280e-004 7.6917e-004 3.3204e-003 1.3260e-002 3.3269e-002 3.7532e-002 1.1141e-002 1.3249e-003 1.9266e-002 2.2158e-002 2.6225e-005
          21 8.6612e-011 5.4076e-011 3.8788e-011 1.1682e-011 7.5591e-010 3.1423e-009 1.6985e-008 2.1197e-007 1.3920e-006 1.1096e-005 6.6423e-005 3.1806e-004 1.3430e-003 5.4614e-003 1.5138e-002 2.0519e-002 9.4556e-003 9.2314e-006 6.3419e-003 1.1662e-002 6.6631e-003
