   v'->v''           0           1           2           3           4           5
           0 9.9937e-001 5.7638e-005 4.7540e-004 8.6979e-005 8.7458e-006 1.1325e-009
           1 5.5246e-005 9.9838e-001 4.6226e-004 8.7892e-004 1.9546e-004 2.4998e-005
           2 4.9650e-004 4.1314e-004 9.9493e-001 2.6519e-003 1.0859e-003 3.4590e-004
           3 6.9142e-005 1.0039e-003 2.3578e-003 9.8616e-001 8.6345e-003 1.0393e-003
           4 7.9829e-006 1.2416e-004 1.5659e-003 7.5341e-003 9.6778e-001 2.1206e-002
           5 1.7682e-007 1.8482e-005 1.6431e-004 2.4208e-003 1.8168e-002 9.3284e-001
           6 3.4053e-007 1.3442e-006 3.4764e-005 1.9421e-004 3.8272e-003 3.7920e-002
           7 2.7267e-007 2.1834e-007 4.7106e-006 5.6162e-005 1.9834e-004 6.3058e-003
           8 1.2824e-007 2.6136e-007 3.1265e-008 1.0795e-005 7.6770e-005 1.7389e-004
           9 4.3921e-008 1.8791e-007 5.7341e-008 1.1800e-006 2.1140e-005 8.2191e-005
          10 3.8815e-009 1.2624e-007 1.6088e-007 5.3236e-008 4.0553e-006 3.8097e-005
          11 1.8195e-009 5.2087e-008 2.0132e-007 2.9587e-008 1.0481e-006 1.1479e-005
          12 1.1474e-008 4.7549e-009 1.3448e-007 1.2401e-007 1.4469e-007 4.0188e-006
          13 1.6102e-008 3.8942e-009 4.4362e-008 1.3531e-007 3.2688e-009 1.2567e-006
          14 1.3464e-008 1.6424e-008 5.5086e-009 9.6981e-008 6.3293e-008 1.8695e-007
          15 8.7481e-009 1.8910e-008 1.7141e-011 5.8990e-008 8.4244e-008 1.3782e-009
          16 5.1478e-009 1.4109e-008 1.3538e-009 3.1738e-008 7.6389e-008 1.2280e-008
          17 3.0860e-009 9.1656e-009 2.3880e-009 1.4209e-008 6.4503e-008 2.4265e-008
          18 1.9776e-009 6.1575e-009 3.1232e-009 4.6349e-009 5.1209e-008 3.3140e-008
          19 1.3200e-009 4.4965e-009 3.7496e-009 7.9437e-010 3.6344e-008 4.0189e-008
          20 8.8672e-010 3.4592e-009 4.0419e-009 2.4156e-012 2.3134e-008 4.1206e-008
          21 5.6978e-010 2.5729e-009 3.7060e-009 1.6729e-010 1.3326e-008 3.4733e-008
          22 3.5890e-010 1.8409e-009 3.0045e-009 3.4903e-010 7.4690e-009 2.5844e-008
          23 2.3537e-010 1.3348e-009 2.3512e-009 4.0304e-010 4.4215e-009 1.8807e-008
          24 1.5913e-010 9.7548e-010 1.8056e-009 3.8095e-010 2.7463e-009 1.3623e-008
          25 1.0262e-010 6.6654e-010 1.2746e-009 3.0362e-010 1.6583e-009 9.1995e-009
          26 5.5074e-011 3.7142e-010 7.2427e-010 1.8463e-010 8.5152e-010 5.0771e-009
