   v'->v''           0           1           2           3           4           5
           0 9.9930e-001 7.0239e-004 1.3263e-007 1.3560e-008 4.5054e-009 9.6982e-009
           1 7.0152e-004 9.9738e-001 1.9144e-003 4.6784e-007 1.0878e-008 9.0466e-010
           2 5.8680e-007 1.9095e-003 9.9409e-001 3.9958e-003 2.1757e-006 7.2785e-009
           3 6.2040e-009 4.1958e-006 3.9767e-003 9.8843e-001 7.5822e-003 9.4835e-006
           4 5.3101e-009 2.3959e-008 1.5936e-005 7.5237e-003 9.7830e-001 1.4120e-002
           5 1.9439e-008 1.2615e-008 8.2453e-008 5.2721e-005 1.3939e-002 9.5884e-001
           6 1.0558e-008 2.0603e-008 9.1439e-009 4.9936e-007 1.7418e-004 2.6428e-002
           7 9.6456e-010 1.7105e-008 1.6012e-008 1.5171e-011 2.4775e-006 5.9209e-004
           8 3.7111e-009 4.5982e-009 2.9602e-008 1.0470e-008 2.6960e-011 1.2427e-005
           9 4.2404e-010 6.5999e-009 5.9167e-009 2.6483e-008 1.9869e-008 1.9517e-007
          10 2.6568e-009 1.0092e-009 1.0873e-008 2.6374e-009 1.9299e-008 7.5026e-008
          11 4.0922e-010 4.5634e-009 6.6503e-010 4.2343e-009 4.4516e-009 1.1254e-009
          12 4.2407e-010 3.6523e-010 4.7934e-009 9.1186e-010 4.7009e-010 4.0642e-008
          13 1.1745e-009 1.0485e-009 1.9839e-010 1.1662e-009 7.1382e-009 1.9925e-011
          14 4.2449e-010 1.6476e-009 1.5094e-009 3.8850e-010 1.5387e-009 6.8237e-009
          15 4.3689e-012 2.4012e-010 1.5850e-009 1.7740e-009 2.5926e-009 9.4546e-010
          16 3.2912e-010 1.8485e-010 5.8287e-011 3.9644e-010 5.1406e-009 3.1411e-011
          17 5.1333e-010 8.2525e-010 5.2481e-010 1.6158e-010 1.0979e-009 1.3371e-010
          18 3.4815e-010 8.1948e-010 1.2545e-009 9.2129e-010 1.1233e-010 9.3288e-011
          19 1.3159e-010 4.1488e-010 1.0415e-009 9.3990e-010 1.0014e-009 1.4551e-011
          20 2.6546e-011 1.2484e-010 5.0760e-010 5.0105e-010 1.0274e-009 2.2742e-010
          21 2.2503e-012 2.3674e-011 1.6798e-010 1.7437e-010 5.1644e-010 2.6849e-010
