   v'->v''           0           1           2           3           4           5           6           7           8           9          10          11
           0 9.5129e-001 4.4961e-002 3.3360e-003 3.5635e-004 4.6706e-005 8.2044e-006 1.3433e-006 2.9243e-007 1.1079e-007 3.3428e-008 4.6331e-009 2.5337e-010
           1 4.8646e-002 8.5842e-001 8.2405e-002 8.9932e-003 1.2676e-003 2.1237e-004 4.3694e-005 8.9444e-006 2.1876e-006 6.9692e-007 2.1045e-007 5.4437e-008
           2 6.2530e-005 9.6375e-002 7.6916e-001 1.1437e-001 1.6421e-002 2.8567e-003 5.7464e-004 1.3485e-004 3.3590e-005 9.6775e-006 3.2055e-006 1.0820e-006
           3 2.7210e-009 2.4357e-004 1.4446e-001 6.8155e-001 1.4172e-001 2.5114e-002 5.2077e-003 1.2230e-003 3.3005e-004 9.4321e-005 3.0289e-005 1.1131e-005
           4 2.7356e-008 2.2549e-007 6.3385e-004 1.9327e-001 5.9327e-001 1.6600e-001 3.5070e-002 8.4266e-003 2.2659e-003 6.9288e-004 2.2525e-004 8.0243e-005
           5 1.0082e-008 5.7002e-008 1.7749e-006 1.4531e-003 2.4414e-001 5.0173e-001 1.8757e-001 4.6361e-002 1.2644e-002 3.8506e-003 1.3149e-003 4.8078e-004
           6 3.6713e-009 3.0051e-008 2.8746e-007 9.4996e-006 3.0963e-003 2.9755e-001 4.0462e-001 2.0633e-001 5.9478e-002 1.8151e-002 6.1664e-003 2.3232e-003
           7 2.2970e-009 1.3510e-009 3.7243e-008 7.7422e-007 3.8391e-005 6.3909e-003 3.5355e-001 3.0051e-001 2.2021e-001 7.4941e-002 2.5371e-002 9.4462e-003
           8 1.1613e-009 2.3401e-008 2.1749e-009 6.2444e-008 2.0891e-006 1.3461e-004 1.2908e-002 4.0987e-001 1.9108e-001 2.2344e-001 9.2735e-002 3.4939e-002
           9 2.0616e-010 2.4531e-009 1.4979e-008 1.3558e-008 1.2997e-007 6.0401e-006 4.3613e-004 2.5707e-002 4.5902e-001 8.5609e-002 2.0341e-001 1.0944e-001
          10 2.2031e-009 1.4336e-009 6.4808e-010 2.2217e-008 8.1315e-009 9.7921e-008 1.9070e-005 1.3572e-003 5.0461e-002 4.8228e-001 1.0531e-002 1.4080e-001
          11 8.7534e-010 3.1648e-009 9.1725e-010 1.7037e-011 8.2112e-008 4.2383e-008 1.7083e-008 6.9468e-005 4.1793e-003 9.6531e-002 4.3958e-001 1.7668e-002
          12 1.4893e-010 5.4190e-010 1.9933e-009 3.5707e-009 3.1413e-009 7.3420e-008 8.3522e-008 3.5858e-007 2.8717e-004 1.2968e-002 1.7313e-001 2.7628e-001
          13 3.0195e-010 8.2310e-010 1.3159e-010 1.4229e-009 5.5753e-009 6.4531e-011 1.2126e-007 2.9746e-007 7.6621e-006 1.3392e-003 3.9941e-002 2.5580e-001
          14 7.8170e-013 1.5649e-010 2.8429e-010 3.1897e-010 1.2423e-008 1.7241e-008 7.4509e-010 8.5362e-008 1.1950e-006 8.4007e-005 6.6768e-003 1.1108e-001
          15 1.0325e-010 7.2882e-010 2.5391e-010 3.9716e-011 4.2603e-010 7.7814e-009 3.3344e-008 2.1046e-009 7.5926e-008 7.9450e-006 7.7038e-004 3.2826e-002
          16 9.4711e-012 1.1848e-009 6.9812e-010 4.9178e-010 1.9856e-009 4.8273e-010 1.2253e-008 4.8883e-008 2.2237e-010 9.8776e-010 8.3154e-005 7.1932e-003
          17 7.3971e-011 9.7739e-011 7.1815e-011 3.6377e-010 5.7537e-010 8.5081e-012 1.0930e-009 4.5099e-009 8.3540e-008 4.6080e-008 4.0822e-006 1.3907e-003
          18 1.9246e-010 3.1919e-010 1.1599e-010 6.5531e-013 2.9234e-009 2.1051e-009 2.8904e-012 1.2200e-011 4.4056e-009 2.9470e-008 6.9215e-007 2.1264e-004
          19 1.1517e-010 8.6868e-010 2.3046e-010 1.2020e-010 5.4407e-010 1.3561e-009 4.4822e-009 3.4154e-009 1.8337e-010 1.6706e-012 1.3078e-007 3.1635e-005
          20 1.0229e-011 5.9583e-010 6.2652e-011 4.4154e-011 3.0360e-010 6.7485e-012 2.8781e-009 5.3868e-009 8.2709e-009 1.8614e-008 7.1505e-008 1.8577e-006
          21 1.6369e-011 1.3634e-010 1.9323e-012 7.5824e-012 1.0908e-009 6.7165e-010 3.7662e-012 8.2339e-010 6.7703e-009 2.3476e-008 1.1241e-008 1.4457e-007
          22 7.1977e-011 1.1277e-013 4.5733e-011 8.0141e-011 5.9676e-010 5.4845e-010 9.0886e-010 9.8354e-011 4.1174e-010 3.5768e-009 3.3181e-008 1.5285e-007
          23 9.7047e-011 6.0196e-011 5.5898e-011 9.8187e-011 5.3986e-011 7.9534e-011 9.6690e-010 3.2011e-010 2.4776e-010 8.5696e-014 2.0295e-009 2.8370e-008
          24 8.3530e-011 1.1182e-010 3.0249e-011 5.7095e-011 4.1322e-011 1.7533e-011 2.8519e-010 7.0981e-011 2.4282e-010 5.1119e-011 1.1556e-010 1.2310e-008
          25 5.3848e-011 1.0344e-010 8.1217e-012 1.8281e-011 1.7187e-010 1.1812e-010 6.7211e-012 5.7929e-012 3.8748e-012 7.9362e-012 1.3497e-010 2.3197e-009
          26 2.9106e-011 6.8870e-011 7.8846e-013 3.1273e-012 1.9303e-010 1.4132e-010 2.7155e-011 6.0419e-011 6.2341e-011 8.8441e-011 1.4110e-009 7.9823e-009
          27 1.1556e-011 3.0744e-011 1.5235e-015 1.9115e-013 1.0902e-010 8.0621e-011 4.0564e-011 5.5224e-011 8.8447e-011 8.1792e-011 1.4499e-009 4.2464e-009
          28 8.4442e-013 2.3144e-012 3.3603e-015 4.1939e-015 8.6632e-012 6.4087e-012 3.8034e-012 4.8085e-012 8.2833e-012 7.1088e-012 1.2939e-010 3.1689e-010
