   v'->v''           0           1           2           3           4           5           6           7           8
           0 9.4268e-001 5.3863e-002 3.1863e-003 2.4383e-004 2.3631e-005 3.1698e-006 2.1861e-007 1.8273e-007 1.0533e-007
           1 5.6301e-002 8.1076e-001 1.1820e-001 1.2773e-002 1.5912e-003 2.3452e-004 1.6339e-005 1.3685e-005 7.8975e-006
           2 1.0095e-003 1.3036e-001 6.3693e-001 1.8770e-001 3.3831e-002 6.0063e-003 4.3989e-004 3.7377e-004 2.1762e-004
           3 7.8086e-006 4.9280e-003 2.2389e-001 4.1298e-001 2.3897e-001 6.3030e-002 5.0810e-003 4.4379e-003 2.6281e-003
           4 1.0922e-007 9.2357e-005 1.7040e-002 3.2893e-001 1.5473e-001 1.7754e-001 1.8747e-002 1.7621e-002 1.0909e-002
           5 6.0697e-009 2.6251e-006 7.1696e-004 5.2088e-002 3.8904e-001 7.5793e-006 2.4274e-003 3.7762e-003 3.0300e-003
           6 2.3075e-008 2.3753e-008 3.3956e-005 4.8435e-003 1.4385e-001 2.0446e-001 2.3561e-002 2.1193e-002 1.2543e-002
           7 1.2200e-008 3.8291e-009 8.8834e-007 4.2232e-004 3.1280e-002 2.5444e-001 6.6881e-003 2.5642e-003 6.3527e-004
           8 5.1744e-010 9.1730e-009 1.6443e-009 2.6479e-005 5.7450e-003 1.6036e-001 1.1860e-003 5.4296e-003 5.7178e-003
           9 4.9602e-009 3.4939e-009 2.3040e-008 1.2325e-006 8.4360e-004 8.0263e-002 2.0654e-002 2.9686e-002 2.1025e-002
          10 1.0081e-009 8.9041e-010 2.0863e-008 1.2555e-008 1.0097e-004 3.4588e-002 5.8839e-002 5.6120e-002 3.0727e-002
          11 7.0439e-010 1.1848e-009 2.3447e-010 1.6574e-008 8.5041e-006 1.3259e-002 1.1040e-001 6.6621e-002 2.4876e-002
          12 1.6713e-009 1.0501e-009 5.4066e-009 1.1868e-008 2.0017e-007 4.3750e-003 1.6874e-001 4.7306e-002 6.4820e-003
          13 6.1593e-010 1.1251e-011 1.4531e-009 8.1296e-010 8.3461e-008 1.1246e-003 2.1492e-001 7.2836e-003 3.7593e-003
          14 2.6082e-011 2.2354e-010 1.1071e-010 1.9892e-009 3.6890e-008 1.7728e-004 2.1200e-001 2.6673e-002 5.1962e-002
          15 3.9030e-011 3.3308e-010 8.2150e-010 2.0900e-009 2.0752e-008 7.2701e-006 1.3060e-001 2.3842e-001 6.1736e-002
          16 7.3876e-011 1.9044e-010 6.2280e-010 6.8256e-010 1.7033e-009 5.5281e-007 2.5163e-002 4.1826e-001 6.2520e-002
          17 2.4255e-011 4.4945e-011 1.5783e-010 1.1479e-010 4.8594e-011 9.4290e-009 1.1103e-004 3.4758e-002 6.8394e-001
