   v'->v''           0           1           2           3           4           5           6           7           8           9          10          11          12          13          14          15          16          17
           0 9.9967e-001 3.2770e-004 2.1661e-006 1.8044e-008 1.8301e-008 1.7319e-008 8.6139e-009 1.4070e-009 3.6593e-009 1.2989e-009 5.5862e-010 1.9956e-009 9.1465e-010 5.6114e-011 6.0628e-011 1.7606e-010 1.3762e-010 3.7033e-011
           1 3.2634e-004 9.9898e-001 6.8308e-004 7.6351e-006 1.6338e-007 8.2946e-009 3.4812e-011 1.7297e-009 2.0480e-011 2.9629e-014 3.1380e-010 2.1992e-010 1.1191e-011 1.1337e-011 1.7405e-011 6.6963e-012 1.2087e-012 1.3162e-013
           2 3.6515e-006 6.7611e-004 9.9825e-001 1.0485e-003 1.8185e-005 5.1587e-007 6.0924e-008 2.7777e-009 1.7373e-008 1.2678e-010 2.3719e-009 2.5426e-011 2.1062e-009 1.7142e-009 3.8731e-010 9.1782e-012 1.2282e-011 7.4885e-012
           3 1.0129e-007 1.2765e-005 1.0314e-003 9.9751e-001 1.4113e-003 3.6111e-005 1.3244e-006 1.6840e-007 5.1834e-010 2.9377e-008 8.7124e-010 3.4216e-009 1.0983e-010 1.6923e-009 2.4917e-009 1.2930e-009 4.0534e-010 7.2599e-011
           4 1.3852e-012 4.4260e-007 2.9110e-005 1.3782e-003 9.9679e-001 1.7363e-003 6.4852e-005 3.0096e-006 3.3254e-007 8.6190e-009 3.3775e-008 1.7522e-009 1.1217e-009 2.4331e-011 7.9864e-010 1.2277e-009 6.8849e-010 1.5970e-010
           5 1.1188e-008 1.0204e-008 1.3913e-006 5.5200e-005 1.6808e-003 9.9617e-001 1.9744e-003 1.0874e-004 6.3006e-006 6.5992e-007 6.7216e-008 3.9409e-008 4.6647e-009 1.4908e-010 2.6226e-010 5.6715e-010 4.2873e-010 1.1237e-010
           6 3.3703e-009 1.4869e-008 5.5047e-008 3.3131e-006 9.4061e-005 1.8926e-003 9.9575e-001 2.0697e-003 1.7380e-004 1.2204e-005 1.6724e-006 9.9249e-008 1.1389e-007 3.9938e-008 2.2272e-009 4.5039e-011 9.3162e-011 1.7359e-011
           7 2.2612e-010 2.3708e-009 4.7558e-008 2.0858e-007 6.6758e-006 1.4759e-004 1.9620e-003 9.9563e-001 1.9594e-003 2.6498e-004 2.4201e-005 3.3247e-006 4.4998e-007 2.0698e-007 7.4594e-008 1.8043e-008 4.0612e-009 6.9532e-010
           8 2.0408e-009 3.1174e-010 3.0220e-009 1.0656e-007 6.6765e-007 1.2809e-005 2.1834e-004 1.8330e-003 9.9590e-001 1.5912e-003 3.8394e-004 4.7030e-005 7.7671e-006 1.1173e-006 4.4399e-007 2.1644e-007 8.0261e-008 1.6315e-008
           9 4.6085e-010 2.9410e-009 4.6462e-010 7.1129e-010 1.4366e-007 1.3878e-006 2.2803e-005 3.0726e-004 1.4650e-003 9.9659e-001 9.8877e-004 5.0971e-004 8.8031e-005 1.8944e-005 3.8517e-006 1.1692e-006 4.0565e-007 8.4215e-008
          10 3.0196e-010 1.1500e-010 6.7773e-009 1.0624e-009 8.2462e-009 4.0322e-007 2.9185e-006 3.8965e-005 4.1134e-004 8.9197e-004 9.9751e-001 3.0210e-004 6.2931e-004 1.4490e-004 3.9838e-005 1.1280e-005 3.5341e-006 7.1401e-007
          11 6.3477e-010 4.7902e-010 8.1466e-010 9.1450e-009 7.5422e-009 2.1755e-008 8.6195e-007 5.7601e-006 6.4105e-005 5.1279e-004 2.6455e-004 9.9802e-001 6.3765e-005 6.5979e-004 2.4565e-004 7.7911e-005 2.3648e-005 4.6168e-006
          12 1.0677e-010 3.0562e-010 5.6842e-010 1.6779e-009 5.1857e-009 1.2141e-008 8.9263e-008 1.8460e-006 1.1759e-005 1.0029e-004 6.1774e-004 6.4217e-005 9.9585e-001 2.3172e-003 3.3713e-004 2.8010e-004 1.1338e-004 2.3675e-005
          13 4.1791e-011 8.0818e-013 8.5377e-010 3.0987e-010 5.7065e-010 1.7107e-008 3.0943e-008 2.9612e-007 3.1991e-006 2.3242e-005 1.3842e-004 7.2946e-004 2.1624e-003 9.8461e-001 1.1474e-002 1.8861e-005 5.9364e-005 2.3646e-005
          14 2.3617e-010 1.8823e-010 1.1559e-010 9.8401e-010 8.5859e-012 6.6440e-009 3.1344e-008 8.0585e-008 8.4556e-007 6.8475e-006 3.8333e-005 2.0180e-004 7.0293e-004 1.1035e-002 9.5045e-001 3.3713e-002 2.5183e-003 2.5265e-004
          15 2.7588e-010 2.9321e-010 3.6559e-011 3.7878e-010 3.0588e-011 7.2987e-010 1.8066e-008 5.5730e-008 3.1847e-007 1.9819e-006 1.4380e-005 5.6660e-005 2.6305e-004 4.7739e-004 3.6502e-002 8.6494e-001 6.5309e-002 7.9350e-003
          16 1.8573e-010 2.1379e-010 1.6690e-010 3.3790e-011 6.4754e-013 7.0395e-014 6.3015e-009 3.5111e-008 1.4819e-007 6.8112e-007 5.2174e-006 2.2228e-005 8.4914e-005 2.8540e-004 6.2220e-005 9.9733e-002 6.7128e-001 5.9614e-002
          17 7.3595e-011 8.6265e-011 1.1666e-010 2.1867e-013 2.6608e-012 2.8118e-011 1.5076e-009 1.3361e-008 5.2839e-008 2.1471e-007 1.5550e-006 6.9415e-006 2.5976e-005 8.1784e-005 1.2361e-004 4.9993e-004 2.4451e-001 3.9083e-001
