   v'->v''           0           1           2           3           4           5           6           7           8           9          10          11          12          13          14
           0 1.0008e-001 2.9326e-001 3.3792e-001 1.9682e-001 6.1370e-002 9.8253e-003 6.7650e-004 1.0639e-005 4.5848e-008 6.6966e-009 8.2166e-010 1.1862e-009 2.2500e-010 7.2280e-011 1.0440e-010
           1 1.7082e-001 1.6280e-001 3.0314e-004 1.6243e-001 2.9633e-001 1.6647e-001 3.7857e-002 3.0336e-003 3.2030e-005 1.2633e-006 1.4000e-008 4.4467e-010 3.9052e-009 2.6630e-009 3.0996e-010
           2 1.8030e-001 2.8311e-002 8.4115e-002 1.0563e-001 9.8181e-003 2.3866e-001 2.6243e-001 8.3458e-002 7.2197e-003 2.1625e-005 9.2333e-006 1.1204e-007 1.2695e-010 7.9670e-009 5.3778e-009
           3 1.5397e-001 7.7514e-004 1.0927e-001 3.1334e-004 1.2194e-001 2.4083e-002 1.2233e-001 3.1715e-001 1.3866e-001 1.1422e-002 1.6140e-005 2.4115e-005 3.4576e-006 4.0537e-007 3.5065e-008
           4 1.1757e-001 2.4203e-002 5.7628e-002 3.6960e-002 5.4765e-002 4.3626e-002 8.9718e-002 3.6187e-002 3.3368e-001 1.9328e-001 1.1814e-002 5.4977e-004 3.5715e-006 1.1451e-005 3.7311e-006
           5 8.4353e-002 5.0175e-002 1.3478e-002 6.8929e-002 8.6469e-004 8.3283e-002 5.7385e-004 1.1426e-001 2.8025e-003 3.3699e-001 2.3632e-001 5.4300e-003 2.3585e-003 1.8752e-004 8.9694e-006
           6 5.8498e-002 6.2921e-002 3.1615e-005 5.7338e-002 1.5569e-002 3.6289e-002 4.7402e-002 1.6456e-002 9.2391e-002 1.4247e-003 3.5811e-001 2.4863e-001 3.2372e-004 2.3512e-003 8.9142e-004
           7 3.9897e-002 6.3471e-002 5.8005e-003 3.0216e-002 3.9699e-002 2.3518e-003 5.8114e-002 8.1116e-003 4.6894e-002 5.5887e-002 4.7378e-003 4.2693e-001 1.8860e-001 2.4860e-002 1.0645e-003
           8 2.7047e-002 5.6961e-002 1.6689e-002 9.8429e-003 4.4516e-002 4.4617e-003 2.8512e-002 3.8801e-002 1.1962e-003 5.9046e-002 2.7303e-002 6.3107e-004 5.4923e-001 4.1102e-002 3.5134e-002
           9 1.8355e-002 4.7721e-002 2.5235e-002 1.0694e-003 3.4587e-002 1.8505e-002 5.1232e-003 4.1557e-002 1.0628e-002 1.4886e-002 5.1942e-002 1.0336e-002 1.4744e-002 5.7098e-001 4.0055e-002
          10 1.2542e-002 3.8382e-002 2.9463e-002 3.7593e-004 2.1089e-002 2.7167e-002 1.6256e-004 2.4670e-002 2.7572e-002 2.7295e-005 2.6650e-002 3.8215e-002 6.9415e-004 1.4873e-001 1.3066e-001
          11 8.6022e-003 2.9933e-002 2.9767e-002 3.1678e-003 1.0327e-002 2.7348e-002 5.0746e-003 8.8203e-003 2.9320e-002 8.1309e-003 4.4993e-003 2.7620e-002 2.9932e-002 2.0760e-002 2.4574e-001
          12 5.9239e-003 2.2817e-002 2.7389e-002 6.3041e-003 3.9250e-003 2.2407e-002 1.0789e-002 1.3125e-003 2.0989e-002 1.6679e-002 1.6510e-004 1.0691e-002 2.0014e-002 4.9354e-002 1.7402e-001
          13 4.0531e-003 1.6910e-002 2.3335e-002 8.2278e-003 9.9288e-004 1.5980e-002 1.3381e-002 4.7194e-005 1.1549e-002 1.8065e-002 3.8949e-003 1.7616e-003 1.1447e-002 5.5183e-003 2.2734e-001
          14 2.6995e-003 1.1972e-002 1.8297e-002 8.4088e-003 8.8706e-005 1.0209e-002 1.2574e-002 1.0905e-003 5.1280e-003 1.4373e-002 6.9437e-003 3.3338e-006 4.2581e-003 9.1549e-003 4.6306e-002
          15 1.6189e-003 7.4964e-003 1.2290e-002 6.6581e-003 1.0961e-005 5.6495e-003 9.1633e-003 1.7747e-003 1.8397e-003 8.9281e-003 6.5441e-003 5.5613e-004 1.0742e-003 3.3789e-003 4.1992e-002
          16 8.4540e-004 4.0164e-003 6.8592e-003 4.0684e-003 5.5812e-005 2.7411e-003 5.2762e-003 1.4371e-003 5.9962e-004 4.5762e-003 4.1944e-003 7.2539e-004 2.1918e-004 1.3139e-003 1.7600e-004
          17 5.4097e-004 2.6097e-003 4.5658e-003 2.8520e-003 7.3253e-005 1.6603e-003 3.5561e-003 1.1539e-003 2.6115e-004 2.8506e-003 2.9752e-003 6.9205e-004 5.3001e-005 6.9036e-004 6.3253e-004
          18 3.2790e-004 1.5977e-003 2.8390e-003 1.8325e-003 6.4339e-005 9.6613e-004 2.2236e-003 8.0158e-004 1.1550e-004 1.6861e-003 1.9143e-003 5.2391e-004 1.0646e-005 3.5877e-004 2.9408e-004
          19 1.6038e-004 7.8590e-004 1.4090e-003 9.2649e-004 3.8031e-005 4.6073e-004 1.1062e-003 4.2241e-004 4.5643e-005 8.1112e-004 9.6646e-004 2.8800e-004 1.6763e-006 1.5852e-004 1.2297e-004
