   v'->v''           0           1           2           3           4           5           6           7           8           9          10          11          12          13          14          15          16          17          18          19          20          21          22          23          24          25          26          27          28          29          30          31          32
           0 9.6999e-001 6.6716e-007 1.9272e-007 2.9733e-002 1.1284e-004 1.6207e-005 1.2765e-004 8.1786e-006 1.9378e-006 4.6421e-006 1.2975e-006 4.9509e-008 1.5597e-008 2.9134e-008 1.0247e-008 1.2851e-009 5.5753e-012 7.9054e-011 1.1368e-010 8.4517e-011 2.9389e-011 9.9870e-013 8.6694e-011 3.0749e-010 5.5198e-010 6.6553e-010 5.8825e-010 3.8710e-010 1.8034e-010 4.8840e-011 2.3839e-012 4.3731e-012 1.0879e-011
           1 2.7662e-002 2.5927e-006 5.0438e-005 9.2135e-001 2.4017e-003 7.5759e-005 3.3286e-002 1.1371e-002 2.3636e-003 1.2965e-003 1.0984e-004 5.6718e-006 2.4083e-005 1.1221e-005 1.1166e-006 1.2681e-007 6.3650e-007 4.1637e-007 8.5439e-008 8.5739e-011 2.8589e-008 3.9256e-008 2.1427e-008 4.2130e-009 1.1369e-010 3.9618e-009 7.8482e-009 8.4967e-009 6.5881e-009 3.9712e-009 1.8920e-009 7.0089e-010 1.8617e-010
           2 2.1500e-003 3.0261e-005 2.6971e-004 3.7386e-002 3.0630e-003 1.7704e-002 7.5213e-001 1.4192e-001 6.7317e-004 1.2575e-002 1.9243e-002 9.4078e-003 2.9579e-003 3.3634e-004 4.4812e-006 7.0681e-005 5.1668e-005 1.2585e-005 1.1887e-007 2.0112e-006 3.4678e-006 2.2552e-006 6.9678e-007 3.8193e-008 6.5624e-008 2.3827e-007 2.9064e-007 2.2296e-007 1.2089e-007 4.5037e-008 9.0842e-009 1.7443e-010 6.3382e-010
           3 1.6451e-004 4.1396e-004 2.4929e-003 8.2237e-003 7.6249e-003 2.2276e-002 1.1124e-004 9.0422e-002 2.4918e-001 4.3462e-001 1.3873e-001 6.2578e-003 5.6675e-003 1.6280e-002 1.1912e-002 4.4801e-003 7.8415e-004 4.7120e-006 9.5606e-005 1.3946e-004 7.7146e-005 1.8858e-005 2.8262e-007 3.4988e-006 8.2389e-006 8.0676e-006 4.9759e-006 2.0007e-006 4.0953e-007 1.4846e-009 1.2012e-007 2.7050e-007 2.3272e-007
           4 2.6375e-005 3.8348e-003 1.5750e-002 3.0007e-005 3.7498e-002 6.7497e-002 4.4765e-002 3.8110e-002 4.1184e-002 1.3557e-002 1.9646e-001 2.6432e-001 1.8497e-001 5.6747e-002 2.5643e-003 4.0914e-003 1.1435e-002 1.0130e-002 5.0085e-003 1.4005e-003 1.2618e-004 2.2724e-005 1.3782e-004 1.5559e-004 9.6889e-005 3.6775e-005 6.2714e-006 3.8704e-008 3.5539e-006 7.1898e-006 7.9098e-006 6.2639e-006 3.3855e-006
           5 3.8057e-006 2.3682e-002 6.2893e-002 9.3553e-004 9.2195e-002 9.2299e-002 1.3659e-003 6.6243e-002 1.6580e-002 6.3062e-003 8.3805e-003 1.2684e-002 1.1998e-001 2.1016e-001 1.6759e-001 7.5993e-002 1.6229e-002 5.9698e-005 4.0869e-003 8.1663e-003 7.3568e-003 4.2747e-003 1.6667e-003 3.6641e-004 1.1600e-005 3.6396e-005 1.0588e-004 1.2028e-004 9.1709e-005 5.3440e-005 2.4597e-005 8.8907e-006 2.3479e-006
           6 5.1107e-007 9.4773e-002 1.3774e-001 1.0653e-004 1.0050e-001 3.4354e-002 1.7997e-003 2.2559e-003 1.9385e-002 3.3543e-002 1.1259e-004 1.7365e-002 4.4990e-003 1.5756e-002 9.4894e-002 1.5747e-001 1.4565e-001 8.4429e-002 2.8928e-002 3.6065e-003 3.6646e-004 4.0563e-003 6.2680e-003 5.6032e-003 3.5956e-003 1.7381e-003 6.0605e-004 1.2100e-004 2.1764e-006 1.8243e-005 4.8875e-005 5.5795e-005 3.6600e-005
           7 2.1939e-007 2.3591e-001 1.1851e-001 2.2786e-006 1.0974e-002 1.0923e-002 1.3511e-002 2.9573e-002 3.1817e-002 1.7619e-003 3.5401e-002 8.8921e-003 3.3023e-003 1.2721e-002 6.5596e-004 1.7849e-002 7.7763e-002 1.2541e-001 1.2078e-001 7.9213e-002 3.5529e-002 9.1901e-003 4.1711e-004 9.5929e-004 3.4700e-003 4.6461e-003 4.2117e-003 2.9971e-003 1.7646e-003 8.7539e-004 3.6363e-004 1.2391e-004 3.2061e-005
           8 1.0015e-007 3.3818e-001 2.1556e-003 2.9412e-004 5.2533e-002 6.7998e-002 3.0133e-005 2.2311e-002 2.2981e-003 2.2120e-002 1.5307e-004 2.5282e-002 2.0148e-002 1.0080e-004 8.9203e-003 8.0861e-003 1.0668e-004 2.1743e-002 6.7952e-002 1.0044e-001 9.8156e-002 7.0174e-002 3.7230e-002 1.3656e-002 2.5161e-003 1.2751e-007 1.1148e-003 2.6039e-003 3.2295e-003 2.9875e-003 2.2828e-003 1.4807e-003 7.2033e-004
           9 1.8650e-008 2.4141e-001 1.6136e-001 1.0834e-004 7.2869e-002 1.9997e-005 1.1353e-002 2.0437e-002 3.4043e-002 4.9051e-004 2.3763e-002 1.5765e-003 1.3175e-002 2.2280e-002 3.3973e-003 2.6532e-003 9.2804e-003 2.8938e-003 2.2448e-003 2.5432e-002 5.9877e-002 8.1376e-002 7.9039e-002 5.9230e-002 3.4993e-002 1.5895e-002 4.9471e-003 6.4024e-004 5.0676e-005 7.5250e-004 1.3965e-003 1.5033e-003 9.9334e-004
          10 1.2501e-009 6.0100e-002 3.6912e-001 2.8606e-004 4.3088e-002 7.0486e-002 9.5313e-005 1.9849e-002 7.0312e-003 2.0717e-002 2.6774e-003 2.2351e-002 3.5608e-003 7.7812e-003 2.0372e-002 7.3120e-003 1.8596e-004 6.4203e-003 5.9667e-003 1.7518e-004 6.3594e-003 2.8350e-002 5.2977e-002 6.5735e-002 6.2272e-002 4.7799e-002 3.0460e-002 1.6071e-002 6.7684e-003 2.0516e-003 3.1421e-004 8.0102e-009 5.3233e-005
          11 4.0741e-010 7.1843e-004 1.2569e-001 1.2380e-003 4.1471e-001 1.7880e-002 9.2446e-003 2.7277e-002 2.2473e-002 1.0518e-002 1.3781e-002 2.6951e-003 1.8310e-002 3.1756e-003 5.2698e-003 1.6968e-002 8.8081e-003 8.5440e-005 3.6914e-003 6.2289e-003 1.8381e-003 7.7283e-004 1.1452e-002 3.0000e-002 4.5970e-002 5.2041e-002 4.7724e-002 3.7053e-002 2.4880e-002 1.4606e-002 7.4871e-003 3.3182e-003 1.1543e-003
          12 1.4241e-009 8.2093e-004 3.0574e-005 2.5530e-004 1.4464e-001 4.5496e-001 2.4196e-002 1.5871e-002 1.1133e-002 8.2305e-003 2.6854e-002 7.0792e-003 3.6278e-003 1.5468e-002 1.9740e-003 4.2871e-003 1.3835e-002 8.1503e-003 3.5176e-004 2.1121e-003 5.2028e-003 2.8276e-003 8.6584e-007 4.2064e-003 1.5886e-002 2.9209e-002 3.7965e-002 3.9472e-002 3.4750e-002 2.6768e-002 1.8293e-002 1.1013e-002 5.1010e-003
          13 2.5115e-009 6.3016e-006 3.3894e-003 3.7769e-005 1.0031e-002 8.1898e-002 9.0954e-002 4.0316e-001 1.0250e-001 3.8294e-004 5.7313e-003 4.5288e-002 1.2331e-004 4.4222e-003 1.3366e-002 4.4446e-004 4.3384e-003 1.1415e-002 6.2288e-003 3.0971e-004 1.4526e-003 4.1008e-003 2.7817e-003 1.6910e-004 1.6101e-003 8.5880e-003 1.8097e-002 2.5776e-002 2.8915e-002 2.7362e-002 2.2466e-002 1.5905e-002 8.3513e-003
          14 2.3718e-009 1.5305e-005 5.9756e-004 2.9188e-006 2.8016e-003 5.0417e-002 1.3185e-003 5.3176e-003 2.9248e-001 2.2777e-001 7.5389e-002 3.0260e-002 8.8313e-002 1.7819e-002 3.3817e-004 1.5812e-002 7.6707e-004 3.5325e-003 1.0082e-002 3.3954e-003 1.1020e-004 1.3963e-003 3.1527e-003 2.1548e-003 2.1151e-004 8.3630e-004 5.1724e-003 1.1423e-002 1.6848e-002 1.9439e-002 1.8620e-002 1.4895e-002 8.5318e-003
          15 1.5190e-009 1.1289e-005 9.2820e-006 5.6187e-006 3.1269e-003 1.9550e-003 5.7521e-003 5.7839e-002 7.8010e-002 2.6253e-003 1.3422e-001 1.4561e-001 6.9141e-002 1.5338e-001 1.1953e-001 1.9228e-002 4.2515e-002 2.0956e-002 1.3460e-006 1.5225e-002 8.0930e-005 1.7808e-004 2.3362e-003 1.7835e-003 1.5434e-003 4.4825e-005 6.7891e-004 3.6197e-003 7.5789e-003 1.0658e-002 1.1836e-002 1.0566e-002 6.4952e-003
          16 7.4539e-010 3.8615e-006 1.0665e-005 2.2561e-006 1.0333e-003 5.9927e-004 4.6836e-003 2.5819e-002 2.9182e-004 5.2520e-002 1.1686e-001 1.3205e-002 8.0457e-003 7.2215e-003 6.0135e-002 1.5753e-001 8.6543e-002 1.1117e-001 1.2067e-001 3.5600e-002 6.3490e-002 2.1169e-002 1.0470e-002 1.5417e-002 6.9360e-004 4.2292e-003 9.9195e-004 1.0018e-004 4.0978e-003 3.9620e-003 6.6062e-003 5.8456e-003 3.7930e-003
          17 2.5040e-010 9.1651e-007 1.0115e-005 5.7826e-007 2.2267e-004 7.9026e-004 1.4869e-003 5.8720e-003 2.4644e-003 2.8371e-002 2.7881e-002 1.9481e-003 2.4286e-002 1.3664e-002 2.9856e-002 2.8595e-002 1.2135e-004 8.1486e-004 9.6834e-003 5.6893e-002 4.7002e-002 9.1941e-002 9.6397e-002 8.1593e-002 1.0354e-001 6.8173e-002 6.8347e-002 5.8977e-002 3.1602e-002 4.7806e-002 1.1359e-002 2.9485e-002 2.1419e-003
