   v'->v''           0           1           2           3           4           5           6           7           8           9          10          11          12          13          14
           0 1.0896e-001 3.0436e-001 3.3438e-001 1.8639e-001 5.6191e-002 8.9634e-003 6.8934e-004 2.2646e-005 4.4652e-007 4.1031e-010 4.9802e-008 5.1250e-009 6.7379e-009 3.1186e-010 3.7402e-011
           1 1.7470e-001 1.5297e-001 2.3588e-005 1.7159e-001 2.9248e-001 1.6325e-001 4.0236e-002 4.5765e-003 2.5115e-004 6.2305e-006 3.3495e-007 1.8355e-007 3.6794e-008 4.2237e-009 5.5309e-010
           2 1.6820e-001 2.4033e-002 8.1140e-002 9.9743e-002 7.5516e-003 2.1736e-001 2.6817e-001 1.1206e-001 2.0234e-002 1.4815e-003 4.2320e-006 9.8343e-006 6.7723e-007 3.8387e-009 1.6049e-008
           3 1.3536e-001 2.3858e-004 9.7829e-002 2.0164e-003 1.0436e-001 4.5045e-002 5.8840e-002 2.8272e-001 2.1587e-001 5.4530e-002 3.0523e-003 6.5627e-005 6.2006e-006 6.0078e-006 2.1465e-006
           4 1.0874e-001 1.6068e-002 6.2161e-002 2.1494e-002 7.0409e-002 1.6025e-002 1.2415e-001 3.9600e-004 1.9907e-001 2.9271e-001 8.6387e-002 1.8588e-003 4.7987e-004 2.8597e-005 8.4088e-007
           5 8.0110e-002 3.6362e-002 2.2081e-002 5.3809e-002 1.0269e-002 7.0775e-002 1.2223e-002 9.1553e-002 4.1478e-002 1.1446e-001 3.5779e-001 1.0798e-001 4.1474e-006 6.3642e-004 1.9954e-004
           6 8.3249e-027 5.4836e-027 1.1193e-027 7.2967e-027 2.9981e-029 8.7102e-027 8.0130e-029 1.1740e-026 3.0926e-029 1.7851e-026 5.3466e-029 3.7681e-025 5.3244e-022 1.2447e-015 3.3446e-005
           7 7.6707e-024 5.8188e-024 6.4071e-025 7.2270e-024 4.7100e-026 7.9110e-024 7.4660e-025 9.9563e-024 1.2054e-024 1.4140e-023 3.8161e-024 1.5571e-022 4.4175e-020 5.0564e-014 9.3790e-005
           8 1.5616e-010 1.3053e-010 8.1714e-012 1.5279e-010 5.1507e-012 1.5408e-010 3.3548e-011 1.7804e-010 6.0798e-011 2.2884e-010 1.6927e-010 1.1512e-009 2.5542e-010 2.6902e-011 2.3599e-004
           9 9.9350e-021 8.5461e-021 4.3721e-022 9.8090e-021 4.5226e-022 9.6140e-021 2.5689e-021 1.0749e-020 4.7195e-021 1.3266e-020 1.2576e-020 4.9053e-020 1.3982e-018 9.7776e-013 1.6238e-004
          10 4.3683e-020 4.2053e-020 7.3503e-022 4.4213e-020 5.1415e-021 3.7862e-020 2.0409e-020 3.5503e-020 3.7744e-020 3.4595e-020 8.3683e-020 1.6348e-020 4.3364e-017 1.1985e-011 2.5965e-004
          11 1.8690e-018 1.9912e-018 4.5533e-021 1.9021e-018 4.0626e-019 1.3851e-018 1.3028e-018 1.0071e-018 2.3164e-018 6.4554e-019 4.2874e-018 2.0964e-019 9.7366e-016 1.0586e-010 4.1445e-004
          12 2.7137e-016 3.1695e-016 2.6042e-019 2.7294e-016 9.1951e-017 1.6362e-016 2.5107e-016 8.1215e-017 4.1759e-016 1.9836e-017 6.4241e-016 1.9614e-016 2.7328e-014 7.2777e-010 6.3642e-004
          13 4.4888e-004 5.5677e-004 3.4545e-006 4.4342e-004 1.9524e-004 2.2605e-004 4.8280e-004 7.4444e-005 7.5598e-004 9.4763e-007 1.0108e-003 5.1500e-004 5.6890e-003 3.4863e-004 2.2036e-003
          14 4.9325e-014 6.2642e-014 6.0743e-016 4.8259e-014 2.3492e-014 2.2857e-014 5.5893e-014 5.9986e-015 8.5130e-014 9.8698e-017 1.0706e-013 6.4287e-014 1.4233e-013 4.0659e-009 9.3281e-004
          15 9.5593e-014 1.3108e-013 3.4645e-015 8.9638e-014 5.9662e-014 3.1735e-014 1.2500e-013 2.0351e-015 1.7097e-013 1.1324e-014 1.7027e-013 1.6901e-013 2.9842e-013 1.9633e-008 1.3377e-003
          16 1.6608e-012 2.4435e-012 1.2011e-013 1.4716e-012 1.2906e-012 3.5931e-013 2.3917e-012 5.1462e-015 2.8793e-012 6.3413e-013 2.1537e-012 3.5481e-012 9.3429e-012 8.4649e-008 1.9096e-003
          17 1.2010e-010 1.8855e-010 1.4411e-011 9.9180e-011 1.1177e-010 1.4684e-011 1.8333e-010 7.5899e-012 1.9003e-010 8.8623e-011 9.7672e-011 2.8677e-010 4.4993e-010 3.7217e-007 2.7238e-003
          18 2.7888e-002 4.5514e-002 4.3546e-003 2.1863e-002 2.8636e-002 2.1027e-003 4.3433e-002 3.8477e-003 4.0380e-002 2.7536e-002 1.5121e-002 6.8817e-002 7.1031e-002 5.5554e-001 1.0586e-002
          19 5.5308e-009 9.2198e-009 9.8781e-010 4.1992e-009 5.9762e-009 2.9666e-010 8.6656e-009 1.0595e-009 7.5335e-009 6.2531e-009 2.2583e-009 1.3721e-008 1.1464e-008 5.6812e-007 3.8960e-003
          20 7.9674e-009 1.4040e-008 1.9709e-009 5.4859e-009 9.7483e-009 1.0088e-010 1.2458e-008 2.9829e-009 8.7929e-009 1.2031e-008 1.0551e-009 1.9065e-008 1.1493e-008 3.1425e-006 5.6372e-003
          21 8.8564e-008 1.6431e-007 2.8823e-008 5.4531e-008 1.2017e-007 3.3703e-012 1.3479e-007 5.2789e-008 7.3995e-008 1.6275e-007 6.8684e-010 1.8940e-007 1.2739e-007 1.4198e-005 8.4925e-003
          22 6.8720e-006 1.3372e-005 2.8302e-006 3.7295e-006 1.0160e-005 1.0429e-007 9.9505e-006 5.7775e-006 4.0030e-006 1.4348e-005 2.2046e-007 1.2137e-005 1.1881e-005 1.9063e-004 1.5400e-002
          23 1.8463e-002 3.6589e-002 8.2858e-003 9.4826e-003 2.8133e-002 5.3137e-004 2.6044e-002 1.7401e-002 9.0340e-003 3.9947e-002 1.4756e-003 2.9486e-002 3.4621e-002 1.9883e-001 2.9085e-001
          24 2.9057e-005 5.9101e-005 1.4687e-005 1.3692e-005 4.6105e-005 1.6381e-006 3.9193e-005 3.1779e-005 1.0569e-005 6.5327e-005 5.3848e-006 3.8931e-005 6.0502e-005 5.4654e-005 1.6406e-002
          25 5.7592e-005 1.2201e-004 3.4805e-005 2.3217e-005 9.6769e-005 6.9406e-006 7.0994e-005 7.7195e-005 1.1119e-005 1.3347e-004 2.5043e-005 5.3213e-005 1.3397e-004 1.2474e-006 3.6262e-002
          26 6.4201e-004 1.4102e-003 4.5167e-004 2.1942e-004 1.1277e-003 1.2890e-004 7.1345e-004 1.0036e-003 5.0952e-005 1.4808e-003 4.7103e-004 3.6984e-004 1.5330e-003 1.6990e-005 1.1864e-001
          27 6.4624e-003 1.4515e-002 4.9773e-003 1.9652e-003 1.1628e-002 1.6914e-003 6.6511e-003 1.0978e-002 2.0836e-004 1.4629e-002 6.1180e-003 2.5103e-003 1.5103e-002 1.0265e-003 3.4110e-001
          28 3.2853e-003 7.5267e-003 2.7383e-003 8.8974e-004 6.0271e-003 1.0639e-003 3.1276e-003 5.9678e-003 2.4000e-005 7.2347e-003 3.7808e-003 8.0798e-004 7.3461e-003 1.3892e-003 3.3225e-002
          29 2.0555e-003 4.8496e-003 1.9209e-003 4.5726e-004 3.8659e-003 8.8359e-004 1.7098e-003 4.0760e-003 7.1182e-006 4.2570e-003 3.0206e-003 1.8212e-004 4.1146e-003 2.0476e-003 6.5410e-005
          30 2.4463e-003 5.9351e-003 2.5410e-003 4.3628e-004 4.6901e-003 1.3364e-003 1.7458e-003 5.2058e-003 9.8164e-005 4.6611e-003 4.3491e-003 2.5095e-005 4.1813e-003 3.7752e-003 3.1632e-003
          31 2.7935e-003 6.9570e-003 3.1964e-003 3.8901e-004 5.4304e-003 1.8707e-003 1.6799e-003 6.2815e-003 3.1566e-004 4.7982e-003 5.7530e-003 2.1608e-005 3.9061e-003 5.3154e-003 2.4341e-003
          32 2.7241e-003 6.9607e-003 3.4210e-003 2.8252e-004 5.3456e-003 2.1912e-003 1.3399e-003 6.3995e-003 6.0672e-004 4.1078e-003 6.3127e-003 2.0870e-004 2.9456e-003 5.6019e-003 2.8770e-004
          33 2.5387e-003 6.6549e-003 3.4906e-003 1.8282e-004 5.0070e-003 2.4153e-003 9.8129e-004 6.1650e-003 9.3919e-004 3.2537e-003 6.4573e-003 5.4919e-004 1.9711e-003 5.1406e-003 2.3203e-004
          34 2.4020e-003 6.4562e-003 3.6036e-003 1.0871e-004 4.7392e-003 2.6617e-003 6.9453e-004 5.9637e-003 1.3240e-003 2.5218e-003 6.5463e-003 1.0101e-003 1.2136e-003 4.4591e-003 1.4078e-003
          35 2.2978e-003 6.3288e-003 3.7472e-003 5.5703e-005 4.5145e-003 2.9232e-003 4.6604e-004 5.7706e-003 1.7499e-003 1.8922e-003 6.5600e-003 1.5586e-003 6.5220e-004 3.6926e-003 2.4302e-003
          36 2.1971e-003 6.1966e-003 3.8801e-003 2.0856e-005 4.2786e-003 3.1676e-003 2.8498e-004 5.5228e-003 2.1877e-003 1.3437e-003 6.4335e-003 2.1464e-003 2.6859e-004 2.9049e-003 2.7856e-003
          37 2.0931e-003 6.0407e-003 3.9889e-003 3.0356e-006 4.0218e-003 3.3808e-003 1.4988e-004 5.2130e-003 2.6127e-003 8.8345e-004 6.1627e-003 2.7268e-003 5.6161e-005 2.1649e-003 2.5850e-003
          38 1.9902e-003 5.8732e-003 4.0790e-003 9.8015e-007 3.7559e-003 3.5644e-003 5.9682e-005 4.8625e-003 3.0118e-003 5.2130e-004 5.7807e-003 3.2672e-003 1.0031e-006 1.5222e-003 2.1173e-003
          39 1.8919e-003 5.7051e-003 4.1568e-003 1.3111e-005 3.4911e-003 3.7221e-003 1.1315e-005 4.4903e-003 3.3773e-003 2.5862e-004 5.3218e-003 3.7457e-003 8.0973e-005 9.9693e-004 1.6024e-003
          40 1.7963e-003 5.5315e-003 4.2182e-003 3.7743e-005 3.2266e-003 3.8495e-003 6.8214e-007 4.1016e-003 3.6969e-003 9.0730e-005 4.8049e-003 4.1397e-003 2.6958e-004 5.9034e-004 1.1462e-003
          41 1.7031e-003 5.3518e-003 4.2619e-003 7.3088e-005 2.9645e-003 3.9448e-003 2.3256e-005 3.7050e-003 3.9625e-003 1.0385e-005 4.2530e-003 4.4354e-003 5.3790e-004 2.9772e-004 7.8192e-004
          42 1.6141e-003 5.1725e-003 4.2925e-003 1.1744e-004 2.7104e-003 4.0124e-003 7.4187e-005 3.3128e-003 4.1740e-003 7.7095e-006 3.6928e-003 4.6320e-003 8.5776e-004 1.1043e-004 5.0726e-004
          43 1.5296e-003 4.9955e-003 4.3116e-003 1.6923e-004 2.4667e-003 4.0544e-003 1.4870e-004 2.9322e-003 4.3317e-003 7.1302e-005 3.1434e-003 4.7317e-003 1.2035e-003 1.6768e-005 3.0708e-004
          44 1.4495e-003 4.8218e-003 4.3204e-003 2.2695e-004 2.2349e-003 4.0727e-003 2.4217e-004 2.5688e-003 4.4368e-003 1.8926e-004 2.6200e-003 4.7405e-003 1.5528e-003 3.8016e-006 1.6664e-004
          45 1.3741e-003 4.6526e-003 4.3202e-003 2.8925e-004 2.0161e-003 4.0696e-003 3.5025e-004 2.2269e-003 4.4924e-003 3.4973e-004 2.1345e-003 4.6680e-003 1.8874e-003 5.7619e-005 7.4374e-005
          46 1.3026e-003 4.4869e-003 4.3105e-003 3.5478e-004 1.8103e-003 4.0459e-003 4.6887e-004 1.9088e-003 4.5007e-003 5.4134e-004 1.6945e-003 4.5238e-003 2.1927e-003 1.6381e-004 2.1445e-005
          47 1.2352e-003 4.3257e-003 4.2929e-003 4.2249e-004 1.6181e-003 4.0044e-003 5.9448e-004 1.6168e-003 4.4669e-003 7.5377e-004 1.3056e-003 4.3208e-003 2.4592e-003 3.0816e-004 8.2389e-007
          48 1.1705e-003 4.1655e-003 4.2643e-003 4.9096e-004 1.4384e-003 3.9436e-003 7.2330e-004 1.3506e-003 4.3920e-003 9.7691e-004 9.6952e-004 4.0679e-003 2.6781e-003 4.7691e-004 6.5477e-006
          49 1.1092e-003 4.0087e-003 4.2274e-003 5.5939e-004 1.2719e-003 3.8673e-003 8.5259e-004 1.1116e-003 4.2829e-003 1.2027e-003 6.8792e-004 3.7794e-003 2.8471e-003 6.5791e-004 3.3362e-005
          50 1.0504e-003 3.8535e-003 4.1807e-003 6.2659e-004 1.1181e-003 3.7758e-003 9.7930e-004 8.9943e-004 4.1429e-003 1.4231e-003 4.5953e-004 3.4654e-003 2.9640e-003 8.4026e-004 7.6478e-005
          51 9.9620e-004 3.7081e-003 4.1337e-003 6.9319e-004 9.7881e-004 3.6788e-003 1.1034e-003 7.1522e-004 3.9858e-003 1.6356e-003 2.8268e-004 3.1437e-003 3.0364e-003 1.0174e-003 1.3170e-004
          52 9.4484e-004 3.5666e-003 4.0807e-003 7.5780e-004 8.5181e-004 3.5724e-003 1.2221e-003 5.5621e-004 3.8098e-003 1.8339e-003 1.5273e-004 2.8177e-003 3.0630e-003 1.1819e-003 1.9494e-004
          53 8.9641e-004 3.4299e-003 4.0235e-003 8.2006e-004 7.3685e-004 3.4593e-003 1.3341e-003 4.2131e-004 3.6206e-003 2.0149e-003 6.5521e-005 2.4961e-003 3.0485e-003 1.3294e-003 2.6242e-004
          54 8.5123e-004 3.3000e-003 3.9648e-003 8.8014e-004 6.3365e-004 3.3429e-003 1.4393e-003 3.0904e-004 3.4242e-003 2.1778e-003 1.6277e-005 2.1863e-003 2.9993e-003 1.4578e-003 3.3097e-004
          55 8.0856e-004 3.1746e-003 3.9026e-003 9.3729e-004 5.4105e-004 3.2224e-003 1.5365e-003 2.1732e-004 3.2218e-003 2.3198e-003 3.3292e-008 1.8916e-003 2.9186e-003 1.5644e-003 3.9763e-004
          56 7.6787e-004 3.0521e-003 3.8356e-003 9.9071e-004 4.5818e-004 3.0975e-003 1.6240e-003 1.4435e-004 3.0150e-003 2.4390e-003 1.1924e-005 1.6148e-003 2.8099e-003 1.6477e-003 4.5990e-004
          57 7.2962e-004 2.9347e-003 3.7669e-003 1.0410e-003 3.8477e-004 2.9717e-003 1.7028e-003 8.8442e-005 2.8089e-003 2.5369e-003 4.7204e-005 1.3600e-003 2.6805e-003 1.7087e-003 5.1648e-004
          58 6.9346e-004 2.8216e-003 3.6960e-003 1.0877e-003 3.2000e-004 2.8452e-003 1.7724e-003 4.7760e-005 2.6052e-003 2.6134e-003 1.0139e-004 1.1284e-003 2.5346e-003 1.7478e-003 5.6622e-004
          59 6.5912e-004 2.7119e-003 3.6225e-003 1.1305e-003 2.6320e-004 2.7182e-003 1.8324e-003 2.0562e-005 2.4053e-003 2.6686e-003 1.7024e-004 9.2067e-004 2.3762e-003 1.7658e-003 6.0835e-004
          60 6.2712e-004 2.6082e-003 3.5502e-003 1.1705e-003 2.1393e-004 2.5941e-003 1.8847e-003 5.1801e-006 2.2130e-003 2.7063e-003 2.5019e-004 7.3772e-004 2.2118e-003 1.7661e-003 6.4320e-004
          61 5.9683e-004 2.5083e-003 3.4765e-003 1.2069e-003 1.7137e-004 2.4715e-003 1.9282e-003 1.7491e-008 2.0276e-003 2.7256e-003 3.3776e-004 5.7840e-004 2.0430e-003 1.7491e-003 6.7024e-004
          62 5.6835e-004 2.4129e-003 3.4032e-003 1.2401e-003 1.3497e-004 2.3516e-003 1.9640e-003 3.6073e-006 1.8509e-003 2.7291e-003 4.3015e-004 4.4203e-004 1.8738e-003 1.7176e-003 6.8988e-004
          63 5.4150e-004 2.3216e-003 3.3299e-003 1.2701e-003 1.0415e-004 2.2348e-003 1.9922e-003 1.4597e-005 1.6833e-003 2.7179e-003 5.2480e-004 3.2737e-004 1.7066e-003 1.6734e-003 7.0231e-004
          64 5.1635e-004 2.2350e-003 3.2579e-003 1.2974e-003 7.8397e-005 2.1219e-003 2.0139e-003 3.1761e-005 1.5257e-003 2.6946e-003 6.1978e-004 2.3304e-004 1.5443e-003 1.6191e-003 7.0818e-004
          65 4.9227e-004 2.1505e-003 3.1841e-003 1.3208e-003 5.7118e-005 2.0111e-003 2.0275e-003 5.3946e-005 1.3766e-003 2.6577e-003 7.1265e-004 1.5723e-004 1.3868e-003 1.5552e-003 7.0730e-004
          66 4.6979e-004 2.0708e-003 3.1126e-003 1.3419e-003 3.9938e-005 1.9051e-003 2.0359e-003 8.0192e-005 1.2381e-003 2.6122e-003 8.0278e-004 9.8533e-005 1.2376e-003 1.4854e-003 7.0118e-004
          67 4.4824e-004 1.9930e-003 3.0395e-003 1.3592e-003 2.6364e-005 1.8017e-003 2.0372e-003 1.0950e-004 1.1085e-003 2.5562e-003 8.8802e-004 5.5118e-005 1.0960e-003 1.4096e-003 6.8962e-004
          68 4.2755e-004 1.9171e-003 2.9650e-003 1.3728e-003 1.6017e-005 1.7010e-003 2.0315e-003 1.4098e-004 9.8789e-004 2.4909e-003 9.6720e-004 2.5366e-005 9.6289e-004 1.3296e-003 6.7332e-004
          69 4.0744e-004 1.8419e-003 2.8875e-003 1.3817e-003 8.5381e-006 1.6024e-003 2.0181e-003 1.7371e-004 8.7572e-004 2.4164e-003 1.0388e-003 7.6611e-006 8.3871e-004 1.2462e-003 6.5263e-004
          70 3.8638e-004 1.7605e-003 2.7960e-003 1.3804e-003 3.5871e-006 1.5003e-003 1.9893e-003 2.0595e-004 7.6921e-004 2.3247e-003 1.0973e-003 3.9402e-007 7.2138e-004 1.1565e-003 6.2583e-004
          71 3.6207e-004 1.6622e-003 2.6728e-003 1.3589e-003 8.6168e-007 1.3867e-003 1.9320e-003 2.3460e-004 6.6523e-004 2.2030e-003 1.1328e-003 1.8186e-006 6.0877e-004 1.0557e-003 5.8986e-004
