   v'->v''           0           1           2           3           4           5           6           7           8           9          10          11          12          13          14          15          16          17          18          19          20          21          22          23          24          25          26          27          28          29          30          31          32          33          34          35          36
           0 4.3443e-001 3.1906e-001 1.5313e-001 6.0847e-002 2.1708e-002 7.2988e-003 2.3897e-003 7.7357e-004 2.4845e-004 7.9503e-005 2.5665e-005 8.4822e-006 2.8739e-006 9.7838e-007 3.2500e-007 1.0433e-007 3.3819e-008 1.2358e-008 5.6358e-009 3.0598e-009 1.6178e-009 6.2971e-010 9.4440e-011 1.7248e-011 2.1488e-010 4.3281e-010 5.1376e-010 4.4710e-010 3.0733e-010 1.7190e-010 7.9230e-011 3.0529e-011 1.0363e-011 3.6134e-012 1.6162e-012 8.2802e-013 2.4234e-013
           1 4.0189e-001 1.3260e-002 1.6923e-001 1.8658e-001 1.2177e-001 6.1934e-002 2.7351e-002 1.1106e-002 4.2937e-003 1.6210e-003 6.0897e-004 2.2961e-004 8.6474e-005 3.2149e-005 1.1726e-005 4.2384e-006 1.5597e-006 6.0188e-007 2.4533e-007 1.0249e-007 4.1351e-008 1.4988e-008 4.4700e-009 9.3420e-010 7.2951e-011 1.5070e-011 1.1426e-010 2.1760e-010 3.1367e-010 4.0760e-010 4.9111e-010 5.4420e-010 5.4688e-010 4.8964e-010 3.7525e-010 2.1188e-010 5.9334e-011
           2 1.4739e-001 3.6509e-001 2.8334e-002 3.9514e-002 1.1852e-001 1.2243e-001 8.6009e-002 4.9017e-002 2.4402e-002 1.1085e-002 4.7653e-003 2.0002e-003 8.3684e-004 3.5188e-004 1.4882e-004 6.3138e-005 2.6687e-005 1.1078e-005 4.4208e-006 1.6586e-006 5.7895e-007 1.9208e-007 6.5756e-008 2.6950e-008 1.4834e-008 1.0349e-008 7.6959e-009 5.2593e-009 2.9931e-009 1.2810e-009 3.2501e-010 1.0554e-011 5.7110e-011 1.9934e-010 2.7114e-010 2.0359e-010 6.3491e-011
           3 1.6219e-002 2.7210e-001 2.6055e-001 8.1139e-002 3.3446e-003 6.1836e-002 9.3650e-002 8.3479e-002 5.8070e-002 3.4554e-002 1.8390e-002 9.0410e-003 4.2084e-003 1.8913e-003 8.3698e-004 3.7271e-004 1.6991e-004 7.9571e-005 3.7812e-005 1.7869e-005 8.2488e-006 3.6788e-006 1.5735e-006 6.3837e-007 2.3992e-007 7.9694e-008 2.1399e-008 3.8117e-009 2.1265e-010 3.8232e-011 9.6391e-011 1.6778e-011 2.3859e-011 1.6477e-010 2.9129e-010 2.4788e-010 8.0800e-011
           4 2.4948e-005 3.0438e-002 3.3954e-001 1.7486e-001 1.1580e-001 1.9711e-003 2.9140e-002 7.0314e-002 7.7481e-002 6.2800e-002 4.2717e-002 2.5859e-002 1.4397e-002 7.5116e-003 3.7278e-003 1.7908e-003 8.4848e-004 4.0245e-004 1.9277e-004 9.3748e-005 4.6508e-005 2.3593e-005 1.2178e-005 6.3019e-006 3.1983e-006 1.5551e-006 7.1000e-007 2.9977e-007 1.1564e-007 4.0205e-008 1.2273e-008 3.0810e-009 5.2218e-010 2.1173e-011 1.8873e-011 4.4047e-011 1.7624e-011
           5 7.2301e-006 9.8255e-005 4.9004e-002 3.9727e-001 1.2207e-001 1.2124e-001 1.3324e-002 9.7695e-003 4.6260e-002 6.3628e-002 5.9411e-002 4.5304e-002 3.0532e-002 1.8885e-002 1.0901e-002 5.9518e-003 3.1226e-003 1.5961e-003 8.0208e-004 3.9969e-004 2.0003e-004 1.0211e-004 5.3712e-005 2.9074e-005 1.6007e-005 8.8387e-006 4.8499e-006 2.6375e-006 1.4224e-006 7.5959e-007 3.9850e-007 2.0232e-007 9.7434e-008 4.3556e-008 1.7644e-008 5.9986e-009 1.3094e-009
           6 9.8588e-031 2.2217e-030 1.9801e-028 7.0375e-027 3.2002e-025 2.8253e-024 2.9774e-023 4.4507e-022 9.9591e-021 2.0681e-019 3.7030e-018 5.7545e-017 1.1350e-015 1.9710e-014 2.7846e-013 4.0291e-012 4.8403e-011 6.0046e-010 5.7745e-009 5.2744e-008 4.2079e-007 3.0263e-006 1.9625e-005 1.0518e-004 5.1556e-004 2.1457e-003 7.7935e-003 2.3967e-002 6.2090e-002 1.3182e-001 2.2046e-001 2.7016e-001 2.0889e-001 6.8294e-002 6.0859e-004 1.8835e-003 3.2096e-004
           7 1.1817e-027 2.5778e-030 1.9476e-028 9.8118e-024 1.5451e-022 5.1020e-022 3.0888e-021 4.3632e-020 8.1548e-019 1.4692e-017 2.3542e-016 3.3293e-015 5.7656e-014 8.8489e-013 1.1248e-011 1.4341e-010 1.5361e-009 1.6438e-008 1.3987e-007 1.1053e-006 7.5937e-006 4.6204e-005 2.4676e-004 1.1006e-003 4.2707e-003 1.3803e-002 3.6681e-002 7.7183e-002 1.2004e-001 1.1899e-001 4.5545e-002 4.6025e-003 1.6505e-001 3.1163e-001 8.3419e-002 1.0823e-002 3.0223e-004
           8 2.6676e-014 7.6667e-015 3.8756e-013 1.6131e-010 1.1913e-009 2.8907e-010 2.8554e-010 6.5396e-011 5.7761e-012 7.8417e-011 1.3317e-010 1.4868e-010 9.7289e-011 1.7729e-010 3.4813e-011 2.7234e-009 1.9539e-008 2.0296e-007 1.5398e-006 1.0952e-005 6.6956e-005 3.5843e-004 1.6526e-003 6.3549e-003 2.0548e-002 5.3893e-002 1.1027e-001 1.6398e-001 1.5058e-001 4.9378e-002 7.4010e-003 1.5481e-001 1.9346e-001 1.0979e-002 3.7860e-002 1.1016e-003 1.4554e-004
           9 1.7170e-024 7.1350e-025 3.4599e-023 9.0498e-021 5.0056e-020 9.1345e-022 3.3669e-019 1.8466e-018 3.2149e-017 5.0875e-016 7.1918e-015 9.2561e-014 1.4056e-012 1.9065e-011 2.1765e-010 2.4458e-009 2.3325e-008 2.1579e-007 1.6207e-006 1.1075e-005 6.5393e-005 3.3604e-004 1.4800e-003 5.4238e-003 1.6542e-002 4.0485e-002 7.5804e-002 9.9405e-002 7.3432e-002 1.1866e-002 1.7438e-002 8.6668e-002 2.3372e-002 1.0567e-001 3.6564e-001 2.6239e-003 8.3212e-003
          10 7.0904e-024 4.7401e-024 2.1106e-022 1.8171e-020 8.3914e-021 9.6382e-019 9.1422e-018 6.0024e-017 8.3078e-016 1.1218e-014 1.4140e-013 1.6421e-012 2.1888e-011 2.6225e-010 2.6848e-009 2.6598e-008 2.2554e-007 1.8080e-006 1.1957e-005 7.0614e-005 3.5745e-004 1.5470e-003 5.6085e-003 1.6632e-002 3.9200e-002 6.9718e-002 8.4483e-002 5.4348e-002 5.1451e-003 1.9604e-002 6.5921e-002 1.6972e-002 2.6773e-002 2.8374e-002 1.7161e-001 1.9477e-001 5.0362e-002
          11 2.3713e-022 9.9621e-023 5.5300e-021 2.3064e-019 7.8680e-019 5.9864e-017 2.8087e-016 1.3344e-015 1.5807e-014 1.8176e-013 2.0212e-012 2.1140e-011 2.4701e-010 2.6139e-009 2.3953e-008 2.0924e-007 1.5751e-006 1.0963e-005 6.3668e-005 3.2450e-004 1.4033e-003 5.0904e-003 1.5092e-002 3.5479e-002 6.2536e-002 7.4855e-002 4.7432e-002 4.4484e-003 1.6168e-002 5.4566e-002 1.6788e-002 1.5756e-002 4.6714e-002 1.7935e-003 7.4157e-004 2.9023e-001 1.6893e-002
          12 2.2060e-020 7.5351e-022 2.8026e-019 4.8835e-018 3.2995e-016 5.8597e-015 1.0093e-014 2.0470e-014 2.4686e-013 2.3327e-012 2.2638e-011 2.1308e-010 2.1762e-009 2.0335e-008 1.6638e-007 1.2812e-006 8.5452e-006 5.1689e-005 2.6273e-004 1.1527e-003 4.2361e-003 1.2777e-002 3.0562e-002 5.5218e-002 6.8359e-002 4.6343e-002 6.2676e-003 1.0609e-002 4.6569e-002 2.0656e-002 6.5681e-003 4.3463e-002 4.4749e-004 4.2638e-002 3.0732e-003 6.3653e-002 7.7761e-003
          13 2.3014e-008 3.2549e-009 1.3901e-007 4.6503e-007 5.9862e-004 5.3230e-003 1.4726e-003 8.3254e-004 3.3312e-004 3.2138e-006 1.9754e-004 4.1697e-004 4.9056e-004 4.2562e-004 3.7768e-004 1.7601e-004 3.4901e-004 1.3194e-005 1.4124e-003 2.7824e-003 1.2279e-002 2.8466e-002 6.1341e-002 8.6366e-002 7.9254e-002 2.6443e-002 1.1636e-003 4.5657e-002 5.0629e-002 5.7398e-004 4.3405e-002 2.6418e-002 2.0138e-002 3.2388e-002 7.4484e-003 3.1164e-002 1.6508e-003
          14 2.0013e-018 9.6441e-019 7.5951e-018 1.2250e-019 6.3271e-014 4.2166e-013 4.5278e-015 9.3183e-013 2.3131e-012 2.4673e-011 2.1523e-010 1.7381e-009 1.5786e-008 1.2922e-007 9.4353e-007 6.3942e-006 3.7701e-005 1.9822e-004 8.7806e-004 3.3022e-003 1.0234e-002 2.5345e-002 4.7782e-002 6.3036e-002 4.8062e-002 1.0302e-002 4.9795e-003 3.8658e-002 2.6439e-002 1.0067e-003 3.6621e-002 7.9655e-003 2.4152e-002 7.2597e-003 4.6817e-002 5.0713e-002 1.1022e-002
          15 1.2847e-018 8.9373e-018 1.4171e-019 3.7735e-016 8.4766e-014 1.5462e-013 1.1008e-012 8.7882e-012 2.9282e-011 2.3000e-010 1.6927e-009 1.2282e-008 9.6648e-008 6.9704e-007 4.5160e-006 2.6915e-005 1.3980e-004 6.3817e-004 2.4503e-003 7.8488e-003 2.0283e-002 4.0445e-002 5.7765e-002 5.0514e-002 1.6464e-002 9.9526e-004 2.9432e-002 3.2031e-002 4.3643e-004 2.5774e-002 1.9338e-002 7.4463e-003 2.4820e-002 7.4207e-003 2.9582e-003 1.2452e-001 8.8321e-003
          16 2.2510e-018 3.0198e-016 1.2249e-016 1.1103e-014 7.6075e-013 2.4577e-015 3.9560e-011 1.3300e-010 2.8079e-010 1.9355e-009 1.1889e-008 7.5285e-008 5.1707e-007 3.2613e-006 1.8705e-005 9.7742e-005 4.4555e-004 1.7610e-003 5.8198e-003 1.5729e-002 3.3340e-002 5.1892e-002 5.2312e-002 2.4148e-002 1.3484e-004 1.9119e-002 3.4926e-002 5.3048e-003 1.3286e-002 2.7870e-002 6.3480e-005 2.7984e-002 4.6080e-004 2.4097e-002 1.5252e-003 2.3312e-002 5.6733e-002
          17 1.1414e-016 2.9906e-014 1.4610e-014 6.8096e-013 2.1567e-011 6.0905e-011 2.7215e-009 3.5339e-009 1.9252e-009 1.6631e-008 7.6145e-008 4.0749e-007 2.4862e-006 1.3476e-005 6.8506e-005 3.1192e-004 1.2428e-003 4.2310e-003 1.1925e-002 2.6820e-002 4.5481e-002 5.2446e-002 3.2217e-002 3.1378e-003 9.3805e-003 3.3291e-002 1.4025e-002 3.4260e-003 2.8787e-002 4.2953e-003 1.7230e-002 1.1798e-002 1.3135e-002 5.2728e-003 2.0057e-002 7.4487e-003 6.3081e-002
          18 1.2453e-007 7.6250e-006 3.2389e-006 1.1694e-004 2.3088e-003 2.6320e-002 4.8799e-001 2.1954e-001 3.2787e-002 3.5277e-002 2.9864e-004 1.0933e-002 2.9204e-002 3.4754e-002 3.3565e-002 2.7369e-002 2.0327e-002 1.4474e-002 9.2157e-003 6.3922e-003 3.4473e-003 2.5003e-003 1.2237e-003 7.7104e-004 5.1886e-004 1.9715e-004 1.6253e-004 1.1327e-004 2.8831e-005 2.8182e-005 3.7107e-005 9.2293e-006 9.8011e-007 3.9299e-006 8.9312e-006 1.6357e-006 2.7679e-006
          19 3.9699e-014 1.5526e-012 5.7451e-013 1.8473e-011 2.7043e-010 6.1817e-009 7.8201e-008 1.0691e-008 6.2846e-008 5.1343e-008 4.3727e-007 2.2235e-006 1.0079e-005 5.1941e-005 2.2101e-004 8.9304e-004 3.0567e-003 8.9413e-003 2.1168e-002 3.8859e-002 5.0622e-002 3.9214e-002 9.6161e-003 2.4379e-003 2.6829e-002 2.3040e-002 1.3044e-005 2.1567e-002 1.4850e-002 4.3689e-003 2.2632e-002 5.9667e-004 2.0089e-002 3.5749e-003 4.3545e-003 4.4685e-002 4.1271e-002
          20 1.2394e-013 2.2272e-012 4.4785e-013 1.1497e-011 4.8215e-011 9.9793e-009 4.8310e-008 2.6591e-008 3.9768e-007 5.1276e-007 2.5282e-006 1.0077e-005 4.0874e-005 1.7619e-004 6.5756e-004 2.2848e-003 6.7270e-003 1.6644e-002 3.2563e-002 4.7216e-002 4.4073e-002 1.8178e-002 2.3887e-008 1.7454e-002 2.8439e-002 3.9554e-003 1.0534e-002 2.3083e-002 9.2605e-005 2.0663e-002 4.3808e-003 1.5733e-002 3.1165e-003 1.6366e-002 1.1547e-003 3.2304e-003 8.7679e-002
          21 2.0483e-012 2.2642e-011 1.3970e-012 3.6687e-011 1.4086e-011 9.1019e-008 1.3463e-007 1.2608e-006 4.8489e-006 3.5102e-006 1.4990e-005 4.5388e-005 1.5011e-004 5.6492e-004 1.7687e-003 5.3243e-003 1.3183e-002 2.7283e-002 4.2760e-002 4.6521e-002 2.6820e-002 2.2860e-003 8.3272e-003 2.8054e-002 1.2429e-002 2.0601e-003 2.3186e-002 6.0521e-003 9.6817e-003 1.5756e-002 2.9568e-003 1.6091e-002 4.0163e-003 7.4916e-003 1.1737e-002 6.1653e-004 7.7773e-002
          22 1.9571e-010 1.5107e-009 4.9352e-013 3.0013e-010 2.6516e-008 4.7325e-006 4.3056e-007 1.4073e-004 2.1552e-004 2.2960e-005 1.5177e-004 2.2828e-004 4.8649e-004 1.8922e-003 4.1074e-003 1.1778e-002 2.2377e-002 3.9568e-002 4.5808e-002 3.4724e-002 7.6790e-003 2.0491e-003 2.2962e-002 2.0408e-002 2.2330e-004 1.6065e-002 1.5403e-002 1.0267e-003 1.9947e-002 9.1366e-004 1.6428e-002 1.4441e-003 1.5368e-002 3.7433e-004 6.0940e-003 1.8036e-002 4.9837e-002
          23 5.5238e-007 3.7656e-006 2.5907e-008 9.2532e-008 9.9431e-005 1.0323e-002 7.1065e-005 3.8371e-001 3.8471e-001 5.3922e-005 5.7792e-002 5.8916e-003 3.4987e-003 2.9065e-002 2.1916e-002 2.9451e-002 1.9958e-002 1.7211e-002 1.2525e-002 7.2053e-003 6.5662e-003 2.9686e-003 2.1404e-003 1.7713e-003 5.4126e-004 4.8635e-004 4.9863e-004 8.9884e-005 5.0778e-005 1.6278e-004 6.3006e-005 2.4410e-008 1.9056e-006 3.5772e-005 3.8714e-005 2.9771e-005 7.4126e-005
          24 9.1014e-010 5.2354e-009 3.0557e-010 2.7270e-010 2.0100e-007 1.1398e-005 5.5437e-006 5.6150e-004 2.4753e-004 1.8765e-004 7.0452e-005 6.4784e-004 2.0390e-003 3.6698e-003 1.1575e-002 1.9059e-002 3.7760e-002 4.3630e-002 4.0986e-002 1.3896e-002 3.3485e-007 1.5843e-002 2.4248e-002 4.6584e-003 7.1382e-003 2.0309e-002 1.2480e-003 1.3847e-002 9.1867e-003 5.9216e-003 1.1927e-002 5.0811e-003 7.2682e-003 1.0018e-002 7.6860e-005 4.5900e-006 8.2926e-002
          25 1.8423e-009 8.1775e-009 2.3255e-009 4.8227e-009 4.2812e-007 1.1055e-005 4.1695e-005 8.0687e-004 4.3773e-006 1.6878e-003 9.9446e-004 3.4486e-003 6.8827e-003 1.0422e-002 2.4750e-002 3.1778e-002 4.9518e-002 3.8688e-002 2.2195e-002 5.3401e-004 8.0892e-003 2.5808e-002 9.9652e-003 1.1991e-003 1.9469e-002 6.9428e-003 4.8494e-003 1.6285e-002 8.2967e-005 1.5634e-002 1.5227e-004 1.4169e-002 3.4735e-004 8.4835e-003 6.9566e-003 1.1984e-005 6.0453e-002
          26 1.9981e-008 6.9918e-008 5.1029e-008 9.8212e-008 4.0596e-006 5.2279e-005 7.0507e-004 5.3826e-003 2.0413e-003 2.7329e-002 9.2467e-003 2.4259e-002 2.9119e-002 2.5348e-002 5.5631e-002 3.3799e-002 5.2100e-002 1.1599e-002 3.1660e-003 1.0367e-002 1.6586e-002 1.5646e-002 4.3768e-004 1.1994e-002 1.2113e-002 1.2957e-003 1.3809e-002 1.8476e-003 1.0849e-002 4.1663e-003 7.7232e-003 3.3120e-003 9.6866e-003 1.7621e-005 4.7109e-003 7.6602e-003 3.3912e-002
          27 1.9387e-007 5.7928e-007 6.9343e-007 1.1594e-006 3.3843e-005 2.6438e-004 7.7842e-003 3.4602e-002 5.0442e-002 2.7279e-001 4.3797e-002 1.0646e-001 6.1788e-002 1.0330e-002 4.5992e-002 2.1135e-003 7.8403e-003 2.6876e-002 6.2885e-004 2.3596e-002 1.5752e-003 2.2159e-004 1.5550e-002 7.6868e-008 1.0905e-003 8.7716e-003 4.0975e-004 4.1325e-003 1.1557e-003 5.4805e-003 5.8267e-004 3.7623e-003 1.0287e-004 3.8656e-003 1.9583e-003 5.0633e-004 1.9236e-002
          28 9.4225e-008 2.4129e-007 4.3784e-007 6.2076e-007 1.3743e-005 6.1201e-005 3.9885e-003 1.0494e-002 4.0097e-002 1.2057e-001 4.2853e-003 1.2890e-002 2.0301e-006 1.7725e-002 6.2179e-003 6.5645e-002 1.0904e-002 3.4086e-002 1.9853e-003 1.7832e-003 3.2359e-002 2.0919e-003 2.3270e-004 2.0825e-002 2.2567e-003 2.9294e-003 1.4111e-002 4.1792e-004 1.0369e-002 3.4477e-004 1.1468e-002 1.0526e-005 8.1946e-003 2.5340e-003 7.7038e-004 1.3228e-003 5.1460e-002
          29 5.3989e-008 1.0595e-007 3.5284e-007 3.6762e-007 5.5310e-006 6.0917e-006 2.2681e-003 2.1949e-003 3.5522e-002 4.7682e-002 3.5866e-003 1.2976e-003 2.2334e-002 5.4502e-002 2.5528e-002 5.6971e-002 1.7298e-003 1.9287e-003 2.5742e-002 1.0735e-002 1.3472e-002 5.5306e-003 1.0456e-002 9.3307e-003 5.3484e-003 1.0903e-002 5.4962e-004 1.3133e-002 1.8404e-003 7.9270e-003 2.7912e-003 9.6247e-003 6.2979e-005 7.1539e-003 3.8112e-003 1.5991e-006 3.5987e-002
          30 5.7701e-008 8.2173e-008 5.0212e-007 3.6037e-007 3.7413e-006 8.3902e-008 2.2189e-003 3.6989e-004 4.6891e-002 2.4835e-002 3.0581e-002 1.5281e-002 5.1289e-002 6.1318e-002 1.1419e-002 1.7798e-002 1.1253e-002 4.2414e-003 3.9988e-002 6.1165e-004 4.8820e-005 2.5238e-002 2.8865e-003 5.4405e-004 1.8074e-002 3.8610e-004 6.7397e-003 6.8348e-003 5.7806e-003 5.6731e-003 3.7749e-003 4.4844e-003 7.5067e-003 5.8044e-009 3.7722e-003 4.5342e-003 2.1744e-002
          31 5.8208e-008 5.5159e-008 6.4723e-007 2.9634e-007 2.0881e-006 6.2393e-006 1.9280e-003 4.2929e-005 5.0638e-002 6.0330e-003 7.4062e-002 2.4893e-002 4.8645e-002 2.6360e-002 7.7945e-004 8.8218e-005 4.7540e-002 5.5714e-003 1.4677e-002 1.2855e-002 6.6625e-003 1.4698e-002 5.4834e-003 8.1849e-003 4.7285e-003 9.8831e-003 5.7308e-003 1.1642e-003 1.1272e-002 1.4523e-003 7.4356e-003 1.9938e-003 4.2799e-003 6.8682e-003 6.3246e-004 8.5911e-005 3.3180e-002
          32 4.9021e-008 2.5602e-008 6.8305e-007 1.7206e-007 7.4223e-007 1.5201e-005 1.3162e-003 7.5413e-004 4.1054e-002 1.1959e-004 1.0087e-001 1.5843e-002 1.9580e-002 5.7715e-004 2.4629e-002 8.9912e-003 4.6284e-002 3.0606e-004 1.0427e-005 3.5576e-002 1.6570e-003 3.8510e-005 2.2971e-002 1.3925e-003 2.0245e-003 1.4800e-002 8.8069e-004 8.8622e-003 3.3731e-004 1.1576e-002 1.5737e-005 7.9360e-003 1.2740e-003 3.0933e-003 5.8610e-003 1.5791e-003 3.0532e-002
          33 3.8368e-008 6.9563e-009 6.6292e-007 6.7853e-008 1.2005e-007 2.0716e-005 7.8111e-004 1.7047e-003 2.7967e-002 7.4600e-003 1.0031e-001 2.5813e-003 1.3105e-003 9.1356e-003 4.7176e-002 7.2910e-003 1.5673e-002 1.7720e-002 5.1597e-003 2.4953e-002 4.4071e-003 5.3681e-003 1.4669e-002 5.0247e-003 7.9373e-003 1.7138e-003 1.2948e-002 1.7212e-003 5.6172e-003 4.0188e-003 8.4115e-003 5.5655e-004 7.3719e-003 1.1258e-003 1.2238e-003 3.2005e-003 1.3404e-002
          34 2.9538e-008 1.4053e-010 6.2893e-007 1.0739e-008 3.3202e-009 2.2141e-005 4.2313e-004 2.4289e-003 1.6835e-002 2.0436e-002 8.0555e-002 1.7772e-003 2.8254e-003 2.6586e-002 4.0568e-002 7.2564e-005 2.3598e-004 4.1258e-002 2.7732e-003 4.1350e-003 2.3850e-002 4.0889e-003 7.3760e-004 1.9359e-002 1.3951e-003 2.8518e-003 1.1161e-002 3.3200e-003 6.8875e-003 1.0621e-003 7.9716e-003 4.5734e-003 1.5512e-003 6.2333e-003 1.5643e-003 2.4040e-006 2.0725e-002
          35 2.2144e-008 3.0248e-009 5.8145e-007 2.6469e-009 1.2871e-007 2.0306e-005 2.0308e-004 2.7650e-003 8.6560e-003 3.2416e-002 5.1760e-002 1.7994e-002 1.1843e-002 2.9789e-002 1.6746e-002 8.0097e-003 3.7539e-003 4.0216e-002 8.2061e-004 7.0645e-004 2.9798e-002 2.1437e-004 3.0051e-003 1.5655e-002 3.3325e-003 7.3436e-003 6.7108e-004 1.3001e-002 1.0674e-004 7.5892e-003 1.3925e-004 9.1608e-003 2.1305e-003 1.7454e-003 4.6763e-003 1.7778e-003 2.0257e-002
          36 1.5812e-008 1.3629e-008 5.1804e-007 4.0063e-008 3.1911e-007 1.6455e-005 8.0314e-005 2.7123e-003 3.4663e-003 3.9267e-002 2.4514e-002 4.4110e-002 1.5149e-002 1.8071e-002 1.0709e-003 2.7803e-002 6.2354e-003 1.8946e-002 1.4878e-002 4.3689e-003 1.4709e-002 1.1227e-002 5.4503e-003 2.5150e-003 1.5671e-002 1.5917e-003 3.1131e-003 8.1589e-003 5.6433e-003 3.6324e-003 4.2558e-003 2.0032e-003 8.1312e-003 1.1601e-003 9.3950e-004 2.3113e-003 7.1949e-003
          37 1.0538e-008 2.9693e-008 4.4319e-007 1.1357e-007 4.6892e-007 1.1947e-005 2.2221e-005 2.3795e-003 8.3953e-004 3.9862e-002 6.5277e-003 6.7673e-002 9.7159e-003 4.7006e-003 3.2515e-003 3.9422e-002 1.6807e-003 2.5078e-003 3.3400e-002 1.7523e-003 1.4333e-003 2.5042e-002 7.1195e-004 9.5474e-004 1.5970e-002 1.9256e-003 6.7616e-003 2.0931e-004 1.1931e-002 3.0731e-004 6.6070e-003 1.1528e-003 3.8547e-003 6.4452e-003 1.1157e-003 2.0273e-005 1.2447e-002
          38 6.3793e-009 4.8827e-008 3.6421e-007 2.0965e-007 5.3400e-007 7.8073e-006 2.1533e-006 1.9101e-003 1.9165e-005 3.5438e-002 7.4671e-005 7.9095e-002 2.0543e-003 9.0583e-006 1.3900e-002 3.2783e-002 8.8203e-004 6.0987e-004 3.6278e-002 6.8549e-004 1.0460e-003 2.2833e-002 2.7880e-003 5.0273e-003 4.9472e-003 1.2081e-002 1.8838e-003 3.1545e-003 5.7869e-003 7.3026e-003 1.0499e-003 6.1139e-003 5.0124e-005 4.2495e-003 4.8907e-003 1.3891e-003 1.1080e-002
          39 3.3241e-009 6.8811e-008 2.8729e-007 3.1394e-007 5.1369e-007 4.5540e-006 7.7735e-007 1.4212e-003 2.1476e-004 2.8191e-002 2.9205e-003 7.5649e-002 5.5732e-004 3.8987e-003 1.9868e-002 1.5866e-002 1.0924e-002 3.9093e-003 2.2525e-002 1.0777e-002 3.5804e-003 9.3755e-003 1.4789e-002 2.9365e-003 1.7774e-005 1.5381e-002 8.8705e-004 6.2289e-003 3.3668e-005 1.0249e-002 1.6519e-003 3.8297e-003 3.9898e-003 6.1808e-005 3.1406e-003 2.9105e-003 2.7859e-003
          40 1.3073e-009 8.7575e-008 2.1645e-007 4.1273e-007 4.3006e-007 2.3011e-006 6.0849e-006 9.8376e-004 8.0532e-004 2.0184e-002 1.0788e-002 6.0584e-002 9.1088e-003 9.7165e-003 1.6458e-002 2.7333e-003 2.5563e-002 3.2483e-003 6.8377e-003 2.5687e-002 1.5278e-003 6.6064e-004 2.2626e-002 1.7560e-005 3.2536e-003 7.4397e-003 8.7759e-003 2.1918e-003 3.0808e-003 3.9111e-003 8.0914e-003 8.3150e-006 5.0638e-003 2.3010e-003 6.2885e-005 1.0840e-003 8.8599e-003
          41 2.4309e-010 1.0344e-007 1.5472e-007 4.9498e-007 3.1447e-007 9.4031e-007 1.1738e-005 6.3327e-004 1.3945e-003 1.2952e-002 1.9446e-002 4.0357e-002 2.5454e-002 1.1490e-002 8.0047e-003 4.1707e-004 3.3368e-002 2.7380e-004 1.9610e-004 3.1943e-002 2.4621e-004 9.7455e-004 1.7671e-002 5.3745e-003 4.3649e-003 4.9179e-004 1.3888e-002 2.7874e-004 5.7060e-003 2.7564e-006 8.2133e-003 3.4545e-003 1.0389e-003 4.6023e-003 1.5677e-003 2.5119e-005 3.4765e-003
          42 1.4667e-011 1.1538e-007 1.0399e-007 5.5413e-007 1.9691e-007 2.5683e-007 1.5186e-005 3.7725e-004 1.7897e-003 7.3234e-003 2.5974e-002 2.1371e-002 4.3572e-002 8.1021e-003 1.3983e-003 5.9513e-003 2.9283e-002 1.7698e-003 1.2462e-003 2.5144e-002 6.5620e-003 2.9797e-003 6.8283e-003 1.5350e-002 1.0777e-003 1.2704e-003 9.3525e-003 5.9652e-003 2.4322e-003 2.9758e-003 2.3956e-003 7.9687e-003 6.7222e-004 2.0110e-003 3.4619e-003 1.2921e-003 1.6133e-003
          43 4.8148e-010 1.2284e-007 6.4587e-008 5.8727e-007 9.9107e-008 1.7413e-008 1.6027e-005 2.0512e-004 1.9419e-003 3.4930e-003 2.9064e-002 7.7740e-003 5.7276e-002 2.7650e-003 2.3859e-004 1.2023e-002 1.7422e-002 1.0166e-002 2.9710e-003 1.2346e-002 1.8136e-002 1.6567e-003 4.9787e-004 1.9500e-002 5.9261e-004 4.0587e-003 2.0839e-003 1.1763e-002 2.8686e-005 5.1793e-003 7.7512e-005 5.9847e-003 5.0136e-003 1.2004e-005 1.8349e-003 1.9357e-003 5.0910e-003
          44 1.4893e-009 1.2573e-007 3.5950e-008 5.9479e-007 3.3270e-008 2.4776e-008 1.4834e-005 9.9025e-005 1.8837e-003 1.2604e-003 2.8720e-002 1.0173e-003 6.2781e-002 5.6416e-006 3.4914e-003 1.3513e-002 5.8815e-003 2.1110e-002 1.8560e-003 2.8247e-003 2.6369e-002 1.7504e-006 6.9026e-004 1.4372e-002 6.6622e-003 2.9934e-003 1.1358e-004 1.0292e-002 3.7887e-003 2.5407e-003 2.8920e-003 1.1786e-003 6.8118e-003 2.5064e-003 1.5658e-005 7.3475e-004 5.1153e-004
          45 2.8779e-009 1.2435e-007 1.6841e-008 5.7962e-007 2.8254e-009 1.3567e-007 1.2458e-005 4.0040e-005 1.6815e-003 2.3682e-004 2.5748e-002 3.5779e-004 5.9541e-002 2.7939e-003 7.6017e-003 1.0079e-002 3.0988e-004 2.7944e-002 6.7539e-005 7.9022e-007 2.5605e-002 3.0943e-003 2.4351e-003 5.7746e-003 1.4326e-002 2.6661e-004 2.5228e-003 4.1112e-003 9.3694e-003 1.2486e-005 4.6394e-003 2.7824e-004 3.6242e-003 5.4447e-003 1.3458e-003 8.4919e-006 1.6078e-003
          46 4.4894e-009 1.1926e-007 5.6549e-009 5.4606e-007 4.6274e-009 2.6047e-007 9.6524e-006 1.1685e-005 1.4039e-003 1.0720e-006 2.1240e-002 3.8302e-003 4.9582e-002 1.1291e-002 9.4269e-003 4.7181e-003 1.2058e-003 2.7063e-002 1.5139e-003 1.1626e-003 1.7455e-002 1.1224e-002 1.8811e-003 6.0712e-004 1.6685e-002 1.2389e-003 3.7436e-003 1.9756e-004 1.0168e-002 2.2628e-003 2.4749e-003 2.8662e-003 3.1280e-004 4.5527e-003 3.7357e-003 9.8617e-004 1.7677e-003
          47 6.1784e-009 1.1122e-007 6.8621e-010 4.9934e-007 3.1609e-008 3.5300e-007 6.9528e-006 1.3453e-006 1.1073e-003 1.9199e-004 1.6231e-002 9.1849e-003 3.6224e-002 2.3273e-002 7.9722e-003 8.3577e-004 5.3423e-003 1.9759e-002 7.5150e-003 2.1620e-003 7.8530e-003 1.9643e-002 1.8281e-004 3.4253e-004 1.2353e-002 6.8076e-003 1.8801e-003 9.0436e-004 5.8459e-003 7.0915e-003 8.8518e-005 4.0658e-003 6.5657e-004 1.4138e-003 3.7886e-003 2.2130e-003 8.8544e-006
          48 7.8104e-009 1.0099e-007 2.9419e-010 4.4413e-007 7.5071e-008 3.9693e-007 4.6546e-006 2.7761e-007 8.2897e-004 5.4467e-004 1.1486e-002 1.4511e-002 2.2748e-002 3.5408e-002 4.4162e-003 1.3326e-004 8.8351e-003 1.0347e-002 1.5762e-002 1.3578e-003 1.6862e-003 2.3183e-002 8.9130e-004 1.8448e-003 5.5090e-003 1.2692e-002 3.0112e-005 3.0189e-003 1.2480e-003 9.2288e-003 1.3221e-003 2.1953e-003 2.8709e-003 2.4319e-006 1.6776e-003 2.0374e-003 2.2301e-003
          49 9.2808e-009 8.9453e-008 3.0149e-009 3.8529e-007 1.2650e-007 3.9459e-007 2.8788e-006 2.9807e-006 5.9084e-004 8.9205e-004 7.4867e-003 1.8557e-002 1.1640e-002 4.4670e-002 1.0669e-003 2.1739e-003 9.4774e-003 3.1045e-003 2.2317e-002 1.0088e-004 7.6806e-008 2.0293e-002 5.6312e-003 2.0156e-003 9.3027e-004 1.4370e-002 1.5579e-003 3.0783e-003 6.0476e-005 6.8387e-003 5.2142e-003 1.3644e-004 3.4076e-003 1.2251e-003 8.8747e-005 8.2803e-004 1.2561e-006
          50 1.0503e-008 7.7326e-008 7.6152e-009 3.2641e-007 1.7857e-007 3.5696e-007 1.6179e-006 6.3650e-006 4.0068e-004 1.1475e-003 4.4259e-003 2.0738e-002 4.1798e-003 4.9177e-002 5.6822e-005 5.2079e-003 7.3275e-003 9.8474e-005 2.4276e-002 7.1297e-004 8.0257e-004 1.3337e-002 1.2552e-002 7.0711e-004 7.2165e-005 1.1097e-002 6.2375e-003 1.1817e-003 1.6160e-003 2.6324e-003 7.8570e-003 8.2157e-004 1.6987e-003 2.7422e-003 4.4575e-004 3.0122e-005 5.5035e-004
          51 1.1448e-008 6.5409e-008 1.3145e-008 2.7097e-007 2.2634e-007 2.9858e-007 8.0060e-007 8.9918e-006 2.5830e-004 1.2850e-003 2.3048e-003 2.1072e-002 5.5957e-004 4.8610e-002 2.4797e-003 7.4090e-003 3.9499e-003 8.8521e-004 2.1267e-002 4.3309e-003 1.5912e-003 6.2015e-003 1.8101e-002 3.1296e-005 1.1887e-003 5.6880e-003 1.0871e-002 1.8969e-007 2.9773e-003 1.6703e-004 6.9948e-003 3.8386e-003 9.7691e-005 2.5280e-003 1.6968e-003 2.7567e-004 2.8514e-004
          52 1.2074e-008 5.4059e-008 1.8887e-008 2.2023e-007 2.6620e-007 2.3150e-007 3.2293e-007 1.0392e-005 1.5693e-004 1.3099e-003 9.8464e-004 1.9851e-002 1.7993e-004 4.3662e-002 8.1721e-003 7.7240e-003 1.1306e-003 3.5310e-003 1.5005e-002 1.0142e-002 1.2386e-003 1.5891e-003 1.9621e-002 1.9064e-003 1.8930e-003 1.4902e-003 1.2409e-002 1.5348e-003 2.4374e-003 4.7067e-004 3.7480e-003 6.4215e-003 6.3904e-004 9.9764e-004 2.1293e-003 9.6706e-004 1.1403e-005
          53 1.2380e-008 4.3653e-008 2.4345e-008 1.7533e-007 2.9644e-007 1.6570e-007 8.6124e-008 1.0627e-005 8.8771e-005 1.2463e-003 2.8613e-004 1.7557e-002 2.0596e-003 3.5820e-002 1.5978e-002 6.1681e-003 6.0228e-006 5.9536e-003 8.1465e-003 1.6034e-002 2.9276e-004 3.0726e-005 1.6840e-002 6.3748e-003 1.2802e-003 1.1798e-005 1.0238e-002 5.3057e-003 7.8755e-004 1.9849e-003 8.5305e-004 6.4801e-003 2.9906e-003 1.0437e-005 1.3220e-003 1.2059e-003 7.1791e-004
          54 1.2389e-008 3.4425e-008 2.9224e-008 1.3676e-007 3.1686e-007 1.0794e-007 4.6583e-009 9.9871e-006 4.5701e-005 1.1241e-003 2.2059e-005 1.4694e-002 5.1403e-003 2.6777e-002 2.4290e-002 3.5902e-003 7.1924e-004 6.8702e-003 2.9069e-003 1.9875e-002 9.9154e-005 3.8048e-004 1.1510e-002 1.1696e-002 2.1512e-004 5.4967e-004 6.0699e-003 9.0568e-003 8.4940e-006 2.6876e-003 1.3799e-005 4.2562e-003 5.1775e-003 7.0724e-004 2.5816e-004 7.7565e-004 1.0531e-004
          55 1.2122e-008 2.6448e-008 3.3337e-008 1.0431e-007 3.2781e-007 6.1845e-008 1.2384e-008 8.7968e-006 2.0444e-005 9.6969e-004 2.8437e-005 1.1675e-002 8.5022e-003 1.7993e-002 3.1532e-002 1.1820e-003 2.6280e-003 6.0596e-003 3.1791e-004 2.0479e-002 1.6910e-003 1.0785e-003 6.0063e-003 1.5610e-002 2.1595e-004 1.4529e-003 2.2621e-003 1.0659e-002 1.3142e-003 1.9155e-003 9.1237e-004 1.5761e-003 5.5733e-003 2.5790e-003 7.5203e-005 1.8014e-004 2.7374e-004
          56 1.1613e-008 1.9734e-008 3.6590e-008 7.7602e-008 3.3019e-007 2.8881e-008 6.2295e-008 7.3453e-006 7.1612e-006 8.0472e-004 1.7675e-004 8.8113e-003 1.1464e-002 1.0545e-002 3.6522e-002 2.0157e-005 4.7494e-003 4.1198e-003 2.0720e-004 1.7947e-002 5.1483e-003 1.1631e-003 2.0770e-003 1.6641e-002 2.1747e-003 1.5575e-003 2.6951e-004 9.4758e-003 4.2757e-003 5.5888e-004 2.0719e-003 1.1148e-004 4.0956e-003 4.1875e-003 1.0112e-003 1.9700e-005 3.4297e-006
          57 1.0916e-008 1.4250e-008 3.9007e-008 5.6143e-008 3.2563e-007 8.8673e-009 1.2374e-007 5.8587e-006 1.4095e-006 6.4555e-004 3.7566e-004 6.3081e-003 1.3631e-002 5.0403e-003 3.8707e-002 7.4438e-004 6.2155e-003 1.9869e-003 1.6193e-003 1.3398e-002 9.6307e-003 6.0846e-004 2.5831e-004 1.4718e-002 5.7888e-003 8.2957e-004 1.0417e-004 6.4395e-003 7.3480e-003 1.1990e-005 2.3024e-003 2.5380e-004 1.9194e-003 4.4616e-003 2.3714e-003 4.6681e-004 1.5748e-005
          58 1.0075e-008 9.8923e-009 4.0625e-008 3.9268e-008 3.1548e-007 5.0913e-010 1.7878e-007 4.4784e-006 1.7494e-010 5.0174e-004 5.6690e-004 4.2591e-003 1.4841e-002 1.6299e-003 3.8067e-002 3.4531e-003 6.5441e-003 4.7174e-004 3.3975e-003 8.3154e-003 1.3849e-002 4.8980e-005 5.7585e-005 1.0874e-002 9.8409e-003 8.2123e-005 8.2100e-004 3.1452e-003 9.0132e-003 1.0302e-003 1.4889e-003 1.2326e-003 3.6496e-004 3.3732e-003 3.2280e-003 1.2067e-003 3.0101e-004
          59 9.1363e-009 6.5366e-009 4.1505e-008 2.6316e-008 3.0106e-007 1.9382e-009 2.1854e-007 3.2833e-006 7.8725e-007 3.7825e-004 7.1834e-004 2.6826e-003 1.5112e-002 1.4032e-004 3.5023e-002 7.7683e-003 5.7170e-003 3.4414e-006 4.6372e-003 3.9953e-003 1.6636e-002 2.5156e-004 5.4308e-004 6.5808e-003 1.2918e-002 2.5537e-004 1.3785e-003 8.6448e-004 8.6375e-003 3.3018e-003 4.0928e-004 1.9729e-003 2.6207e-005 1.7205e-003 3.1042e-003 1.7480e-003 3.6951e-004
          60 8.1511e-009 4.0494e-009 4.1778e-008 1.6674e-008 2.8389e-007 1.1062e-008 2.4053e-007 2.3069e-006 2.4197e-006 2.7688e-004 8.1786e-004 1.5464e-003 1.4596e-002 1.9267e-004 3.0298e-002 1.3022e-002 4.0978e-003 5.7749e-004 4.9136e-003 1.1953e-003 1.7375e-002 1.6672e-003 9.1830e-004 3.0587e-003 1.4096e-002 1.8052e-003 1.2675e-003 1.8954e-005 6.6286e-003 5.7977e-003 1.0234e-005 1.8879e-003 6.1534e-004 4.3370e-004 2.1829e-003 1.7916e-003 5.4471e-004
          61 7.1503e-009 2.2857e-009 4.1499e-008 9.7405e-009 2.6476e-007 2.5805e-008 2.4552e-007 1.5452e-006 4.1159e-006 1.9644e-004 8.6440e-004 7.8472e-004 1.3477e-002 1.3225e-003 2.4637e-002 1.8422e-002 2.2420e-003 1.8629e-003 4.2568e-003 5.7619e-005 1.6055e-002 4.2393e-003 8.3495e-004 8.9758e-004 1.3193e-002 4.4961e-003 6.4340e-004 2.5150e-004 3.9802e-003 7.4388e-003 7.6685e-004 1.1202e-003 1.3925e-003 2.0846e-009 1.0393e-003 1.3701e-003 4.5669e-004
          62 6.1688e-009 1.1133e-009 4.0773e-008 5.0108e-009 2.4463e-007 4.4278e-008 2.3645e-007 9.7813e-007 5.4830e-006 1.3479e-004 8.6490e-004 3.2232e-004 1.1968e-002 3.0705e-003 1.8772e-002 2.3254e-002 7.2980e-004 3.3788e-003 3.0145e-003 2.5466e-004 1.3203e-002 7.4750e-003 4.0937e-004 5.8565e-005 1.0717e-002 7.5865e-003 7.4165e-005 8.5304e-004 1.6958e-003 7.6481e-003 2.4759e-003 2.8569e-004 1.7281e-003 3.2057e-004 2.3007e-004 7.5164e-004 3.0286e-004
          63 5.2316e-009 4.1090e-010 3.9677e-008 2.0469e-009 2.2412e-007 6.4816e-008 2.1691e-007 5.7614e-007 6.3705e-006 8.9073e-005 8.2915e-004 8.4166e-005 1.0260e-002 5.0375e-003 1.3288e-002 2.6965e-002 1.9405e-005 4.6613e-003 1.6493e-003 1.2153e-003 9.6006e-003 1.0661e-002 3.5899e-005 9.5820e-005 7.5211e-003 1.0195e-002 1.4508e-004 1.2140e-003 3.5480e-004 6.5042e-003 4.4623e-003 1.0849e-005 1.4336e-003 9.3001e-004 2.7770e-006 2.3837e-004 1.4998e-004
          64 4.3595e-009 7.1715e-011 3.8296e-008 4.7929e-010 2.0381e-007 8.6069e-008 1.9063e-007 3.0698e-007 6.7749e-006 5.6312e-005 7.6802e-004 2.7260e-006 8.5122e-003 6.9188e-003 8.5940e-003 2.9242e-002 3.6813e-004 5.3870e-003 5.7227e-004 2.3508e-003 6.0371e-003 1.3124e-002 1.4180e-004 4.5510e-004 4.4511e-003 1.1656e-002 1.1552e-003 1.0876e-003 1.6121e-006 4.5703e-003 5.9783e-003 5.8417e-004 7.5874e-004 1.3462e-003 2.5425e-004 9.1324e-006 2.7818e-005
          65 3.5617e-009 4.4668e-012 3.6657e-008 3.1084e-013 1.8385e-007 1.0684e-007 1.6070e-007 1.3957e-007 6.7577e-006 3.3646e-005 6.9055e-004 2.1862e-005 6.8349e-003 8.4986e-003 4.9073e-003 2.9959e-002 1.8154e-003 5.4150e-003 3.9364e-005 3.2087e-003 3.1051e-003 1.4397e-002 9.9394e-004 7.1033e-004 2.0839e-003 1.1692e-002 3.0101e-003 6.0529e-004 2.9439e-004 2.5497e-003 6.5300e-003 1.8623e-003 1.5855e-004 1.3226e-003 6.7940e-004 6.6124e-005 7.1114e-007
          66 2.8516e-009 1.3338e-010 3.4864e-008 3.5756e-010 1.6478e-007 1.2640e-007 1.3005e-007 4.7122e-008 6.4255e-006 1.8672e-005 6.0589e-004 9.7783e-005 5.3173e-003 9.6687e-003 2.3070e-003 2.9246e-002 4.2144e-003 4.8009e-003 1.2218e-004 3.5539e-003 1.1325e-003 1.4345e-002 2.6125e-003 6.7819e-004 6.4942e-004 1.0460e-002 5.3064e-003 1.2678e-004 7.6369e-004 1.0025e-003 6.0428e-003 3.4044e-003 2.2562e-005 9.1682e-004 9.7583e-004 2.8038e-004 3.6590e-005
          67 2.2293e-009 3.9655e-010 3.2923e-008 1.3427e-009 1.4656e-007 1.4398e-007 1.0061e-007 6.8908e-009 5.8725e-006 9.2947e-006 5.1969e-004 1.9822e-004 3.9975e-003 1.0376e-002 7.3562e-004 2.7301e-002 7.2813e-003 3.7265e-003 7.2998e-004 3.3518e-003 1.6305e-004 1.3086e-002 4.7826e-003 4.0896e-004 5.9773e-005 8.3722e-003 7.5008e-003 2.7877e-005 1.0396e-003 1.7431e-004 4.7788e-003 4.6970e-003 4.9836e-004 3.8845e-004 9.8483e-004 4.8660e-004 1.0379e-004
          68 1.6959e-009 7.4427e-010 3.0879e-008 2.7831e-009 1.2935e-007 1.5912e-007 7.3928e-008 9.0545e-010 5.1908e-006 3.8732e-006 4.3667e-004 3.0093e-004 2.8956e-003 1.0631e-002 5.9763e-005 2.4440e-002 1.0664e-002 2.4567e-003 1.6659e-003 2.7274e-003 3.4680e-005 1.0961e-002 7.1411e-003 1.0471e-004 4.2353e-005 5.9632e-003 9.1082e-003 5.3816e-004 9.7233e-004 9.8045e-006 3.1894e-003 5.3652e-003 1.4651e-003 3.9310e-005 7.3021e-004 5.6844e-004 1.4984e-004
          69 1.2490e-009 1.1366e-009 2.8757e-008 4.5309e-009 1.1319e-007 1.7143e-007 5.0987e-008 1.5324e-008 4.4540e-006 1.1290e-006 3.5987e-004 3.9161e-004 2.0103e-003 1.0482e-002 9.6919e-005 2.0998e-002 1.3996e-002 1.2688e-003 2.6903e-003 1.8884e-003 4.6545e-004 8.3999e-003 9.2824e-003 7.3806e-006 2.7497e-004 3.7109e-003 9.8273e-003 1.6655e-003 6.3298e-004 2.5788e-004 1.7165e-003 5.2762e-003 2.6211e-003 6.9800e-005 3.6485e-004 4.9706e-004 1.5470e-004
          70 8.8184e-010 1.5355e-009 2.6495e-008 6.4310e-009 9.7840e-008 1.8001e-007 3.2268e-008 3.9676e-008 3.7075e-006 1.0023e-007 2.9021e-004 4.6052e-004 1.3233e-003 9.9642e-003 6.4120e-004 1.7254e-002 1.6883e-002 4.0040e-004 3.5665e-003 1.0542e-003 1.1390e-003 5.8107e-003 1.0822e-002 2.9925e-004 4.9380e-004 1.9333e-003 9.5634e-003 3.2004e-003 2.3219e-004 6.1319e-004 6.5682e-004 4.5247e-003 3.6092e-003 5.0783e-004 7.7620e-005 3.2137e-004 1.2650e-004
          71 5.8874e-010 1.8965e-009 2.3995e-008 8.2781e-009 8.2992e-008 1.8341e-007 1.8034e-008 6.5757e-008 2.9831e-006 7.7917e-008 2.2799e-004 5.0035e-004 8.1330e-004 9.1128e-003 1.4672e-003 1.3470e-002 1.8908e-002 1.3827e-005 4.0963e-003 4.1036e-004 1.7653e-003 3.5398e-003 1.1464e-002 1.0244e-003 5.5325e-004 7.6880e-004 8.4333e-003 4.7682e-003 8.1002e-006 8.3409e-004 1.1373e-004 3.3743e-003 4.1370e-003 1.2064e-003 5.9753e-006 1.3293e-004 7.5055e-005
