   v'->v''           0           1           2           3
           0 9.9037e-001 9.3163e-003 3.0737e-004 9.3922e-006
           1 9.6082e-003 9.7241e-001 1.6487e-002 1.4321e-003
           2 2.3405e-005 1.7761e-002 9.6538e-001 1.3009e-002
           3 1.6789e-006 5.0276e-004 1.5406e-002 9.7133e-001
           4 9.3969e-008 6.1109e-006 2.2926e-003 1.1888e-002
           5 9.4721e-008 5.2080e-006 7.6450e-005 1.3340e-003
           6 6.9845e-033 6.2050e-032 4.9150e-031 3.7346e-028
           7 4.8707e-030 4.0816e-031 2.4924e-027 2.2038e-025
           8 7.2909e-017 3.3592e-016 8.0545e-014 2.5920e-012
           9 4.1170e-027 3.7650e-026 5.5609e-024 1.3435e-022
          10 9.1998e-027 5.8191e-025 2.7997e-023 2.0963e-022
          11 1.1817e-025 4.3224e-023 1.0763e-021 2.2329e-021
          12 3.2342e-025 7.9844e-021 1.1651e-019 3.6559e-020
          13 6.1115e-012 1.3860e-008 1.4082e-007 2.6268e-010
          14 1.5410e-021 1.5169e-018 1.3243e-017 3.6584e-019
          15 1.2949e-020 2.6410e-018 1.3079e-017 1.3098e-017
          16 4.6190e-019 3.6011e-017 8.5004e-017 5.2110e-016
          17 5.0182e-017 1.7797e-015 1.1298e-015 5.8488e-014
          18 1.3629e-008 2.9844e-007 1.6810e-008 1.6392e-005
          19 2.8731e-015 4.7515e-014 9.1748e-016 3.5384e-012
          20 4.4801e-015 3.1323e-014 8.2737e-014 6.0144e-012
          21 4.8038e-014 1.0119e-013 2.5859e-012 7.2181e-011
          22 3.2331e-012 3.8244e-013 3.3813e-010 5.5734e-009
          23 7.9589e-009 9.0349e-011 1.0445e-006 1.4618e-005
          24 1.0643e-011 6.8931e-012 1.9244e-009 2.1707e-008
          25 1.4581e-011 6.7430e-011 4.5159e-009 3.6851e-008
          26 9.8755e-011 1.5135e-009 5.4829e-008 3.3131e-007
          27 6.4463e-010 2.0308e-008 5.6669e-007 2.7973e-006
          28 1.9471e-010 1.2558e-008 2.9041e-007 1.1759e-006
          29 3.4915e-011 9.6983e-009 1.7913e-007 5.1710e-007
          30 8.9442e-013 1.3130e-008 2.0434e-007 3.9763e-007
          31 2.0589e-011 1.6055e-008 2.1832e-007 2.6441e-007
          32 9.5260e-011 1.6024e-008 1.9401e-007 1.2373e-007
          33 2.0286e-010 1.4684e-008 1.5988e-007 3.7083e-008
          34 3.2714e-010 1.3168e-008 1.2945e-007 2.7681e-009
          35 4.5148e-010 1.1550e-008 1.0216e-007 4.7674e-009
          36 5.5706e-010 9.8216e-009 7.7147e-008 2.9919e-008
          37 6.3012e-010 8.0890e-009 5.4975e-008 6.7166e-008
          38 6.6497e-010 6.4738e-009 3.6399e-008 1.0796e-007
          39 6.6185e-010 5.0490e-009 2.1771e-008 1.4659e-007
          40 6.2379e-010 3.8361e-009 1.1083e-008 1.7940e-007
          41 5.5769e-010 2.8389e-009 4.1664e-009 2.0449e-007
          42 4.7311e-010 2.0476e-009 6.7196e-010 2.2153e-007
          43 3.7950e-010 1.4374e-009 1.0425e-010 2.3090e-007
          44 2.8565e-010 9.7981e-010 1.8935e-009 2.3338e-007
          45 1.9897e-010 6.4587e-010 5.4370e-009 2.2998e-007
          46 1.2496e-010 4.0868e-010 1.0139e-008 2.2167e-007
          47 6.7204e-011 2.4531e-010 1.5452e-008 2.0951e-007
          48 2.7347e-011 1.3671e-010 2.0874e-008 1.9427e-007
          49 5.4581e-012 6.8069e-011 2.6007e-008 1.7696e-007
          50 1.8516e-013 2.7828e-011 3.0521e-008 1.5829e-007
          51 9.1839e-012 7.3581e-012 3.4267e-008 1.3933e-007
          52 2.9554e-011 2.4961e-013 3.7081e-008 1.2041e-007
          53 5.8129e-011 1.9945e-012 3.8917e-008 1.0211e-007
          54 9.1840e-011 9.4208e-012 3.9817e-008 8.4898e-008
          55 1.2779e-010 2.0345e-011 3.9822e-008 6.9020e-008
          56 1.6337e-010 3.3246e-011 3.9009e-008 5.4694e-008
          57 1.9663e-010 4.7122e-011 3.7530e-008 4.2116e-008
          58 2.2596e-010 6.1270e-011 3.5509e-008 3.1337e-008
          59 2.5022e-010 7.5182e-011 3.3073e-008 2.2353e-008
          60 2.6905e-010 8.8597e-011 3.0381e-008 1.5118e-008
          61 2.8200e-010 1.0120e-010 2.7525e-008 9.5020e-009
          62 2.8926e-010 1.1285e-010 2.4616e-008 5.3632e-009
          63 2.9113e-010 1.2336e-010 2.1738e-008 2.5335e-009
          64 2.8820e-010 1.3267e-010 1.8963e-008 8.3295e-010
          65 2.8080e-010 1.4052e-010 1.6326e-008 7.8346e-011
          66 2.6998e-010 1.4701e-010 1.3886e-008 9.3151e-011
          67 2.5610e-010 1.5190e-010 1.1650e-008 7.0953e-010
          68 2.3987e-010 1.5513e-010 9.6355e-009 1.7722e-009
          69 2.2188e-010 1.5660e-010 7.8460e-009 3.1381e-009
          70 2.0204e-010 1.5569e-010 6.2620e-009 4.6572e-009
          71 1.8002e-010 1.5142e-010 4.8660e-009 6.1438e-009
