   v'->v''           0           1           2           3           4           5           6           7           8
           0 9.5019e-001 4.7241e-002 2.3946e-003 1.5752e-004 1.2990e-005 1.5486e-006 1.0297e-007 8.5082e-008 4.8675e-008
           1 4.8965e-002 8.3186e-001 1.0761e-001 1.0209e-002 1.1214e-003 1.5027e-004 1.0133e-005 8.3986e-006 4.8142e-006
           2 8.3418e-004 1.1655e-001 6.6786e-001 1.7798e-001 2.9036e-002 4.7434e-003 3.3737e-004 2.8399e-004 1.6435e-004
           3 6.9556e-006 4.2687e-003 2.0609e-001 4.4614e-001 2.3699e-001 5.8583e-002 4.6107e-003 3.9960e-003 2.3545e-003
           4 1.1043e-007 8.4489e-005 1.5327e-002 3.1169e-001 1.7713e-001 1.8637e-001 1.9277e-002 1.8003e-002 1.1100e-002
           5 1.0059e-008 2.4263e-006 6.7992e-004 4.8607e-002 3.7900e-001 4.7948e-004 3.1504e-003 4.6555e-003 3.6519e-003
           6 2.1156e-008 3.4952e-008 3.3719e-005 4.7347e-003 1.3840e-001 2.0354e-001 2.3150e-002 2.0707e-002 1.2204e-002
           7 9.8856e-009 4.4961e-009 1.0897e-006 4.3751e-004 3.1173e-002 2.4743e-001 6.6048e-003 2.5534e-003 6.3930e-004
           8 1.1769e-011 8.1563e-009 3.0666e-009 3.0701e-005 6.0207e-003 1.5841e-001 8.7830e-004 4.6872e-003 5.0997e-003
           9 7.8159e-009 4.4378e-009 2.0613e-008 1.6290e-006 9.5776e-004 8.1438e-002 1.7768e-002 2.6600e-002 1.9232e-002
          10 1.6146e-009 8.4845e-010 2.1052e-008 3.5840e-008 1.2872e-004 3.6521e-002 5.1011e-002 5.1156e-002 2.8986e-002
          11 6.3883e-010 1.2749e-009 7.7083e-011 9.8804e-009 1.3481e-005 1.4849e-002 9.5404e-002 6.3188e-002 2.5654e-002
          12 1.6001e-009 7.0720e-010 6.7187e-009 1.7311e-008 6.7393e-007 5.3865e-003 1.4593e-001 5.1361e-002 1.0119e-002
          13 4.5439e-010 3.5696e-011 5.1910e-010 2.2996e-011 2.6705e-008 1.6331e-003 1.9154e-001 1.7106e-002 2.1184e-004
          14 4.4601e-014 4.4601e-010 8.7475e-010 3.2313e-009 7.4928e-008 3.5727e-004 2.0988e-001 3.8886e-003 2.9055e-002
          15 1.0982e-010 3.6649e-010 1.4664e-009 1.0422e-009 3.8791e-009 3.5492e-005 1.6545e-001 1.2664e-001 7.4560e-002
          16 1.3468e-010 1.3770e-010 6.9883e-010 1.9729e-011 3.3093e-009 1.0713e-009 6.3139e-002 4.0493e-001 9.5598e-004
          17 3.8310e-011 2.2289e-011 1.2576e-010 6.6794e-012 1.8091e-009 9.8892e-008 7.3969e-004 1.5920e-001 6.7697e-001
