   v'->v''           0           1           2           3
           0 9.9793e-001 1.7250e-003 2.3756e-004 8.5387e-005
           1 1.6228e-003 9.9067e-001 7.2112e-003 2.5046e-004
           2 3.9640e-004 6.5633e-003 9.6946e-001 2.3117e-002
           3 4.1757e-005 9.7150e-004 2.0779e-002 9.1709e-001
           4 6.9157e-006 5.5917e-005 2.2382e-003 5.3264e-002
           5 5.2367e-007 1.5511e-005 3.4369e-005 6.1156e-003
           6 9.5777e-008 1.9505e-006 3.0154e-005 2.1057e-006
           7 1.7408e-007 6.7837e-009 5.1618e-006 6.5332e-005
           8 1.3409e-007 4.0301e-008 4.4910e-007 7.1663e-006
           9 9.6834e-008 1.2793e-007 5.8350e-008 2.0859e-006
          10 4.0867e-008 1.4489e-007 3.2799e-008 3.5399e-007
          11 5.3466e-009 7.2998e-008 1.2054e-007 1.9561e-009
          12 4.7202e-010 2.0498e-008 8.2335e-008 1.3101e-008
          13 4.5338e-009 3.8539e-009 3.7585e-008 2.8802e-008
          14 6.0818e-009 5.3715e-010 1.9621e-008 3.9937e-008
          15 4.8452e-009 3.8581e-011 1.1987e-008 3.6926e-008
          16 2.8752e-009 2.4733e-013 6.9040e-009 2.3802e-008
          17 7.4830e-010 2.1445e-012 1.8102e-009 6.3616e-009
