   v'->v''           0           1           2           3           4           5           6           7           8           9          10          11          12          13          14          15          16          17          18
           0 9.9853e-001 1.3533e-003 8.7953e-005 2.5235e-005 3.2426e-006 3.2567e-008 2.4215e-007 2.3665e-007 1.2383e-007 5.0484e-008 1.0622e-008 5.0082e-011 2.1932e-009 4.2429e-009 4.3550e-009 3.7346e-009 2.7665e-009 1.6312e-009 5.3132e-010
           1 1.3837e-003 9.9530e-001 3.1609e-003 1.1033e-004 3.3454e-005 7.4164e-006 9.7865e-007 7.0132e-008 2.0701e-007 1.5772e-007 1.2053e-007 6.4295e-008 1.8625e-008 2.3017e-009 5.6022e-014 5.3416e-010 9.5185e-010 7.9208e-010 2.9288e-010
           2 4.7205e-005 3.2603e-003 9.8990e-001 6.5992e-003 1.4142e-004 3.6317e-005 1.1131e-005 3.0060e-006 3.5319e-007 1.6398e-009 1.2753e-007 1.7921e-007 1.2846e-007 7.1358e-008 3.8410e-008 2.1456e-008 1.1681e-008 5.5972e-009 1.6456e-009
           3 3.2056e-005 2.4947e-005 6.7762e-003 9.8056e-001 1.2348e-002 1.8441e-004 5.0901e-005 1.4329e-005 4.5292e-006 1.1709e-006 2.4000e-007 3.3365e-009 3.1761e-008 6.3941e-008 6.5532e-008 5.6696e-008 4.2699e-008 2.5576e-008 8.4038e-009
           4 7.0762e-006 4.1207e-005 2.1320e-006 1.2593e-002 9.6698e-001 2.0081e-002 1.9635e-004 6.4943e-005 2.0222e-005 6.7577e-006 2.0120e-006 7.0220e-007 1.6172e-007 1.5499e-008 1.0458e-010 4.9085e-009 8.1324e-009 6.8291e-009 2.5669e-009
           5 1.8570e-007 1.4789e-005 4.1318e-005 1.8335e-005 2.0211e-002 9.4890e-001 3.0491e-002 2.0423e-004 7.4736e-005 2.5995e-005 9.6810e-006 2.6974e-006 1.2627e-006 5.9520e-007 2.3956e-007 8.9058e-008 3.0855e-008 9.9478e-009 2.3305e-009
           6 6.2681e-008 2.2899e-006 2.1427e-005 4.3846e-005 1.8554e-004 3.0034e-002 9.2499e-001 4.4384e-002 2.1123e-004 7.1317e-005 3.4244e-005 1.2605e-005 4.6466e-006 2.1926e-006 1.1054e-006 5.7590e-007 2.9527e-007 1.3667e-007 3.9682e-008
           7 2.1204e-007 1.3939e-007 6.4088e-006 2.8550e-005 2.7083e-005 6.7051e-004 4.2391e-002 8.9255e-001 6.3914e-002 2.8637e-004 4.9461e-005 4.4556e-005 1.7229e-005 6.1440e-006 3.3383e-006 2.1000e-006 1.2396e-006 6.1643e-007 1.8362e-007
           8 2.4806e-007 6.7404e-008 1.9856e-006 1.0925e-005 3.5794e-005 2.8981e-006 1.7610e-003 5.8551e-002 8.4438e-001 9.4363e-002 7.6673e-004 1.0011e-006 6.9157e-005 2.1860e-005 8.2916e-006 4.9814e-006 3.1055e-006 1.6207e-006 4.9441e-007
           9 1.4360e-007 2.3584e-007 2.7064e-007 4.2472e-006 1.6342e-005 3.0910e-005 2.4585e-005 3.8618e-003 8.1044e-002 7.4861e-001 1.5896e-001 6.2123e-003 8.6046e-004 3.0654e-004 1.6172e-005 1.3756e-005 7.8784e-006 3.3584e-006 9.3519e-007
          10 3.5258e-009 1.1222e-008 4.1635e-010 1.0084e-007 4.7860e-007 1.1835e-006 2.2737e-007 3.0248e-005 7.6890e-004 1.1289e-002 2.7080e-002 5.4648e-002 9.1109e-002 2.2100e-001 3.4754e-001 2.1436e-001 3.1779e-002 2.1123e-005 9.5893e-009
          11 2.1594e-008 7.8579e-008 1.8960e-010 6.2504e-007 3.1500e-006 8.0610e-006 2.9223e-006 1.4496e-004 4.0763e-003 6.1065e-002 2.1875e-001 2.0208e-001 8.5603e-002 2.2117e-002 2.3396e-002 1.9591e-001 1.6599e-001 2.0911e-002 5.5324e-005
          12 8.5463e-009 3.4159e-008 6.8399e-011 2.5050e-007 1.3193e-006 3.4550e-006 1.6938e-006 4.8192e-005 1.4769e-003 2.2255e-002 9.9224e-002 4.6003e-002 1.2949e-004 2.6417e-002 5.9465e-002 1.7375e-004 2.4450e-001 4.2493e-001 7.0015e-002
