   v'->v''           0           1           2           3           4           5           6           7           8           9          10          11          12          13          14          15          16          17          18          19
           0 9.9960e-001 3.9845e-004 3.4881e-007 2.3565e-008 1.9487e-010 4.7678e-010 1.9711e-009 2.2566e-009 5.3464e-009 1.6442e-009 4.2772e-010 3.7772e-010 3.5705e-010 1.5848e-010 1.7649e-011 2.9229e-012 1.3449e-011 1.7036e-011 1.4556e-011 8.4499e-012
           1 3.9734e-004 9.9859e-001 1.0084e-003 3.4652e-007 3.2777e-007 1.3183e-009 1.1072e-007 1.3194e-009 5.0325e-010 6.0134e-009 5.4103e-010 5.1633e-011 1.7512e-010 1.6807e-009 2.4863e-009 1.7275e-009 8.2279e-010 4.6047e-010 2.4605e-010 1.1015e-010
           2 1.4635e-006 1.0038e-003 9.9683e-001 2.1615e-003 2.1133e-006 8.9673e-007 1.1296e-007 5.0135e-008 7.6123e-008 3.3863e-008 2.0426e-009 3.8796e-010 3.0940e-010 2.1481e-012 1.9469e-010 2.9897e-010 2.2446e-010 1.7121e-010 1.1488e-010 5.9336e-011
           3 5.6711e-008 3.9941e-006 2.1575e-003 9.9324e-001 4.5838e-003 1.3975e-005 5.5041e-008 3.9392e-007 2.7334e-008 1.7526e-008 8.9128e-008 5.3565e-008 1.5396e-008 3.6141e-009 7.1445e-010 6.5288e-011 7.4015e-015 9.1873e-012 1.5069e-011 1.1064e-011
           4 3.7922e-011 5.2556e-007 2.5412e-006 4.5919e-003 9.8701e-001 8.3733e-003 2.6071e-005 2.4888e-007 1.6208e-007 8.8710e-008 1.2481e-008 2.7672e-008 4.2587e-008 2.4701e-008 1.4574e-008 8.6626e-009 4.4467e-009 2.7538e-009 1.6109e-009 7.6717e-010
           5 3.1647e-009 3.6006e-009 8.0942e-007 5.9085e-006 8.3723e-003 9.7737e-001 1.4197e-002 4.8451e-005 1.3256e-006 3.3250e-009 6.2044e-008 1.7722e-007 1.1629e-009 1.9408e-008 1.4859e-008 7.5074e-009 4.1982e-009 3.0813e-009 2.1106e-009 1.1172e-009
           6 9.7700e-010 9.6972e-009 1.7466e-007 1.2943e-008 3.5609e-005 1.4105e-002 9.6267e-001 2.3088e-002 9.3753e-005 1.2613e-006 3.2966e-007 2.3766e-008 1.0476e-007 2.0607e-008 5.0538e-009 1.5962e-009 2.5917e-010 1.2965e-011 8.7864e-012 2.1546e-011
           7 6.0386e-010 3.1664e-008 3.6764e-010 2.1148e-007 8.6001e-008 1.3360e-004 2.2680e-002 9.3930e-001 3.7629e-002 2.5084e-004 5.2360e-009 2.4432e-006 1.9409e-008 1.1790e-007 1.1302e-008 1.4889e-009 2.1458e-009 2.7421e-009 2.4022e-009 1.4022e-009
           8 4.7887e-010 2.2814e-009 1.0238e-007 2.1713e-007 3.0754e-009 4.9523e-009 4.1672e-004 3.6354e-002 8.9817e-001 6.3917e-002 1.0768e-003 4.3350e-005 1.9413e-005 5.6673e-008 5.2032e-008 1.3447e-009 1.1848e-009 2.6436e-009 3.0265e-009 1.9855e-009
           9 1.8596e-009 1.0242e-009 5.0340e-008 1.6250e-009 1.0419e-007 2.2622e-007 4.6559e-006 1.1481e-003 6.0091e-002 8.0156e-001 1.2606e-001 9.0127e-003 1.6880e-003 4.1292e-004 1.8150e-005 1.2215e-006 2.1509e-007 7.9387e-009 8.9827e-010 2.1249e-009
          10 1.3396e-010 2.3250e-011 6.6100e-010 1.5734e-009 3.0571e-009 3.7559e-011 6.4649e-009 6.4171e-006 3.6661e-004 1.1079e-002 2.7620e-002 4.2707e-002 6.0933e-002 1.2801e-001 2.6590e-001 3.5927e-001 1.0143e-001 1.7639e-003 2.4715e-004 3.1428e-005
          11 1.0101e-009 9.1290e-011 3.4529e-009 1.2855e-008 1.8864e-008 3.9489e-010 8.8677e-008 2.8728e-005 1.7692e-003 5.7566e-002 2.2758e-001 1.7275e-001 8.8635e-002 4.5828e-002 8.6773e-004 1.0676e-001 2.7494e-001 2.1607e-002 2.7867e-004 2.5878e-004
          12 4.6047e-010 2.1503e-011 1.2219e-009 6.0616e-009 7.4893e-009 7.3949e-010 4.8266e-008 9.1068e-006 6.0199e-004 2.0312e-002 1.0445e-001 4.2409e-002 2.9550e-003 6.0787e-003 4.6337e-002 2.4397e-002 1.7362e-001 4.9601e-001 7.6373e-002 5.9145e-003
