   v'->v''           0           1           2           3           4           5           6           7           8           9          10          11          12          13
           0 9.9812e-001 1.8433e-003 3.4276e-005 3.0897e-007 2.3506e-008 1.0491e-007 7.6671e-009 9.6873e-010 3.4690e-010 3.2383e-010 7.8205e-010 3.0370e-010 1.9115e-011 5.0192e-012
           1 1.8658e-003 9.9468e-001 3.2667e-003 1.8751e-004 2.8002e-006 6.9516e-008 2.9243e-008 1.2338e-007 9.8507e-008 3.7771e-008 5.5219e-009 2.4253e-011 1.4838e-009 1.5196e-009
           2 1.1608e-005 3.3686e-003 9.9316e-001 2.9792e-003 4.2447e-004 5.3464e-005 1.2668e-007 6.1751e-007 2.3809e-007 6.3524e-011 1.1146e-007 1.7997e-007 1.3208e-007 5.9691e-008
           3 8.5795e-008 1.1097e-004 3.1893e-003 9.9301e-001 3.2360e-003 2.3142e-004 1.8527e-004 3.7394e-005 1.7233e-006 4.6618e-007 9.8770e-007 4.3699e-007 8.5080e-008 6.4011e-009
           4 5.0584e-008 4.1698e-008 3.2406e-004 3.5268e-003 9.8555e-001 1.0267e-002 3.4392e-005 1.2349e-004 1.2243e-004 4.1326e-005 5.9185e-006 1.2231e-007 1.5671e-007 2.2262e-007
           5 7.4357e-009 5.7850e-007 1.9087e-005 1.4776e-004 1.0334e-002 9.4820e-001 4.0816e-002 2.4551e-004 2.4379e-006 6.8446e-005 9.1606e-005 4.8999e-005 1.7082e-005 4.6139e-006
           6 1.8752e-008 5.7961e-008 3.1696e-006 1.4656e-004 8.2978e-005 3.7897e-002 8.3586e-001 1.2089e-001 4.9149e-003 3.7556e-006 1.3369e-006 2.0213e-005 4.1646e-005 2.7671e-005
           7 1.3835e-010 2.4156e-007 1.2653e-006 4.7900e-007 3.4527e-004 2.6185e-003 1.0906e-001 6.4504e-001 2.1463e-001 2.6839e-002 1.2829e-003 3.9376e-007 1.0662e-005 1.9872e-006
           8 6.3752e-009 2.9515e-008 3.7218e-008 3.5695e-006 1.8521e-005 6.5109e-004 1.2928e-002 2.0415e-001 4.4542e-001 2.5833e-001 6.6381e-002 1.0602e-002 1.2232e-003 1.1570e-004
           9 2.0928e-009 1.7860e-009 2.7493e-007 1.0212e-006 4.3620e-007 7.4694e-005 8.4753e-004 2.8551e-002 2.9419e-001 2.9894e-001 2.2870e-001 1.0327e-001 3.0061e-002 7.6303e-003
