   v'->v''           0           1           2           3           4           5           6           7           8           9          10          11          12          13          14
           0 9.8619e-002 2.8952e-001 3.3631e-001 1.9934e-001 6.4276e-002 1.0993e-002 8.8553e-004 2.5231e-005 1.0943e-007 1.1294e-008 2.5241e-008 2.5758e-009 3.1441e-009 2.9808e-011 1.0864e-010
           1 1.6636e-001 1.6269e-001 8.0488e-004 1.5134e-001 2.9275e-001 1.7592e-001 4.5191e-002 4.8567e-003 1.6609e-004 1.8937e-007 3.3153e-007 1.9071e-009 1.2035e-008 8.3900e-009 2.7646e-009
           2 1.7159e-001 3.1155e-002 7.4124e-002 1.1039e-001 3.8226e-003 2.1054e-001 2.7328e-001 1.0914e-001 1.5466e-002 4.8190e-004 6.1964e-006 1.6286e-006 4.5113e-007 9.6249e-008 1.2177e-008
           3 1.4632e-001 4.8002e-005 1.0383e-001 2.8622e-003 1.0806e-001 4.3944e-002 7.1791e-002 3.0039e-001 1.9051e-001 3.1672e-002 4.2707e-004 8.8139e-005 9.3755e-007 2.7123e-007 2.9856e-007
           4 1.1536e-001 1.6960e-002 6.4163e-002 2.3795e-002 6.8712e-002 2.1695e-002 1.1468e-001 3.1341e-003 2.6247e-001 2.6497e-001 4.3800e-002 3.5249e-008 1.9861e-004 4.2995e-005 6.2301e-006
           5 8.4816e-002 4.0220e-002 2.0917e-002 5.8816e-002 7.0562e-003 7.6446e-002 4.4540e-003 1.0585e-001 1.1866e-002 2.1223e-001 3.3298e-001 4.2219e-002 1.9372e-003 9.9706e-006 4.0069e-005
           6 6.0522e-002 5.3979e-002 1.7807e-003 5.8830e-002 4.9087e-003 5.1860e-002 2.3706e-002 4.6269e-002 5.2253e-002 4.3058e-002 1.8374e-001 3.9085e-001 1.7957e-002 8.2625e-003 1.1892e-003
           7 4.2326e-002 5.6933e-002 1.4208e-003 3.8482e-002 2.5776e-002 1.2607e-002 5.3322e-002 1.5129e-004 6.9614e-002 1.2242e-002 5.8282e-002 2.0375e-001 4.0830e-001 1.5789e-003 2.2738e-003
           8 2.9333e-002 5.2761e-002 8.5099e-003 1.8141e-002 3.7386e-002 3.3506e-006 4.1989e-002 1.6804e-002 2.0251e-002 5.4465e-002 1.3430e-004 4.6186e-002 3.0834e-001 2.7509e-001 5.3178e-002
           9 2.0058e-002 4.4680e-002 1.5339e-002 5.7422e-003 3.4952e-002 5.6485e-003 1.8343e-002 3.3657e-002 3.7155e-005 3.9831e-002 2.6360e-002 2.7206e-003 1.2817e-002 5.1397e-001 1.2719e-002
