   v'->v''           0           1           2           3
           0 9.9549e-001 2.6560e-003 1.5699e-003 2.4696e-004
           1 4.0419e-003 8.6145e-001 1.0380e-001 2.9096e-002
           2 4.0380e-004 1.3453e-001 6.7510e-001 1.7284e-001
           3 4.3185e-005 7.1410e-005 2.0414e-001 6.3375e-001
           4 1.4130e-005 1.1442e-003 1.3488e-002 1.3332e-001
           5 5.1536e-006 3.1914e-005 6.9892e-004 2.9426e-002
           6 3.5497e-007 6.3326e-005 9.6955e-004 1.2353e-004
           7 1.3999e-006 3.3624e-005 5.7577e-005 5.5147e-004
           8 2.7187e-007 7.2385e-007 3.5596e-005 4.6336e-004
           9 1.2233e-008 3.2636e-006 7.0860e-005 6.4244e-005
          10 1.2392e-007 5.0709e-006 3.2443e-005 1.0511e-006
          11 1.1028e-007 2.8563e-006 5.4641e-006 2.0847e-005
          12 5.2512e-008 9.4004e-007 9.8550e-009 2.5363e-005
          13 1.8013e-008 1.8464e-007 9.1961e-007 1.8246e-005
          14 4.9195e-009 1.3136e-008 1.5771e-006 1.0386e-005
          15 1.0688e-009 4.4906e-010 1.1605e-006 4.6107e-006
