   v'->v''           0           1           2           3           4           5           6           7           8           9          10          11          12          13          14          15          16          17
           0 9.9909e-001 9.1122e-004 1.1698e-008 1.8868e-008 8.6887e-009 2.8942e-009 4.3704e-009 5.0798e-010 3.0663e-009 6.9271e-011 3.9146e-010 9.0373e-011 1.0143e-010 3.7337e-010 3.1506e-010 1.3203e-010 3.5467e-011 4.9954e-012
           1 9.0946e-004 9.9658e-001 2.5147e-003 5.5726e-007 8.1131e-008 5.5443e-009 6.1363e-009 1.3601e-008 1.9951e-009 7.2778e-009 4.4061e-011 9.8291e-010 1.9104e-010 1.3459e-010 4.5308e-010 3.1422e-010 1.1449e-010 1.9472e-011
           2 1.9080e-006 2.5055e-003 9.9217e-001 5.3173e-003 6.9539e-006 7.0974e-007 1.0619e-008 4.3466e-009 1.2493e-008 2.8454e-009 9.8789e-010 1.8711e-009 1.7552e-009 2.7398e-011 3.0924e-010 3.9755e-010 1.8828e-010 3.6936e-011
           3 6.0858e-008 8.1578e-006 5.2938e-003 9.8391e-001 1.0720e-002 6.4307e-005 6.6135e-006 2.9842e-007 3.9702e-009 2.1227e-008 4.9476e-009 3.0183e-011 4.9696e-009 2.2358e-009 1.2721e-010 1.5621e-011 2.4712e-011 5.2361e-012
           4 8.6070e-010 2.4714e-007 2.3041e-005 1.0715e-002 9.6559e-001 2.3059e-002 5.3194e-004 7.1173e-005 4.5266e-006 1.0617e-009 2.4404e-007 4.2850e-009 1.5595e-009 3.5847e-009 2.1449e-009 6.5579e-011 6.1083e-011 3.8869e-011
           5 9.3294e-009 4.6550e-010 1.0908e-006 5.6318e-005 2.3454e-002 9.1199e-001 5.8830e-002 4.7911e-003 8.2513e-004 5.0243e-005 5.5302e-007 7.2272e-007 1.4098e-007 2.9761e-008 6.0287e-011 7.1759e-009 8.2193e-009 2.3391e-009
           6 3.6446e-010 1.7077e-008 6.9734e-009 3.9261e-006 2.0850e-004 6.2474e-002 7.2415e-001 1.6707e-001 3.7912e-002 7.7849e-003 3.7299e-004 1.5460e-005 3.6955e-007 1.2526e-006 9.1470e-007 2.2586e-007 2.4721e-008 1.1708e-009
           7 1.4361e-009 4.7522e-010 1.2069e-008 4.2182e-007 1.2770e-005 2.3302e-003 1.9049e-001 3.5239e-001 2.9651e-001 1.2902e-001 2.8369e-002 7.8005e-004 8.7533e-005 4.6965e-006 5.7884e-008 1.4025e-006 1.1228e-006 2.8168e-007
           8 1.8977e-010 1.8563e-009 2.4050e-009 6.4845e-008 3.9202e-006 6.5496e-005 2.4551e-002 3.5134e-001 6.9762e-002 2.8797e-001 2.1453e-001 5.0956e-002 6.4407e-004 1.5648e-004 3.4080e-005 7.1234e-006 6.6020e-007 2.3785e-008
           9 8.5424e-011 1.0135e-009 1.1005e-009 8.3010e-009 1.0886e-006 7.5346e-006 1.3844e-003 1.0460e-001 2.9564e-001 9.8537e-005 2.1730e-001 3.0043e-001 7.9902e-002 3.3081e-004 1.6494e-004 6.2884e-005 2.5808e-005 5.1108e-006
          10 1.6770e-010 1.8802e-013 1.7349e-009 2.9446e-010 1.8909e-007 6.0267e-006 3.1247e-005 1.7657e-002 1.9492e-001 1.3216e-001 3.9611e-002 1.2430e-001 3.7553e-001 1.1551e-001 4.2587e-005 7.5960e-005 4.5153e-005 1.3064e-005
          11 2.2800e-011 2.4446e-010 8.6634e-011 5.3986e-012 1.3949e-008 3.3295e-006 1.3139e-006 1.9301e-003 7.3124e-002 1.7759e-001 1.7885e-002 8.6333e-002 4.4125e-002 4.3497e-001 1.6376e-001 1.9434e-005 6.6263e-006 1.8051e-006
          12 1.6908e-011 1.8222e-010 2.9097e-010 1.2918e-010 3.2997e-011 1.1010e-006 2.4006e-006 1.3984e-004 2.1539e-002 1.1590e-001 7.3011e-002 5.2670e-003 8.4117e-002 2.1293e-003 4.5772e-001 2.3914e-001 8.7964e-004 2.1774e-005
          13 7.2749e-011 3.8428e-011 6.3282e-010 3.4616e-010 1.4849e-010 2.6886e-007 2.9831e-006 5.9058e-006 5.9505e-003 5.6975e-002 7.2089e-002 3.3947e-003 3.4363e-002 3.6646e-002 1.4429e-002 4.3501e-001 3.3038e-001 6.0173e-003
          14 7.6290e-011 1.4817e-012 4.9501e-010 3.4156e-010 4.2543e-011 6.2043e-008 2.0651e-006 4.7538e-008 1.7716e-003 2.5131e-002 4.5374e-002 8.8552e-003 9.3336e-003 2.7975e-002 1.0292e-003 5.0900e-002 4.0531e-001 2.4486e-001
          15 5.7230e-011 6.7795e-013 3.1341e-010 2.4966e-010 2.3806e-012 1.8089e-008 1.2540e-006 4.1463e-008 6.7559e-004 1.2263e-002 2.6757e-002 8.3083e-003 2.6627e-003 1.6198e-002 3.8628e-003 9.6734e-003 5.2080e-002 6.1064e-001
          16 3.6149e-011 2.0315e-012 1.7845e-010 1.5519e-010 6.6780e-013 6.1258e-009 7.0170e-007 6.0623e-008 2.8823e-004 6.1077e-003 1.4847e-002 5.7443e-003 8.0598e-004 8.5948e-003 3.5179e-003 2.1487e-003 1.8632e-002 4.0574e-002
