   v'->v''           0           1           2           3           4           5           6           7           8           9          10          11          12          13          14          15          16          17          18          19
           0 9.9254e-001 7.4391e-003 1.8644e-005 4.0090e-007 2.9090e-008 1.9520e-008 1.4171e-009 3.5406e-009 2.0363e-009 3.3313e-010 5.5399e-010 3.8383e-012 2.1651e-010 8.8595e-011 1.7756e-012 7.1353e-011 1.0379e-010 6.8622e-011 2.8639e-011 1.0643e-011
           1 7.4026e-003 9.7440e-001 1.8127e-002 6.5048e-005 1.2837e-006 1.9223e-007 4.1369e-008 5.8379e-009 1.3094e-009 5.9817e-013 4.7738e-013 3.0856e-011 2.1142e-011 1.6902e-012 8.2246e-015 8.0362e-015 2.5420e-013 3.3995e-013 1.8001e-013 7.2475e-014
           2 5.5620e-005 1.7877e-002 9.4928e-001 3.2624e-002 1.5900e-004 2.8302e-006 3.1915e-007 1.3828e-007 1.7903e-009 2.2361e-008 3.0849e-009 1.1849e-009 2.2844e-010 6.2085e-010 1.1896e-009 5.4991e-010 1.1537e-010 1.3250e-011 1.2836e-012 1.8746e-013
           3 1.5512e-008 2.7846e-004 3.1705e-002 9.1620e-001 5.1491e-002 3.1675e-004 5.3747e-006 6.2692e-007 1.8142e-007 4.8272e-008 2.4414e-008 3.9068e-009 9.1023e-010 7.7098e-010 4.4548e-010 1.2907e-010 2.1970e-011 2.8032e-012 4.0944e-013 9.1968e-014
           4 1.1077e-007 1.6897e-006 8.5234e-004 4.8966e-002 8.7453e-001 7.5073e-002 5.6417e-004 1.0290e-005 9.4723e-007 3.8553e-007 3.4172e-008 8.3164e-008 2.3506e-008 4.7817e-010 9.0978e-011 1.0989e-009 1.7055e-009 1.1080e-009 4.5136e-010 1.6579e-010
           5 3.5798e-008 3.5088e-007 1.4105e-005 2.0750e-003 6.9259e-002 8.2427e-001 1.0345e-001 9.1690e-004 1.8875e-005 1.5600e-006 4.8652e-007 1.1453e-007 1.0821e-007 3.6923e-008 9.2075e-009 4.9529e-009 3.7520e-009 2.1298e-009 8.5119e-010 3.1203e-010
           6 1.3440e-008 1.0194e-007 6.5211e-008 6.7719e-005 4.3215e-003 9.1632e-002 7.6587e-001 1.3670e-001 1.3756e-003 3.5671e-005 2.3718e-006 8.8495e-007 1.1698e-007 1.8629e-007 1.0922e-007 2.8577e-008 6.9897e-009 2.2637e-009 7.7452e-010 2.7313e-010
           7 2.8895e-009 1.0436e-007 2.9396e-007 3.3317e-007 2.2837e-004 8.0339e-003 1.1479e-001 7.0035e-001 1.7461e-001 1.9067e-003 6.9235e-005 4.1642e-006 1.2157e-006 2.4975e-007 2.3547e-007 1.4657e-007 5.9071e-008 2.0444e-008 6.5629e-009 2.2244e-009
           8 8.0098e-010 3.7617e-008 2.2766e-007 2.0612e-007 6.7756e-006 6.3226e-004 1.3648e-002 1.3686e-001 6.2962e-001 2.1669e-001 2.3884e-003 1.3940e-004 8.0432e-006 1.8526e-006 4.2962e-007 2.9073e-007 1.8014e-007 7.8986e-008 2.7559e-008 9.5860e-009
           9 5.8407e-010 7.8585e-010 8.0327e-008 4.4835e-007 6.2645e-009 3.9755e-005 1.5066e-003 2.1443e-002 1.5540e-001 5.5661e-001 2.6212e-001 2.5547e-003 2.8700e-004 1.9216e-005 3.3312e-006 6.3096e-007 3.0154e-007 1.6196e-007 6.4370e-008 2.3560e-008
          10 3.2027e-010 2.0007e-010 2.1231e-008 2.5438e-007 4.7970e-007 1.2131e-006 1.5267e-004 3.1828e-003 3.1377e-002 1.6761e-001 4.8561e-001 3.0942e-001 2.0305e-003 5.4291e-004 6.1180e-005 1.0280e-005 1.7399e-006 4.0946e-007 1.1975e-007 3.9843e-008
          11 5.4494e-011 3.2343e-010 9.6611e-009 7.2695e-008 3.9139e-007 1.5425e-007 1.3252e-005 4.6282e-004 6.0659e-003 4.2808e-002 1.7039e-001 4.2228e-001 3.5609e-001 8.2708e-004 8.1364e-004 1.7161e-004 4.1354e-005 1.0597e-005 2.9385e-006 9.4087e-007
          12 1.7562e-012 1.8372e-009 6.2474e-009 2.5910e-008 1.8522e-007 4.1545e-007 3.6141e-007 6.8805e-005 1.1919e-003 1.0520e-002 5.4158e-002 1.6157e-001 3.7126e-001 3.9973e-001 2.5245e-005 7.9763e-004 3.3741e-004 1.1129e-004 3.4085e-005 1.1290e-005
          13 3.0637e-011 1.5373e-009 3.1686e-009 1.8567e-008 9.6480e-008 3.1215e-007 1.0481e-007 8.6161e-006 2.5392e-004 2.6656e-003 1.6541e-002 6.2373e-002 1.4193e-001 3.3871e-001 4.3197e-001 4.2584e-003 7.5167e-005 1.7343e-004 7.8343e-005 2.9162e-005
          14 3.9265e-011 4.6577e-010 1.0698e-009 1.4991e-008 6.1474e-008 2.0276e-007 2.5339e-007 6.7365e-007 5.5902e-005 7.5064e-004 5.2541e-003 2.3238e-002 6.4441e-002 1.1170e-001 3.3518e-001 4.3325e-001 2.2822e-002 1.8259e-003 2.5053e-004 5.7721e-005
          15 2.9003e-011 2.9974e-011 2.4432e-010 9.6353e-009 3.9659e-008 1.3149e-007 2.2755e-007 4.8636e-009 1.2751e-005 2.3066e-004 1.8172e-003 8.8894e-003 2.8149e-002 5.7428e-002 7.5141e-002 3.7627e-001 3.6571e-001 5.1615e-002 1.0858e-002 3.1376e-003
          16 1.6578e-011 1.0988e-011 3.9478e-011 4.8654e-009 2.2634e-008 7.8755e-008 1.5629e-007 2.4121e-008 3.1312e-006 7.5690e-005 6.6834e-004 3.5206e-003 1.1988e-002 2.7357e-002 4.0131e-002 3.8670e-002 4.8688e-001 2.1172e-001 4.6809e-002 1.3934e-002
          17 6.7986e-012 2.5334e-011 4.8467e-012 1.7789e-009 9.3658e-009 3.4288e-008 7.3169e-008 2.6669e-008 7.5578e-007 2.2714e-005 2.1727e-004 1.1967e-003 4.2550e-003 1.0172e-002 1.6156e-002 1.6514e-002 1.1454e-002 6.5660e-001 1.1940e-001 1.6806e-002
