   v'->v''           0           1           2           3           4           5           6           7           8           9          10          11          12          13          14          15          16          17
           0 9.9993e-001 7.0757e-005 1.3556e-007 2.7571e-010 5.9073e-010 7.2263e-009 3.3530e-009 7.9155e-012 1.9988e-009 8.1771e-011 4.9245e-010 3.6701e-010 3.8822e-012 9.4029e-011 1.4268e-010 7.6910e-011 2.4260e-011 3.7780e-012
           1 7.0717e-005 9.9977e-001 1.6357e-004 4.8903e-007 2.8359e-009 6.1768e-010 1.9632e-009 3.9638e-010 3.0880e-010 2.4037e-011 2.3958e-010 1.4058e-010 5.1083e-011 3.0437e-011 2.7032e-011 2.0647e-011 1.1765e-011 2.9327e-012
           2 2.1591e-007 1.6318e-004 9.9955e-001 2.8968e-004 1.1256e-006 1.6634e-009 2.8876e-009 1.1440e-008 8.1803e-009 4.9733e-010 3.5398e-009 4.3182e-011 1.8763e-009 9.3394e-010 3.2136e-011 7.9890e-011 1.3729e-010 4.5498e-011
           3 1.0767e-009 8.2420e-007 2.8860e-004 9.9926e-001 4.5002e-004 2.8153e-006 2.7783e-008 7.8843e-010 1.6302e-010 2.6875e-010 6.0506e-010 1.1744e-010 5.1771e-011 3.0984e-011 7.7065e-013 1.0043e-011 5.7334e-012 1.0208e-012
           4 3.3924e-009 1.2067e-008 1.9659e-006 4.4705e-004 9.9889e-001 6.5397e-004 6.1251e-006 6.7077e-008 1.0957e-008 1.4456e-008 1.3531e-008 8.4880e-011 5.1552e-009 2.1638e-010 1.0866e-009 1.4335e-009 6.2624e-010 1.1484e-010
           5 2.4685e-009 5.4568e-009 2.3647e-008 4.8658e-006 6.4780e-004 9.9844e-001 8.9158e-004 1.1786e-005 2.2280e-007 1.1661e-008 2.1641e-009 5.4997e-009 1.4079e-010 1.3111e-009 9.6952e-012 3.0637e-010 3.1210e-010 8.0145e-011
           6 3.4121e-009 2.2934e-009 2.6524e-009 8.8349e-008 1.0219e-005 8.7938e-004 9.9792e-001 1.1663e-003 2.1945e-005 5.4689e-007 6.8576e-008 1.8201e-008 1.7210e-008 1.9525e-009 4.1683e-009 3.8494e-009 8.0553e-010 6.3225e-011
           7 2.5345e-011 1.1447e-008 8.3690e-009 2.1993e-010 2.6238e-007 1.9321e-005 1.1447e-003 9.9732e-001 1.4711e-003 3.8902e-005 1.3651e-006 1.3190e-007 3.8186e-009 1.1063e-008 2.2164e-009 1.1020e-009 1.9935e-009 5.4555e-010
           8 9.0151e-010 6.1725e-011 9.5971e-009 4.0452e-009 4.7710e-011 6.7039e-007 3.4712e-005 1.4344e-003 9.9668e-001 1.7778e-003 6.7292e-005 3.0947e-006 3.3449e-007 3.4878e-010 1.2804e-008 6.6965e-009 3.3189e-010 6.0720e-012
           9 9.4621e-016 2.6794e-009 3.0381e-012 4.5186e-009 1.7112e-008 5.9158e-009 1.6008e-006 5.9300e-005 1.7194e-003 9.9606e-001 2.0376e-003 1.1533e-004 6.8331e-006 9.9763e-007 1.6672e-008 1.8074e-008 1.8900e-008 4.7177e-009
          10 6.2151e-010 1.5372e-010 2.8041e-009 1.1812e-010 1.0449e-008 2.8526e-008 4.4067e-008 3.5228e-006 9.7628e-005 1.9514e-003 9.9557e-001 2.1642e-003 1.9548e-004 1.5656e-005 2.8008e-006 2.0409e-007 4.4164e-008 1.1514e-008
          11 3.6579e-010 4.0919e-010 3.3514e-012 7.3087e-010 3.2426e-012 8.9985e-009 4.6567e-008 1.6145e-007 7.1937e-006 1.5584e-004 2.0465e-003 9.9540e-001 2.0120e-003 3.2605e-004 3.7139e-005 7.2807e-006 1.3466e-006 2.0498e-007
          12 2.2051e-013 1.8157e-010 1.1229e-009 1.6224e-010 4.2355e-009 1.3423e-010 5.9820e-009 9.9201e-008 5.7355e-007 1.4858e-005 2.4278e-004 1.8728e-003 9.9586e-001 1.3628e-003 5.1844e-004 9.1702e-005 2.0412e-005 3.1008e-006
          13 1.6957e-010 5.1593e-011 5.7222e-010 7.4583e-010 3.4599e-010 4.8024e-009 8.2210e-010 1.6025e-009 1.8392e-007 1.4069e-006 2.9223e-005 3.6659e-004 1.2435e-003 9.9709e-001 3.4870e-004 5.4388e-004 1.8087e-004 3.4297e-005
          14 2.8828e-010 4.0060e-010 1.5606e-014 2.0416e-010 7.9770e-010 1.5452e-009 3.1433e-009 2.7755e-009 3.7954e-009 5.7650e-007 4.0126e-006 5.5681e-005 5.2485e-004 2.9994e-004 9.9807e-001 6.4005e-005 2.9974e-004 7.6216e-005
          15 2.1949e-010 4.7142e-010 2.4598e-010 3.0478e-012 1.3368e-009 5.7916e-011 2.6142e-009 8.2057e-010 1.6322e-010 7.1341e-008 1.3543e-006 1.0467e-005 1.1180e-004 5.4703e-004 6.2412e-005 9.9330e-001 5.0543e-003 6.0882e-005
          16 1.1343e-010 2.9952e-010 3.7370e-010 9.0171e-011 6.3881e-010 6.9661e-010 3.5626e-010 2.5729e-009 2.0704e-010 2.6127e-009 3.3746e-007 3.4020e-006 2.3055e-005 1.9235e-004 4.0099e-004 5.0910e-003 9.5750e-001 1.9084e-002
          17 4.0724e-011 1.1833e-010 2.1678e-010 8.1453e-011 1.6547e-010 5.0753e-010 1.0108e-012 1.2417e-009 5.3728e-010 8.1799e-011 6.8628e-008 9.8223e-007 6.2475e-006 5.1730e-005 1.4220e-004 3.9948e-005 3.4389e-002 7.0797e-001
