   v'->v''           0           1           2           3
           0 9.9807e-001 1.9280e-003 3.2890e-006 6.0972e-008
           1 1.9287e-003 9.9234e-001 5.7125e-003 1.7659e-005
           2 2.1938e-006 5.7102e-003 9.8085e-001 1.3353e-002
           3 3.4440e-008 2.0337e-005 1.3302e-002 9.5640e-001
           4 3.5411e-009 4.1305e-007 1.2269e-004 2.9459e-002
           5 9.1391e-009 5.2968e-009 4.2361e-006 7.2843e-004
           6 9.1073e-009 4.9164e-009 8.2603e-008 4.4691e-005
           7 2.7125e-013 2.6186e-008 5.8683e-011 2.6662e-006
           8 1.5755e-009 2.7721e-009 2.5754e-008 1.7459e-007
           9 1.9270e-010 7.0287e-009 6.5891e-009 1.3666e-009
          10 1.7575e-009 2.7647e-010 3.9823e-010 1.0453e-008
          11 4.5848e-010 2.5379e-009 3.6041e-009 7.2874e-009
          12 1.0492e-010 3.0257e-010 9.2604e-010 3.2847e-009
          13 7.4308e-010 3.2465e-010 4.5394e-010 6.2370e-010
          14 7.9070e-010 8.7124e-010 1.5643e-009 1.8080e-009
          15 4.4728e-010 5.7628e-010 9.8867e-010 5.3506e-010
          16 1.7664e-010 2.0234e-010 3.0316e-010 2.3659e-011
          17 5.0749e-011 4.5018e-011 5.6183e-011 4.5203e-012
