   v'->v''           0           1           2           3           4           5           6           7           8           9          10          11          12          13          14          15          16          17          18
           0 9.1558e-001 8.3389e-002 1.0325e-003 6.0578e-007 8.9710e-009 8.9353e-010 5.7278e-009 4.2907e-009 9.4228e-011 2.1296e-009 6.3049e-011 3.1090e-010 1.5648e-010 4.6331e-014 3.9210e-011 3.2139e-011 1.4043e-011 1.0834e-011 6.6180e-012
           1 7.6154e-002 7.5515e-001 1.6527e-001 3.4235e-003 2.5859e-006 3.2098e-008 9.1626e-010 1.6075e-009 4.6311e-010 6.1254e-010 1.7296e-011 1.6741e-011 1.8878e-012 7.6437e-013 8.9715e-013 2.5955e-013 7.3472e-014 4.4314e-014 2.2695e-014
           2 7.2525e-003 1.3695e-001 6.0440e-001 2.4389e-001 7.4980e-003 6.4098e-006 2.3496e-007 1.6329e-014 1.5097e-008 6.3156e-009 2.4134e-009 4.6256e-009 6.2425e-012 7.8235e-010 5.5233e-010 1.6729e-010 5.1034e-011 3.2573e-011 1.7479e-011
           3 8.6287e-004 2.0405e-002 1.8132e-001 4.6655e-001 3.1741e-001 1.3448e-002 9.4950e-006 8.2533e-007 7.3879e-009 1.7909e-009 6.9386e-011 2.0414e-009 6.8567e-010 4.3584e-011 4.0023e-012 2.1624e-012 1.0608e-012 8.9117e-013 5.7966e-013
           4 1.2488e-004 3.3123e-003 3.7692e-002 2.0859e-001 3.4487e-001 3.8408e-001 2.1315e-002 7.1903e-006 2.7921e-006 2.4885e-008 2.5927e-008 9.0397e-009 6.8397e-010 6.9732e-009 2.9072e-009 6.0537e-010 1.5294e-010 8.7011e-011 4.2844e-011
           5 2.3063e-005 6.0948e-004 7.8602e-003 5.7097e-002 2.1890e-001 2.4215e-001 4.4266e-001 3.0705e-002 1.4245e-007 7.3144e-006 2.2505e-007 2.2030e-008 1.6846e-009 6.6366e-011 1.2005e-009 6.5272e-010 2.4051e-010 1.6910e-010 9.6874e-011
           6 4.7771e-006 1.3451e-004 1.7758e-003 1.4700e-002 7.6088e-002 2.1330e-001 1.6008e-001 4.9312e-001 4.0738e-002 3.0313e-005 1.5974e-005 9.7251e-007 1.6285e-007 1.4680e-011 2.6563e-009 4.8374e-010 8.4802e-011 3.3977e-011 1.1704e-011
           7 1.1008e-006 3.3034e-005 4.5824e-004 3.9614e-003 2.3652e-002 9.2184e-002 1.9421e-001 9.8913e-002 5.3670e-001 4.9551e-002 3.1181e-004 2.2347e-005 5.1017e-006 7.4914e-007 5.6821e-008 3.6937e-009 5.0241e-010 1.8929e-010 6.6538e-011
           8 3.2991e-007 9.0259e-006 1.2987e-004 1.1747e-003 7.4456e-003 3.4018e-002 1.0293e-001 1.6509e-001 5.7534e-002 5.7662e-001 5.3485e-002 1.5434e-003 3.0881e-006 1.3190e-005 4.8400e-006 1.2392e-006 3.6869e-007 2.3475e-007 1.2636e-007
           9 1.2488e-007 2.9909e-006 4.0655e-005 3.7915e-004 2.5248e-003 1.2389e-002 4.4567e-002 1.0636e-001 1.3008e-001 3.3523e-002 6.1746e-001 4.7418e-002 5.0940e-003 1.2860e-004 9.5339e-009 1.6345e-006 8.7124e-007 7.0875e-007 4.4294e-007
          10 4.8158e-008 1.1753e-006 1.4640e-005 1.3453e-004 9.1814e-004 4.7381e-003 1.8594e-002 5.3601e-002 1.0153e-001 9.3812e-002 2.3407e-002 6.6272e-001 2.6547e-002 1.1639e-002 1.7595e-003 2.8486e-004 7.0987e-005 4.1130e-005 2.0753e-005
          11 1.6875e-008 4.8598e-007 5.9623e-006 5.3159e-005 3.6083e-004 1.9216e-003 7.9680e-003 2.5349e-002 5.9084e-002 8.8611e-002 6.1056e-002 2.6330e-002 7.0410e-001 7.5885e-004 1.0062e-002 3.7835e-003 1.2522e-003 8.3907e-004 4.6684e-004
          12 5.7465e-009 1.9775e-007 2.5988e-006 2.3033e-005 1.5536e-004 8.3465e-004 3.5767e-003 1.2131e-002 3.1407e-002 5.9003e-002 6.9877e-002 3.3492e-002 5.6357e-002 6.6889e-001 4.1983e-002 1.3164e-003 4.8718e-005 1.4897e-007 5.0476e-006
          13 2.3051e-009 8.1138e-008 1.1786e-006 1.0672e-005 7.2638e-005 3.8990e-004 1.6981e-003 5.9766e-003 1.6591e-002 3.5004e-002 5.2397e-002 4.9406e-002 1.1234e-002 1.6512e-001 3.6653e-001 1.1593e-001 3.3957e-002 2.1156e-002 1.1169e-002
          14 1.2488e-009 3.5812e-008 5.5908e-007 5.2093e-006 3.6024e-005 1.9362e-004 8.5016e-004 3.0494e-003 8.8536e-003 2.0050e-002 3.3917e-002 4.0422e-002 3.0713e-002 2.8574e-004 3.9333e-001 4.9498e-003 1.1267e-002 1.2169e-002 8.6303e-003
          15 8.3565e-010 1.7537e-008 2.7816e-007 2.6386e-006 1.8441e-005 9.9654e-005 4.4007e-004 1.5965e-003 4.7534e-003 1.1251e-002 2.0580e-002 2.7480e-002 2.5433e-002 1.9473e-002 7.3068e-002 2.9539e-001 7.7334e-002 4.1139e-002 1.8836e-002
          16 5.5602e-010 8.9659e-009 1.3868e-007 1.3201e-006 9.2483e-006 5.0292e-005 2.2311e-004 8.1603e-004 2.4626e-003 5.9839e-003 1.1460e-002 1.6423e-002 1.6732e-002 1.1969e-002 2.9525e-002 3.7852e-001 1.7889e-004 1.0046e-002 1.1350e-002
          17 2.6469e-010 3.6701e-009 5.5041e-008 5.2216e-007 3.6517e-006 1.9943e-005 8.8732e-005 3.2617e-004 9.9092e-004 2.4405e-003 4.7796e-003 7.1062e-003 7.6437e-003 5.7811e-003 3.1876e-003 1.6254e-001 4.5346e-001 7.5476e-002 2.0766e-002
