   v'->v''           0           1           2           3           4           5           6           7           8           9          10          11          12          13          14          15          16          17          18          19          20          21          22          23          24          25          26          27          28          29          30          31          32
           0 9.6759e-001 6.4352e-007 2.4598e-007 3.2141e-002 1.2032e-004 1.6038e-005 1.1297e-004 6.0731e-006 2.5471e-006 5.5392e-006 1.5243e-006 5.3305e-008 2.4758e-008 4.0608e-008 1.0015e-008 1.9873e-012 3.0247e-009 3.8869e-009 1.7017e-009 1.0518e-010 3.2966e-010 1.4268e-009 2.1925e-009 2.1510e-009 1.5277e-009 7.8980e-010 2.6583e-010 3.3551e-011 4.8539e-012 5.2754e-011 9.1562e-011 9.2151e-011 5.7061e-011
           1 2.9812e-002 2.6478e-006 5.1295e-005 9.1478e-001 2.3556e-003 9.6563e-005 3.6675e-002 1.2337e-002 2.4675e-003 1.2801e-003 8.9799e-005 1.1388e-005 3.1430e-005 1.3221e-005 1.0333e-006 3.0168e-007 1.0008e-006 5.9792e-007 1.0385e-007 3.3997e-009 6.7995e-008 8.8441e-008 5.2390e-008 1.4201e-008 2.0523e-010 3.8324e-009 1.0767e-008 1.3475e-008 1.1647e-008 7.8681e-009 4.3405e-009 1.9781e-009 6.8662e-010
           2 2.3720e-003 3.1434e-005 2.7334e-004 4.0899e-002 3.1397e-003 1.7779e-002 7.4674e-001 1.3948e-001 4.6134e-004 1.4292e-002 2.0909e-002 1.0027e-002 3.0755e-003 3.1914e-004 1.1169e-005 9.4268e-005 6.6733e-005 1.6391e-005 1.6109e-007 2.7476e-006 4.9420e-006 3.3895e-006 1.1380e-006 8.5653e-008 7.7395e-008 3.4979e-007 4.6446e-007 3.8293e-007 2.2627e-007 9.6620e-008 2.6610e-008 2.9919e-009 1.1451e-011
           3 1.8822e-004 4.1180e-004 2.4597e-003 8.8168e-003 7.4432e-003 2.1702e-002 3.5460e-004 9.2056e-002 2.4858e-001 4.3243e-001 1.3734e-001 5.8956e-003 6.1806e-003 1.7299e-002 1.2712e-002 4.8323e-003 8.5524e-004 4.6655e-006 1.1311e-004 1.6923e-004 9.8184e-005 2.6493e-005 8.7463e-007 3.3379e-006 9.5020e-006 1.0172e-005 6.8359e-006 3.1025e-006 8.2785e-007 4.7789e-008 6.2261e-008 2.3643e-007 2.3399e-007
           4 2.9693e-005 3.9454e-003 1.6060e-002 3.9692e-005 3.8022e-002 6.8133e-002 4.6343e-002 3.7379e-002 4.0530e-002 1.3912e-002 1.9628e-001 2.6289e-001 1.8359e-001 5.6140e-002 2.4560e-003 4.2642e-003 1.1831e-002 1.0579e-002 5.3241e-003 1.5367e-003 1.5188e-004 1.9658e-005 1.4541e-004 1.7497e-004 1.1629e-004 4.8663e-005 1.0509e-005 8.8542e-008 2.6858e-006 6.9876e-006 8.5282e-006 7.2119e-006 4.0711e-006
           5 4.1883e-006 2.4741e-002 6.5373e-002 9.9437e-004 9.5154e-002 9.4399e-002 1.3010e-003 6.7376e-002 1.6676e-002 6.0875e-003 7.7130e-003 1.3632e-002 1.2122e-001 2.0805e-001 1.6306e-001 7.2321e-002 1.4715e-002 1.0970e-005 4.4298e-003 8.4010e-003 7.4473e-003 4.3016e-003 1.6768e-003 3.7066e-004 1.2122e-005 3.6481e-005 1.0841e-004 1.2560e-004 9.8179e-005 5.9176e-005 2.8579e-005 1.1086e-005 3.2161e-006
           6 5.6380e-007 9.3967e-002 1.3655e-001 9.2187e-005 9.8915e-002 3.2948e-002 1.9367e-003 1.8593e-003 2.0638e-002 3.4006e-002 1.4226e-004 1.7165e-002 3.8676e-003 1.7647e-002 9.8819e-002 1.5986e-001 1.4503e-001 8.2242e-002 2.7166e-002 2.9918e-003 5.6229e-004 4.5028e-003 6.6309e-003 5.8012e-003 3.6714e-003 1.7539e-003 6.0265e-004 1.1647e-004 1.4422e-006 2.0890e-005 5.3133e-005 5.9962e-005 3.9224e-005
           7 2.4079e-007 2.3318e-001 1.1751e-001 2.2049e-006 1.0538e-002 1.1537e-002 1.3834e-002 3.0335e-002 3.2209e-002 1.9028e-003 3.6238e-002 9.0637e-003 3.2518e-003 1.2387e-002 5.0929e-004 1.8879e-002 7.9572e-002 1.2652e-001 1.2047e-001 7.8013e-002 3.4354e-002 8.5419e-003 2.9633e-004 1.1327e-003 3.7189e-003 4.8553e-003 4.3514e-003 3.0777e-003 1.8061e-003 8.9454e-004 3.7139e-004 1.2656e-004 3.2748e-005
           8 1.1711e-007 3.3461e-001 2.7048e-003 2.8981e-004 5.1349e-002 6.7776e-002 2.6185e-005 2.2408e-002 2.3112e-003 2.2267e-002 1.6539e-004 2.5771e-002 2.0613e-002 1.2587e-004 8.7196e-003 7.8000e-003 1.6349e-004 2.2649e-002 6.9477e-002 1.0174e-001 9.8651e-002 6.9919e-002 3.6656e-002 1.3161e-002 2.2787e-003 7.7391e-006 1.2684e-003 2.8027e-003 3.4092e-003 3.1224e-003 2.3718e-003 1.5330e-003 7.4425e-004
           9 2.4489e-008 2.4292e-001 1.5204e-001 1.1759e-004 7.6034e-002 8.0809e-005 1.1416e-002 2.0102e-002 3.4927e-002 4.1374e-004 2.4178e-002 1.7276e-003 1.3196e-002 2.2952e-002 3.7128e-003 2.4696e-003 9.0985e-003 2.8293e-003 2.3173e-003 2.5801e-002 6.0583e-002 8.2163e-002 7.9574e-002 5.9393e-002 3.4890e-002 1.5704e-002 4.7948e-003 5.7696e-004 7.1810e-005 8.2721e-004 1.4895e-003 1.5857e-003 1.0427e-003
          10 2.3039e-009 6.4011e-002 3.6303e-001 2.4192e-004 3.3297e-002 7.2363e-002 1.8127e-004 2.1568e-002 6.2649e-003 2.1752e-002 2.3155e-003 2.2830e-002 4.0530e-003 7.5138e-003 2.1055e-002 8.0448e-003 1.0157e-004 6.1702e-003 6.0244e-003 2.0971e-004 6.2186e-003 2.8410e-002 5.3596e-002 6.6878e-002 6.3614e-002 4.8980e-002 3.1281e-002 1.6522e-002 6.9557e-003 2.1022e-003 3.1803e-004 8.0877e-009 5.7289e-005
          11 7.8363e-010 1.3802e-003 1.3970e-001 1.2166e-003 3.9728e-001 9.0644e-003 1.0340e-002 2.7192e-002 2.4655e-002 9.1947e-003 1.5686e-002 2.0407e-003 1.8635e-002 3.9714e-003 4.7066e-003 1.7336e-002 9.8487e-003 2.2707e-004 3.3163e-003 6.2485e-003 2.0529e-003 5.9937e-004 1.0865e-002 2.9575e-002 4.6232e-002 5.3025e-002 4.9103e-002 3.8447e-002 2.6027e-002 1.5407e-002 7.9682e-003 3.5648e-003 1.2515e-003
          12 1.8299e-009 7.0043e-004 2.7599e-004 3.2249e-004 1.7252e-001 4.3207e-001 1.7291e-002 6.3071e-003 1.3196e-002 9.3304e-003 2.4610e-002 9.5123e-003 2.8287e-003 1.6052e-002 2.8686e-003 3.5731e-003 1.4027e-002 9.3522e-003 6.8618e-004 1.7023e-003 5.0977e-003 3.1487e-003 3.5698e-005 3.5705e-003 1.4962e-002 2.8623e-002 3.8105e-002 4.0347e-002 3.6068e-002 2.8151e-002 1.9459e-002 1.1833e-002 5.5237e-003
          13 2.7880e-009 1.0124e-007 3.6483e-003 2.3504e-005 4.7408e-003 1.2072e-001 9.6380e-002 3.9312e-001 6.8946e-002 1.4622e-004 4.8982e-003 4.0087e-002 1.1845e-003 4.1903e-003 1.4033e-002 1.1198e-003 3.5932e-003 1.1673e-002 7.5096e-003 6.9602e-004 1.0388e-003 3.9485e-003 3.1488e-003 3.6523e-004 1.1143e-003 7.5526e-003 1.7115e-002 2.5396e-002 2.9303e-002 2.8325e-002 2.3659e-002 1.6988e-002 9.0118e-003
          14 2.4017e-009 2.0558e-005 3.3767e-004 6.9346e-006 4.9128e-003 4.0720e-002 1.4717e-006 2.5190e-002 3.4617e-001 2.0761e-001 5.1082e-002 2.2693e-002 7.5997e-002 8.5917e-003 1.1528e-003 1.5061e-002 6.3620e-005 3.4125e-003 1.0213e-002 4.7225e-003 3.7277e-004 9.4502e-004 3.0798e-003 2.5184e-003 4.5944e-004 4.3845e-004 4.2311e-003 1.0415e-002 1.6224e-002 1.9445e-002 1.9170e-002 1.5659e-002 9.0921e-003
          15 1.3930e-009 8.7624e-006 2.9346e-006 6.0214e-006 3.0181e-003 4.8855e-005 8.8965e-003 6.7914e-002 4.2962e-002 2.2673e-002 1.9410e-001 1.4943e-001 6.6309e-002 1.4677e-001 8.9289e-002 9.6741e-003 3.4526e-002 1.1528e-002 2.6397e-004 1.3250e-002 8.2258e-004 2.7164e-004 1.5464e-003 2.0088e-003 1.8269e-003 2.2732e-004 3.3101e-004 2.7747e-003 6.6788e-003 1.0097e-002 1.1679e-002 1.0740e-002 6.7411e-003
          16 6.1307e-010 1.9611e-006 3.1656e-005 1.6770e-006 6.5955e-004 2.2255e-003 4.6336e-003 1.9506e-002 3.8214e-003 7.7166e-002 1.0083e-001 4.0025e-004 2.7850e-002 2.1630e-002 9.7386e-002 1.7475e-001 7.9499e-002 1.0495e-001 9.4946e-002 2.2103e-002 4.9600e-002 1.0319e-002 6.4382e-003 9.5785e-003 2.9170e-005 3.2359e-003 1.8843e-004 9.0584e-005 2.8048e-003 3.7956e-003 5.9770e-003 5.8627e-003 3.8652e-003
          17 2.0030e-010 3.3096e-007 1.8227e-005 3.4689e-007 9.8863e-005 1.5675e-003 1.1890e-003 3.0046e-003 9.8505e-003 3.3232e-002 1.4317e-002 1.6652e-002 3.9884e-002 1.5981e-002 2.7797e-002 1.3213e-002 4.7288e-003 9.6510e-003 3.2076e-002 9.1782e-002 6.5277e-002 1.1416e-001 9.7827e-002 7.8483e-002 9.1345e-002 5.0650e-002 5.1865e-002 3.7082e-002 1.7859e-002 2.7483e-002 3.1862e-003 1.5451e-002 4.3533e-005
