   v'->v''           0           1           2           3           4           5           6           7           8           9          10          11          12          13          14          15          16          17          18
           0 9.9782e-001 2.0525e-003 9.8583e-005 2.7818e-005 3.2592e-006 5.9074e-008 2.6287e-007 2.6820e-007 1.4100e-007 6.7899e-008 2.0807e-008 1.2983e-009 1.2455e-009 4.2741e-009 5.1093e-009 4.6583e-009 3.5339e-009 2.0974e-009 6.8357e-010
           1 2.0990e-003 9.9305e-001 4.6839e-003 1.1854e-004 4.2163e-005 7.3777e-006 5.1238e-007 3.6541e-008 2.1726e-007 2.3078e-007 1.4206e-007 6.1663e-008 2.0864e-008 5.8566e-009 1.4004e-009 2.2155e-010 3.9305e-012 1.3362e-011 1.2085e-011
           2 3.9322e-005 4.8205e-003 9.8617e-001 8.8027e-003 9.7340e-005 5.4481e-005 1.3286e-005 2.5312e-006 5.6027e-008 2.2700e-008 1.0653e-007 1.7093e-007 1.4202e-007 8.0997e-008 4.1775e-008 2.2014e-008 1.1467e-008 5.3814e-009 1.5739e-009
           3 3.6121e-005 1.0793e-005 8.9594e-003 9.7689e-001 1.3947e-002 6.5486e-005 6.4847e-005 2.1195e-005 5.4053e-006 8.7234e-007 5.5120e-008 2.0244e-008 8.4877e-008 9.3978e-008 7.7540e-008 5.9849e-008 4.2125e-008 2.4275e-008 7.8411e-009
           4 8.1949e-006 4.8344e-005 8.1986e-006 1.3965e-002 9.6589e-001 1.9937e-002 2.8673e-005 7.1129e-005 2.7650e-005 9.8738e-006 2.0885e-006 5.3709e-007 8.8616e-008 7.0644e-011 1.7258e-008 3.3463e-008 3.3787e-008 2.2734e-008 7.7735e-009
           5 2.7964e-007 1.6503e-005 4.4827e-005 1.1309e-004 1.9547e-002 9.5344e-001 2.6708e-002 1.4594e-006 6.9544e-005 3.3432e-005 1.3740e-005 4.4730e-006 1.6250e-006 5.5279e-007 1.7124e-007 4.8536e-008 1.1621e-008 2.2557e-009 3.3586e-010
           6 4.8206e-008 2.2293e-006 2.7054e-005 2.9852e-005 3.9461e-004 2.5480e-002 9.3988e-001 3.4033e-002 2.3026e-005 6.1449e-005 3.6059e-005 1.8788e-005 6.9140e-006 3.0864e-006 1.6337e-006 8.9844e-007 4.6465e-007 2.0915e-007 5.9114e-008
           7 2.3915e-007 1.1006e-007 6.8666e-006 3.3783e-005 8.6246e-006 9.4029e-004 3.1363e-002 9.2606e-001 4.1275e-002 1.7873e-004 4.4861e-005 3.6724e-005 2.1445e-005 9.8381e-006 5.1827e-006 3.1294e-006 1.8686e-006 9.5907e-007 2.9171e-007
           8 3.0581e-007 9.2058e-008 1.5458e-006 1.4189e-005 3.3435e-005 1.0896e-006 1.8339e-003 3.6446e-002 9.1365e-001 4.7222e-002 6.7583e-004 1.8853e-005 3.2016e-005 2.1919e-005 1.2303e-005 7.3440e-006 4.4565e-006 2.3708e-006 7.3947e-007
           9 1.7964e-007 2.9278e-007 7.7964e-008 4.7621e-006 1.9789e-005 2.3464e-005 4.1302e-005 3.1280e-003 3.9566e-002 9.0546e-001 4.9619e-002 2.0340e-003 1.0991e-006 1.7755e-005 1.9422e-005 1.3687e-005 8.3941e-006 4.4032e-006 1.3652e-006
          10 5.0258e-008 2.3903e-007 6.7739e-008 9.6209e-007 9.4278e-006 2.1561e-005 7.8321e-006 1.7445e-004 4.8467e-003 3.8965e-002 9.0600e-001 4.4301e-002 5.3670e-003 2.0319e-004 3.3920e-007 7.2737e-006 9.2919e-006 5.9874e-006 1.9606e-006
          11 4.5630e-009 1.2113e-007 1.6433e-007 7.1576e-008 3.2186e-006 1.3986e-005 1.8405e-005 1.5537e-007 4.5468e-004 6.9688e-003 3.2153e-002 9.2104e-001 2.5812e-002 1.1329e-002 1.8327e-003 2.5499e-004 2.6726e-005 1.5604e-006 2.9657e-008
          12 2.6113e-010 5.3336e-008 1.4139e-007 4.7196e-009 8.1936e-007 6.6604e-006 1.6034e-005 9.1096e-006 2.3723e-005 9.2855e-004 9.3934e-003 1.7075e-002 9.4803e-001 1.8274e-003 1.3076e-002 6.1089e-003 2.0847e-003 6.3734e-004 1.4465e-004
          13 2.2633e-009 2.3670e-008 1.0215e-007 4.6826e-008 1.7138e-007 2.6397e-006 9.7433e-006 1.3424e-005 2.9783e-007 1.1775e-004 1.6137e-003 1.2006e-002 8.4672e-004 9.4499e-001 2.0246e-002 2.3016e-003 5.3280e-003 3.2535e-003 9.8400e-004
          14 2.8708e-009 1.0408e-008 7.4070e-008 7.6131e-008 2.3588e-008 1.0406e-006 5.1711e-006 1.0547e-005 5.8054e-006 9.7682e-006 3.1548e-004 2.4523e-003 1.4580e-002 1.7703e-002 8.4826e-001 9.5016e-002 6.6417e-003 3.4806e-005 5.8311e-005
          15 2.4968e-009 4.1745e-009 5.1922e-008 7.9287e-008 1.2481e-010 4.3025e-007 2.6807e-006 6.6955e-006 7.0360e-006 5.9654e-009 6.9300e-005 6.0789e-004 3.3189e-003 1.5827e-002 9.4011e-002 6.9877e-001 1.2818e-001 3.0201e-002 5.7582e-003
          16 1.7818e-009 1.4388e-009 3.2268e-008 6.1233e-008 3.1824e-009 1.7645e-007 1.3390e-006 3.7755e-006 5.0801e-006 8.1904e-007 1.4528e-005 1.9058e-004 9.2661e-004 4.3552e-003 8.9957e-003 1.8185e-001 6.2700e-001 7.2208e-002 1.8313e-002
          17 8.6698e-010 3.8849e-010 1.4253e-008 3.0268e-008 4.0132e-009 5.9376e-008 5.2296e-007 1.5831e-006 2.3596e-006 7.9596e-007 2.8143e-006 5.4848e-005 2.7206e-004 1.0694e-003 4.1116e-003 2.8316e-004 1.7204e-001 7.4658e-001 5.7218e-004
