   v'->v''           0           1           2           3           4           5           6           7           8           9          10          11          12          13          14          15
           0 8.9437e-001 1.0180e-001 3.7664e-003 5.6745e-005 5.4281e-007 3.5805e-009 2.2530e-009 4.9918e-009 2.4709e-009 2.3921e-010 9.9389e-010 2.2260e-010 1.6025e-010 3.6315e-010 1.3313e-010 1.2271e-011
           1 9.5401e-002 6.7968e-001 2.0972e-001 1.4787e-002 4.0910e-004 7.6489e-006 1.5049e-007 4.4916e-012 3.7677e-009 4.3706e-009 4.0764e-010 9.9450e-010 1.1676e-010 6.5871e-010 2.3179e-010 1.1770e-011
           2 9.1027e-003 1.8181e-001 4.5477e-001 3.1310e-001 3.9192e-002 1.9532e-003 6.7449e-005 2.0320e-006 7.8291e-009 2.0207e-008 3.1021e-008 2.1743e-009 7.5589e-009 3.3998e-011 2.5456e-009 1.7161e-009
           3 9.8063e-004 3.0393e-002 2.4400e-001 2.3767e-001 3.9098e-001 8.7475e-002 7.9688e-003 5.0684e-004 2.6780e-005 8.7338e-007 1.0321e-008 5.8563e-009 6.7878e-009 8.4319e-011 1.7208e-009 4.4229e-010
           4 1.2150e-004 5.0289e-003 6.4861e-002 2.5914e-001 6.4091e-002 3.9994e-001 1.7253e-001 3.0251e-002 3.6733e-003 3.5286e-004 2.3682e-005 8.9474e-007 4.7601e-009 5.9500e-008 2.4558e-009 1.0579e-008
           5 1.9568e-005 9.2452e-004 1.5564e-002 1.0446e-001 1.9388e-001 9.8789e-004 2.6815e-001 2.7745e-001 1.0529e-001 2.6947e-002 5.3891e-003 8.2681e-004 9.1142e-005 4.9078e-006 2.1062e-008 1.4802e-007
           6 3.7124e-006 1.8219e-004 3.5078e-003 3.0091e-002 9.9015e-002 4.3895e-002 7.7933e-002 2.3428e-002 1.9202e-001 2.2374e-001 1.5714e-001 8.6918e-002 4.0673e-002 1.6005e-002 4.6581e-003 5.9365e-004
           7 3.5412e-007 1.7594e-005 3.5016e-004 3.1959e-003 1.1947e-002 8.5610e-003 5.2684e-003 9.4178e-003 2.2258e-002 6.9773e-003 6.0995e-004 2.0442e-002 7.0395e-002 1.5453e-001 2.6721e-001 3.2832e-001
           8 3.0695e-007 1.5344e-005 3.0919e-004 2.8885e-003 1.1314e-002 9.4611e-003 3.5830e-003 1.1786e-002 1.8545e-002 2.0028e-003 5.7644e-003 3.4260e-002 6.9098e-002 7.8075e-002 2.6184e-002 6.6898e-002
           9 1.9233e-007 9.6599e-006 1.9627e-004 1.8621e-003 7.5211e-003 6.9260e-003 1.8054e-003 9.1251e-003 1.0856e-002 2.4988e-004 7.4462e-003 2.6862e-002 3.8067e-002 2.2377e-002 3.2255e-004 7.2897e-002
          10 1.1575e-007 5.8324e-006 1.1911e-004 1.1409e-003 4.6962e-003 4.5810e-003 9.1983e-004 6.1922e-003 6.1411e-003 4.9184e-006 6.1958e-003 1.7462e-002 1.9411e-002 6.0437e-003 4.8821e-003 3.8506e-002
