   v'->v''           0           1           2           3           4           5           6           7           8           9          10          11          12          13          14          15          16          17          18          19          20
           0 9.9994e-001 5.5306e-005 6.3036e-007 5.9512e-008 1.0790e-010 1.7346e-009 9.3055e-009 3.6516e-010 4.5061e-009 4.1166e-011 9.1165e-010 2.0659e-010 1.1948e-010 3.1276e-010 7.1756e-011 1.7213e-011 1.4825e-010 2.0495e-010 1.5948e-010 8.8322e-011 3.0753e-011
           1 5.5361e-005 9.9982e-001 1.2438e-004 1.5328e-006 1.6648e-008 6.5429e-008 5.6651e-008 4.0325e-008 2.5226e-009 5.2429e-009 1.8256e-010 8.9780e-010 3.3690e-011 7.3990e-010 1.0462e-009 2.5447e-010 1.2317e-011 2.4050e-010 3.5886e-010 2.7756e-010 1.1484e-010
           2 5.3475e-007 1.2466e-004 9.9969e-001 1.7009e-004 1.1405e-005 3.0526e-007 3.2155e-010 4.0998e-007 2.9290e-010 1.1810e-008 4.7393e-009 3.9418e-009 3.4157e-010 1.9419e-009 4.8911e-009 2.8553e-009 4.4192e-010 2.4427e-011 3.0772e-010 3.6836e-010 1.7873e-010
           3 3.0174e-008 1.2586e-006 1.7085e-004 9.9972e-001 5.7725e-005 4.8488e-005 2.0870e-007 1.6489e-006 5.8903e-008 3.3945e-007 1.3863e-007 3.9827e-009 9.1476e-008 5.2109e-008 1.5990e-009 7.8018e-009 1.4920e-008 1.0196e-008 4.3802e-009 1.4308e-009 3.4162e-010
           4 1.5186e-008 1.3864e-010 1.0856e-005 5.8250e-005 9.9987e-001 4.2353e-009 3.4352e-005 1.8145e-005 4.3350e-007 2.1767e-006 4.8045e-008 7.2505e-007 5.7218e-007 3.6074e-008 4.1961e-008 1.0496e-007 8.0645e-008 3.8117e-008 1.2937e-008 3.3212e-009 6.1656e-010
           5 2.1577e-008 1.7523e-007 4.6138e-007 4.8649e-005 2.1275e-010 9.9987e-001 5.1572e-005 1.0903e-008 1.6912e-005 7.9912e-006 1.4311e-007 2.6333e-006 5.4972e-007 7.7818e-008 5.2376e-007 4.9851e-007 2.2542e-007 4.8063e-008 1.2441e-009 2.9711e-009 3.7523e-009
           6 3.9744e-009 7.8612e-010 4.1570e-009 9.2448e-008 3.5337e-005 5.1558e-005 9.9962e-001 2.7941e-004 5.3688e-006 1.9123e-007 4.9234e-006 3.4427e-006 1.2738e-009 6.1817e-007 6.7814e-007 2.4372e-007 7.1955e-009 4.3294e-008 1.0969e-007 1.0314e-007 4.6669e-008
           7 1.5985e-010 9.1857e-010 2.3689e-007 1.4824e-006 1.6885e-005 2.9037e-008 2.8086e-004 9.9959e-001 7.2588e-005 3.3575e-005 1.7429e-006 1.5497e-006 2.1718e-006 6.4899e-007 1.1098e-008 1.5773e-007 3.1736e-007 2.2968e-007 9.9458e-008 3.0955e-008 6.8336e-009
           8 1.1475e-009 7.5283e-009 3.0648e-008 5.2599e-009 4.0217e-007 1.6522e-005 4.9868e-006 7.3916e-005 9.9982e-001 3.4695e-005 4.5200e-005 2.2449e-006 4.2255e-007 1.1768e-006 1.3134e-006 8.2630e-007 1.8314e-007 5.2657e-011 4.5419e-008 6.8407e-008 3.5920e-008
           9 2.1559e-010 4.6378e-009 2.8772e-008 5.7996e-007 2.6786e-006 8.4563e-006 8.8124e-008 3.3213e-005 3.5530e-005 9.9985e-001 9.4176e-007 5.6171e-005 7.3235e-006 1.1829e-006 9.4225e-007 3.5569e-007 4.2855e-007 4.0812e-007 2.1188e-007 7.3149e-008 1.7425e-008
          10 1.7904e-009 2.3007e-009 2.1832e-008 8.7649e-008 2.4611e-009 3.7551e-007 5.2463e-006 1.6387e-006 4.5562e-005 9.0118e-007 9.9980e-001 4.4764e-005 8.3742e-005 9.4556e-006 1.0137e-006 8.0395e-007 1.8423e-007 1.7815e-007 2.4383e-007 1.9523e-007 8.1168e-008
          11 2.8348e-010 5.9922e-009 4.4567e-010 1.8368e-008 5.5623e-007 2.0260e-006 2.5651e-006 1.6606e-006 2.2064e-006 5.6008e-005 4.6621e-005 9.9940e-001 3.6922e-004 9.7543e-005 1.6224e-005 1.4120e-006 9.9006e-007 3.3870e-007 2.1597e-007 1.7801e-007 8.2515e-008
          12 3.3525e-010 6.2960e-010 1.5274e-009 5.7255e-008 4.6925e-007 7.3011e-007 7.8127e-008 1.6732e-006 4.2850e-007 7.6999e-006 8.0274e-005 3.8212e-004 9.9818e-001 1.2075e-003 9.1191e-005 3.5579e-005 5.5478e-006 1.5566e-006 2.5798e-007 6.0933e-008 2.1504e-008
          13 1.0019e-009 6.7815e-010 1.8946e-009 2.9145e-008 7.8773e-008 1.6319e-008 7.0963e-007 9.1930e-007 8.0588e-007 1.5797e-006 1.1025e-005 8.1742e-005 1.2438e-003 9.9605e-001 2.4872e-003 5.6397e-005 4.4521e-005 1.2143e-005 4.0502e-006 1.0669e-006 2.3556e-007
          14 5.6358e-010 1.5230e-009 9.9380e-010 3.7834e-009 1.2129e-008 5.5680e-007 9.2880e-007 6.0361e-009 1.5439e-006 4.5969e-007 1.7021e-006 1.9531e-005 5.3595e-005 2.5470e-003 9.9237e-001 4.9061e-003 1.0546e-005 4.4910e-005 1.8493e-005 8.0023e-006 2.3347e-006
          15 7.0726e-011 6.2665e-010 3.8113e-010 6.4627e-010 9.7705e-008 6.3801e-007 2.5691e-007 2.0990e-007 7.9746e-007 6.0229e-007 2.8906e-007 3.3225e-006 4.0812e-005 1.0180e-005 4.9311e-003 9.8637e-001 8.5389e-003 1.9341e-005 2.3109e-005 1.4920e-005 6.1174e-006
          16 1.6443e-011 2.9051e-011 1.0397e-010 5.0577e-009 1.0969e-007 2.9013e-007 2.5333e-009 2.9839e-007 1.6867e-007 4.5079e-007 3.4974e-007 3.7092e-007 1.0092e-005 4.0942e-005 1.8234e-005 8.3158e-003 9.7762e-001 1.3650e-002 2.6690e-004 6.7777e-007 1.1128e-006
          17 1.0784e-010 6.4151e-011 1.3296e-011 6.6402e-009 6.4779e-008 6.0519e-008 4.2182e-008 1.9415e-007 5.2569e-009 2.6069e-007 2.7001e-007 4.3314e-007 1.9277e-006 2.0225e-005 2.2566e-005 2.5004e-004 1.2615e-002 9.6599e-001 1.9766e-002 1.0992e-003 9.7491e-005
          18 1.3533e-010 1.7604e-010 6.5522e-014 5.1064e-009 2.5970e-008 2.2286e-009 8.3431e-008 9.2413e-008 1.2445e-008 1.4265e-007 1.6197e-007 4.1925e-007 4.9635e-007 5.6981e-006 2.2688e-005 2.5143e-007 9.8459e-004 1.6842e-002 9.5237e-001 2.5095e-002 2.3618e-003
          19 9.6888e-011 1.6071e-010 3.4690e-012 2.8390e-009 7.9014e-009 1.9199e-009 7.1141e-008 3.6108e-008 2.9546e-008 6.8325e-008 9.4614e-008 2.3535e-007 1.6593e-007 1.8008e-006 1.0011e-005 6.7841e-006 1.0305e-004 2.3152e-003 1.8746e-002 9.3922e-001 2.3943e-002
          20 3.2533e-011 5.9033e-011 2.3091e-012 8.4426e-010 1.5238e-009 2.1932e-009 2.5933e-008 8.6841e-009 1.4753e-008 1.8889e-008 3.1790e-008 6.8162e-008 4.1871e-008 4.3392e-007 2.6142e-006 3.2911e-006 8.7851e-006 3.6444e-004 2.5993e-003 1.2959e-002 9.1347e-001
