   v'->v''           0           1           2           3           4           5           6           7           8           9          10          11          12          13          14          15          16          17          18
           0 9.8961e-001 1.0370e-002 7.4464e-006 8.6884e-006 6.0692e-006 1.6594e-006 2.1886e-007 3.6154e-007 4.4815e-009 6.1399e-008 5.2830e-008 7.2138e-009 1.0921e-009 7.2008e-009 8.0638e-009 5.6056e-009 3.1342e-009 1.4948e-009 4.9826e-010
           1 8.7607e-003 8.1993e-001 1.6795e-001 3.0337e-003 2.6729e-004 5.4590e-006 3.5788e-005 9.1054e-006 6.0302e-007 3.1796e-006 1.2164e-006 3.9699e-008 1.1911e-007 2.7226e-007 2.4020e-007 1.4856e-007 7.6409e-008 3.3920e-008 1.0742e-008
           2 1.1998e-003 1.1838e-001 4.8226e-001 3.6536e-001 3.2153e-002 9.7606e-006 5.1626e-004 6.2283e-006 5.7654e-005 3.9555e-005 3.5395e-006 1.4856e-006 5.3851e-006 4.6496e-006 2.3601e-006 8.6099e-007 2.3534e-007 4.5908e-008 5.9939e-009
           3 3.9267e-004 4.2459e-002 2.5895e-001 2.9043e-001 3.2183e-001 8.1052e-002 3.9801e-003 3.1219e-004 4.3229e-004 3.1303e-005 2.0651e-005 4.9850e-005 2.9332e-005 7.9793e-006 6.4458e-007 1.3005e-007 7.5063e-007 8.7566e-007 4.4550e-007
           4 2.8985e-005 8.5143e-003 8.4461e-002 2.6349e-001 2.2960e-001 2.9203e-001 1.0561e-001 1.5255e-002 2.4864e-004 3.1670e-004 2.8300e-004 5.2330e-005 1.1085e-007 1.5161e-005 2.1792e-005 1.7381e-005 1.0863e-005 5.6853e-006 2.0128e-006
           5 5.1240e-006 5.3438e-006 5.0999e-003 7.4988e-002 3.3275e-001 1.8308e-001 2.4841e-001 1.2094e-001 3.0703e-002 3.3160e-003 2.2861e-006 2.4869e-004 2.3244e-004 9.3192e-005 2.0357e-005 1.4350e-006 2.8439e-007 1.3442e-006 9.3108e-007
           6 2.0785e-006 2.7329e-004 9.8602e-004 1.0651e-003 8.1435e-002 3.6731e-001 1.5508e-001 2.1344e-001 1.2425e-001 4.4436e-002 9.9932e-003 1.1224e-003 1.3794e-006 1.1017e-004 1.4990e-004 1.0891e-004 6.2619e-005 3.0690e-005 1.0439e-005
           7 8.3230e-007 1.2769e-005 6.2002e-005 1.4027e-003 2.7814e-006 7.4109e-002 4.1396e-001 1.2882e-001 1.8164e-001 1.1937e-001 5.5105e-002 1.9063e-002 4.9425e-003 8.7632e-004 6.8206e-005 2.1907e-006 2.6089e-005 3.0816e-005 1.5428e-005
           8 2.5313e-010 1.7944e-005 1.7098e-004 4.7725e-005 1.3684e-003 8.7976e-004 6.8606e-002 4.5244e-001 1.0581e-001 1.5389e-001 1.1057e-001 6.1066e-002 2.7777e-002 1.0971e-002 3.9087e-003 1.3122e-003 4.2493e-004 1.3161e-004 3.3062e-005
           9 1.8585e-007 1.6854e-005 2.3869e-005 7.2079e-005 4.1041e-004 6.3410e-004 2.6847e-003 6.3603e-002 4.9079e-001 8.1745e-002 1.2929e-001 9.8782e-002 6.1613e-002 3.3711e-002 1.7160e-002 8.4668e-003 4.1221e-003 1.9023e-003 6.3921e-004
          10 1.6229e-007 1.2972e-006 4.5664e-006 7.9285e-005 1.0914e-006 6.2759e-004 8.9405e-005 4.2095e-003 5.9772e-002 5.2994e-001 5.6049e-002 1.0621e-001 8.4995e-002 5.7467e-002 3.5453e-002 2.1029e-002 1.2089e-002 6.3705e-003 2.3194e-003
          11 2.0186e-008 9.7378e-007 1.6857e-005 1.4431e-005 5.7287e-005 1.2017e-004 5.5018e-004 4.2473e-005 5.0865e-003 6.0059e-002 5.6639e-001 3.0750e-002 8.2917e-002 7.0028e-002 4.9798e-002 3.3012e-002 2.0875e-002 1.1855e-002 4.5119e-003
          12 1.1046e-008 2.5559e-006 9.3653e-006 2.3659e-007 5.8930e-005 4.0466e-007 3.1109e-004 2.6200e-004 4.5445e-004 5.1359e-003 6.5554e-002 5.9769e-001 9.2494e-003 5.8412e-002 5.4264e-002 4.0038e-002 2.7010e-002 1.6067e-002 6.2850e-003
          13 4.5209e-008 1.6671e-006 1.6476e-006 6.2833e-006 2.1853e-005 3.0412e-005 5.7797e-005 3.5074e-004 2.9886e-005 1.0668e-003 4.3497e-003 7.9132e-002 6.1575e-001 5.6824e-005 3.1437e-002 3.7292e-002 2.8952e-002 1.8177e-002 7.2707e-003
          14 3.7400e-008 4.7729e-007 1.7873e-008 7.6937e-006 2.3722e-006 3.7962e-005 2.9764e-007 1.7249e-004 2.0961e-004 3.7273e-005 1.6035e-003 2.7823e-003 1.0812e-001 6.0460e-001 1.7012e-002 7.2285e-003 1.7328e-002 1.4696e-002 6.4930e-003
          15 1.3993e-008 2.5511e-008 8.3878e-007 4.6913e-006 3.6886e-007 2.4200e-005 1.0157e-005 5.0506e-005 2.0706e-004 4.7486e-005 2.5905e-004 1.8832e-003 1.0408e-003 1.6032e-001 5.4005e-001 6.5078e-002 1.1999e-003 1.4282e-003 1.6573e-003
          16 1.8783e-009 3.3326e-008 1.3675e-006 1.7986e-006 2.7609e-006 9.9801e-006 2.0280e-005 6.3011e-006 1.2477e-004 1.1534e-004 5.4547e-006 5.8437e-004 1.7033e-003 1.0295e-005 2.4675e-001 4.1298e-001 1.1578e-001 2.2842e-002 3.6408e-003
          17 4.9981e-011 1.1749e-007 1.2229e-006 4.2539e-007 3.7135e-006 2.6949e-006 1.9175e-005 9.3920e-008 5.7073e-005 1.1596e-004 1.5121e-005 1.1688e-004 8.0516e-004 1.1596e-003 1.1583e-003 3.6642e-001 2.5273e-001 1.1396e-001 3.1938e-002
          18 9.7301e-010 1.3905e-007 8.1437e-007 4.2109e-008 3.0770e-006 3.9732e-007 1.3045e-005 2.5617e-006 2.1764e-005 8.2539e-005 3.6584e-005 1.5694e-005 2.8867e-004 7.7344e-004 3.6989e-004 5.0204e-003 5.0887e-001 1.1257e-001 4.6970e-002
          19 1.2495e-009 1.0266e-007 4.3289e-007 2.5702e-010 1.8789e-006 1.1048e-008 7.0184e-006 3.3198e-006 7.2532e-006 4.5606e-005 3.3304e-005 4.6892e-007 1.0273e-004 3.4454e-004 4.4086e-004 2.4552e-005 7.6843e-003 6.7043e-001 2.7493e-002
          20 5.2562e-010 3.5728e-008 1.2795e-007 3.4156e-009 5.9771e-007 2.3048e-009 2.0897e-006 1.3978e-006 1.5927e-006 1.3746e-005 1.2460e-005 6.8743e-008 2.4204e-005 9.4681e-005 1.4143e-004 1.6697e-005 7.1597e-004 3.0897e-003 8.4782e-001
