   v'->v''           0           1           2           3           4           5           6           7           8           9          10          11          12          13          14          15          16          17          18          19          20
           0 9.9962e-001 3.7609e-004 1.9620e-006 1.8502e-008 5.6650e-009 5.6500e-009 5.7972e-009 1.7547e-010 1.8529e-009 1.9265e-010 1.3782e-009 1.7644e-010 1.7163e-010 3.6935e-010 1.0963e-010 8.8795e-013 6.8377e-011 1.1340e-010 9.3225e-011 4.3881e-011 1.1387e-011
           1 3.7438e-004 9.9884e-001 7.8163e-004 6.8931e-006 9.2913e-008 1.9446e-008 1.1864e-008 1.8536e-008 2.2164e-010 3.8992e-009 7.4624e-010 3.5049e-009 3.4727e-010 5.1904e-010 1.0426e-009 3.9191e-010 1.2332e-011 4.9959e-011 1.1238e-010 7.4108e-011 2.1190e-011
           2 3.6975e-006 7.7415e-004 9.9800e-001 1.2010e-003 1.6074e-005 3.4600e-007 4.5494e-008 8.1045e-009 2.6199e-008 3.8796e-010 3.2657e-009 1.7230e-009 4.0953e-009 2.1594e-010 7.6539e-010 1.2698e-009 5.3479e-010 6.6842e-011 9.6997e-013 1.1906e-011 4.9141e-012
           3 8.1494e-008 1.2560e-005 1.1822e-003 9.9715e-001 1.6278e-003 3.1222e-005 9.2491e-007 1.0081e-007 1.7289e-009 2.8646e-008 5.3752e-010 2.2979e-009 2.2133e-009 3.8891e-009 2.1560e-010 5.7489e-010 1.0683e-009 5.9490e-010 1.8410e-010 3.7748e-011 6.6614e-012
           4 3.7228e-010 3.8079e-007 2.8339e-005 1.5911e-003 9.9628e-001 2.0391e-003 5.4764e-005 2.0469e-006 1.8019e-007 4.8619e-009 1.8872e-008 2.7183e-010 1.7504e-010 1.8739e-009 1.4981e-009 3.4327e-011 1.9619e-010 2.7376e-010 1.3723e-010 4.0521e-011 8.5381e-012
           5 4.2222e-009 3.2308e-009 1.1378e-006 5.2907e-005 1.9777e-003 9.9548e-001 2.3956e-003 9.0031e-005 4.0114e-006 3.6297e-007 2.1999e-008 2.6413e-008 8.5391e-012 5.2123e-011 1.5017e-009 1.5355e-009 2.1490e-010 1.0628e-011 7.8429e-011 5.1680e-011 1.4220e-011
           6 2.6292e-009 2.0094e-008 3.8105e-008 2.6895e-006 8.8404e-005 2.3027e-003 9.9480e-001 2.6540e-003 1.4105e-004 7.4568e-006 7.6683e-007 4.5194e-008 6.0174e-008 1.5745e-009 4.1555e-010 9.0492e-010 3.0199e-009 1.8365e-009 5.3749e-010 1.0116e-010 1.7070e-011
           7 1.3243e-010 6.6453e-009 3.2153e-008 1.5257e-007 5.4833e-006 1.3717e-004 2.5256e-003 9.9434e-001 2.7670e-003 2.1292e-004 1.3770e-005 1.4273e-006 1.7889e-007 7.1723e-008 8.7860e-009 1.7294e-009 2.2806e-009 2.1212e-009 1.1297e-009 3.8649e-010 8.8424e-011
           8 9.6581e-010 7.7967e-010 4.2992e-009 6.1693e-008 3.7270e-007 9.9824e-006 2.0082e-004 2.6026e-003 9.9417e-001 2.6794e-003 3.1181e-004 2.4914e-005 2.8852e-006 4.3252e-007 1.4920e-007 3.0015e-008 7.0682e-009 4.2731e-009 3.0470e-009 1.4033e-009 3.6169e-010
           9 5.3691e-011 4.5206e-009 2.8851e-009 1.9995e-009 1.5282e-007 8.7591e-007 1.7228e-005 2.8191e-004 2.4876e-003 9.9438e-001 2.3401e-003 4.4189e-004 4.4541e-005 6.3118e-006 7.4547e-007 4.1809e-007 1.5513e-007 2.8917e-008 4.6207e-009 9.7162e-010 2.0730e-010
          10 3.7269e-010 5.6163e-011 4.9913e-009 4.7349e-009 1.5389e-009 2.6049e-007 1.7753e-006 2.8011e-005 3.8038e-004 2.1401e-003 9.9502e-001 1.7387e-003 5.9108e-004 8.0930e-005 1.3762e-005 1.8116e-006 7.2884e-007 3.5974e-007 1.3648e-007 4.0276e-008 8.8772e-009
          11 8.7901e-016 1.4441e-009 1.7270e-010 5.5845e-009 5.9442e-009 1.1844e-009 5.0930e-007 3.7241e-006 4.5009e-005 4.9547e-004 1.5598e-003 9.9601e-001 9.7308e-004 7.3423e-004 1.3437e-004 3.0919e-005 6.0757e-006 1.8982e-006 7.4960e-007 2.4669e-007 5.6745e-008
          12 3.0413e-010 5.0636e-011 1.1903e-009 1.6593e-010 1.1297e-008 1.1338e-008 1.4235e-008 7.5411e-007 6.4715e-006 7.0238e-005 6.1575e-004 8.5220e-004 9.9707e-001 2.0399e-004 8.8331e-004 2.1156e-004 5.6284e-005 1.5442e-005 5.4699e-006 1.8391e-006 4.3346e-007
          13 3.4183e-010 6.9633e-010 9.7389e-013 1.0836e-009 4.1284e-012 1.2957e-008 2.1105e-008 1.2041e-007 1.7781e-006 1.1241e-005 1.0695e-004 7.2432e-004 1.6890e-004 9.9737e-001 2.0395e-004 8.6876e-004 3.4170e-004 1.1125e-004 3.5599e-005 1.0674e-005 2.4175e-006
          14 8.2122e-011 1.0769e-009 8.9688e-010 4.7243e-012 2.3098e-009 8.5492e-011 2.3780e-008 5.4585e-008 2.2794e-007 3.4320e-006 2.0476e-005 1.4926e-004 8.6600e-004 2.0218e-004 9.9437e-001 3.0296e-003 4.8712e-004 4.0582e-004 1.7941e-004 5.8103e-005 1.3284e-005
          15 9.9816e-013 3.8650e-010 9.4805e-010 8.9665e-010 2.9446e-010 1.4511e-009 2.1073e-009 2.0954e-008 1.0029e-007 6.0652e-007 5.6536e-006 3.6147e-005 1.9320e-004 9.8472e-004 2.8023e-003 9.8212e-001 1.2767e-002 5.9897e-007 1.9066e-004 1.1595e-004 3.0736e-005
          16 4.7230e-011 9.1867e-012 2.5339e-010 9.9534e-010 5.0960e-010 3.2756e-010 5.4771e-010 4.1573e-009 7.3713e-008 2.1866e-007 1.3782e-006 1.1878e-005 5.2826e-005 2.6740e-004 9.9687e-004 1.2068e-002 9.4913e-001 3.4686e-002 1.7642e-003 8.5533e-005 5.9920e-006
          17 7.1350e-011 6.4147e-011 8.2263e-013 3.6517e-010 1.4623e-009 1.7577e-010 6.6079e-010 8.6757e-010 2.8679e-008 1.4510e-007 5.5669e-007 3.1057e-006 2.0443e-005 7.7980e-005 3.4252e-004 8.3412e-004 3.5696e-002 8.7487e-001 6.9611e-002 9.5801e-003 1.6420e-003
          18 5.5822e-011 1.4834e-010 5.8180e-011 4.0972e-011 1.1806e-009 7.9551e-010 2.5752e-011 4.8390e-010 6.5989e-009 7.5446e-008 3.0765e-007 1.0007e-006 7.5154e-006 3.1058e-005 1.0622e-004 3.9751e-004 4.4295e-004 8.8740e-002 7.2556e-001 8.9896e-002 1.5566e-002
          19 3.0437e-011 1.3087e-010 9.3799e-011 6.8329e-013 5.6239e-010 7.5591e-010 7.7648e-011 3.8570e-010 1.2408e-009 2.9152e-008 1.5203e-007 4.2414e-007 2.8579e-006 1.1871e-005 4.3492e-005 1.3530e-004 3.3758e-004 1.0607e-005 2.0091e-001 4.5405e-001 6.2759e-002
          20 8.8569e-012 4.7672e-011 4.1281e-011 4.6677e-012 1.4298e-010 2.7078e-010 7.8689e-011 1.5100e-010 1.9512e-010 6.8497e-009 4.2751e-008 1.2191e-007 7.4389e-007 3.0023e-006 1.1402e-005 3.5237e-005 8.8551e-005 7.7542e-005 7.7635e-004 4.0623e-001 3.1772e-001
