   v'->v''           0           1           2           3           4           5           6           7           8           9          10          11          12          13          14          15          16          17          18          19          20          21
           0 7.6855e-001 2.1637e-001 1.4806e-002 2.6378e-004 1.2939e-006 1.4990e-010 4.1156e-009 9.3325e-009 6.4831e-009 1.4791e-011 2.6908e-009 2.1263e-012 1.1330e-009 3.1740e-010 5.2059e-011 3.2147e-010 2.6612e-010 1.1720e-010 3.9798e-011 2.1453e-011 1.4588e-011 8.5564e-012
           1 1.8268e-001 4.1064e-001 3.6136e-001 4.4082e-002 1.2376e-003 9.7704e-006 2.7400e-008 1.0571e-012 1.7343e-009 2.4357e-009 1.2595e-009 1.2047e-010 5.6371e-010 1.1687e-010 8.8087e-011 1.9484e-010 8.7934e-011 2.1618e-011 4.8771e-012 2.0890e-012 1.1727e-012 5.9505e-013
           2 3.7798e-002 2.5103e-001 1.7866e-001 4.4135e-001 8.7429e-002 3.6917e-003 4.5454e-005 2.3535e-007 3.6150e-010 5.2484e-009 7.5809e-009 3.4893e-009 3.9705e-010 1.5310e-009 5.7435e-010 4.1424e-011 3.0256e-010 2.1397e-010 8.5239e-011 4.8906e-011 3.4694e-011 2.0916e-011
           3 8.2461e-003 8.4413e-002 2.4352e-001 4.9123e-002 4.6142e-001 1.4410e-001 8.9986e-003 1.7245e-004 1.6009e-006 1.0532e-008 5.0396e-009 8.4530e-009 5.8219e-009 1.8435e-010 1.9549e-009 6.8150e-010 1.5854e-013 7.9944e-011 5.6739e-011 3.9478e-011 3.1674e-011 2.0622e-011
           4 1.9615e-003 2.5560e-002 1.2152e-001 1.9075e-001 1.4481e-003 4.2636e-001 2.1213e-001 1.9687e-002 5.9289e-004 9.2880e-006 8.4555e-008 1.6856e-008 3.2247e-008 1.5983e-008 3.2078e-009 2.8333e-009 3.5466e-009 1.1562e-009 2.9225e-010 1.3233e-010 7.7730e-011 4.0822e-011
           5 5.2538e-004 7.8209e-003 4.8377e-002 1.3806e-001 1.1828e-001 1.5892e-002 3.4206e-001 2.8642e-001 4.0523e-002 1.9701e-003 5.2722e-005 8.8073e-007 6.9602e-009 3.6556e-008 2.2459e-008 3.6907e-009 1.3062e-009 2.0350e-009 8.8495e-010 5.1232e-010 3.6239e-010 2.1717e-010
           6 1.5675e-004 2.5597e-003 1.8380e-002 7.0424e-002 1.2876e-001 4.9024e-002 7.0178e-002 2.1941e-001 3.5371e-001 8.0475e-002 6.6203e-003 3.0845e-004 8.1502e-006 1.5618e-010 6.4982e-008 2.7707e-008 5.8760e-009 2.7740e-011 3.2015e-010 3.1110e-010 2.9208e-010 2.0607e-010
           7 5.0946e-005 9.0238e-004 7.1393e-003 3.2256e-002 8.3019e-002 9.3459e-002 5.3756e-003 1.3251e-001 8.4633e-002 3.8083e-001 1.5447e-001 2.3235e-002 1.9776e-003 9.0916e-005 9.3600e-007 3.7542e-009 4.4907e-008 4.3915e-009 1.2512e-010 3.4808e-013 3.0784e-011 4.6080e-011
           8 1.7912e-005 3.3655e-004 2.8582e-003 1.4303e-002 4.4166e-002 7.5403e-002 4.1348e-002 8.1169e-003 1.4979e-001 1.6115e-003 2.9631e-001 2.6592e-001 8.3331e-002 1.4918e-002 1.5614e-003 6.4083e-005 3.9214e-008 5.2790e-008 3.0204e-009 2.6679e-010 1.0433e-012 2.3613e-011
