   v'->v''           0           1           2           3           4           5           6           7           8           9          10          11          12          13          14          15          16          17          18          19          20          21          22
           0 9.9955e-001 3.0894e-004 9.9593e-005 3.5370e-005 4.5839e-006 9.9729e-009 2.8574e-007 3.9020e-007 2.6459e-007 5.3658e-008 1.2418e-010 1.3034e-008 1.4720e-008 1.0248e-008 7.4536e-009 6.1126e-009 4.9282e-009 3.4475e-009 1.9419e-009 1.1405e-009 7.2804e-010 4.4137e-010 2.2660e-010
           1 3.0212e-004 9.9886e-001 6.6820e-004 1.0474e-004 5.5405e-005 1.0127e-005 3.6932e-007 9.9595e-008 4.5287e-007 3.5581e-007 1.2490e-007 2.7904e-008 3.5183e-009 1.4827e-010 4.2072e-009 9.2038e-009 1.0847e-008 8.9261e-009 5.4708e-009 3.3863e-009 2.2511e-009 1.4078e-009 7.3787e-010
           2 1.1231e-004 6.4314e-004 9.9772e-001 1.3587e-003 6.7481e-005 6.9769e-005 2.0456e-005 2.6029e-006 8.2904e-008 2.1125e-007 3.8749e-007 2.4553e-007 1.2930e-007 6.7187e-008 2.7425e-008 5.9396e-009 9.0101e-011 8.0893e-010 1.5258e-009 1.4642e-009 1.2465e-009 9.0607e-010 5.1735e-010
           3 3.0843e-005 1.3390e-004 1.3185e-003 9.9622e-001 2.1473e-003 3.1703e-005 7.7228e-005 3.2466e-005 6.7526e-006 1.0854e-006 5.3434e-009 2.6444e-007 2.7134e-007 2.0792e-007 1.6520e-007 1.1539e-007 6.3260e-008 2.7195e-008 9.6792e-009 3.9800e-009 1.8918e-009 9.0876e-010 3.9852e-010
           4 2.8690e-006 4.8049e-005 1.0964e-004 2.0969e-003 9.9467e-001 2.9390e-003 5.5303e-006 7.3702e-005 4.1288e-005 1.2818e-005 3.1728e-006 2.2356e-007 2.2739e-008 1.3368e-007 2.0296e-007 2.1826e-007 1.7808e-007 1.1504e-007 6.0256e-008 3.3970e-008 2.1212e-008 1.2726e-008 6.5084e-009
           5 5.9997e-009 6.9028e-006 6.3045e-005 7.8936e-005 2.8928e-003 9.9310e-001 3.7195e-003 2.6559e-006 5.9737e-005 4.6903e-005 1.8828e-005 6.8634e-006 1.3177e-006 1.0524e-007 1.2643e-009 5.2898e-008 1.1454e-007 1.2903e-007 9.3732e-008 6.3543e-008 4.4775e-008 2.9087e-008 1.5594e-008
           6 4.4572e-007 3.1911e-007 1.4524e-005 7.5485e-005 4.3179e-005 3.7018e-003 9.9160e-001 4.3938e-003 3.7505e-005 4.0385e-005 4.7352e-005 2.4477e-005 1.1385e-005 3.5074e-006 8.7105e-007 1.9128e-007 1.8166e-008 2.4431e-009 1.4888e-008 1.8228e-008 1.7368e-008 1.3425e-008 7.9199e-009
           7 3.1276e-007 2.3543e-007 1.8655e-006 2.3682e-005 8.0283e-005 1.1754e-005 4.4340e-003 9.9038e-001 4.8257e-003 1.2077e-004 2.0091e-005 4.2582e-005 2.7823e-005 1.5899e-005 6.6000e-006 2.4874e-006 9.7524e-007 3.6067e-007 1.1598e-007 4.3304e-008 1.8530e-008 8.0084e-009 3.2223e-009
           8 1.0728e-007 2.9249e-007 2.6116e-010 4.9643e-006 3.1549e-005 7.6434e-005 2.0990e-007 4.9484e-003 9.8969e-001 4.8756e-003 2.6217e-004 4.4547e-006 3.2341e-005 2.8578e-005 1.8615e-005 9.6450e-006 4.7848e-006 2.3386e-006 1.0483e-006 5.3803e-007 3.1364e-007 1.7896e-007 8.8615e-008
           9 3.3206e-008 1.9795e-007 1.4171e-007 3.3928e-007 9.7036e-006 3.8148e-005 6.5229e-005 2.6315e-005 5.0930e-003 9.8978e-001 4.4227e-003 4.6854e-004 5.2466e-007 1.8278e-005 2.5039e-005 1.9286e-005 1.1777e-005 6.5274e-006 3.2354e-006 1.7973e-006 1.1193e-006 6.7246e-007 3.4456e-007
          10 2.4773e-009 1.1727e-007 2.5793e-007 6.8251e-009 1.3005e-006 1.5019e-005 4.3214e-005 4.8687e-005 1.1418e-004 4.7180e-003 9.9084e-001 3.3569e-003 7.6400e-004 1.3395e-005 5.9100e-006 1.4619e-005 1.6327e-005 1.1479e-005 6.2822e-006 3.6961e-006 2.4029e-006 1.4899e-006 7.7891e-007
          11 4.8532e-009 3.2195e-008 2.2660e-007 1.7621e-007 1.3646e-007 3.3161e-006 1.9704e-005 4.3758e-005 2.7325e-005 2.9500e-004 3.6577e-003 9.9304e-001 1.5443e-003 1.2436e-003 4.7755e-005 2.1026e-007 5.3615e-006 8.6532e-006 6.4336e-006 4.2375e-006 2.9154e-006 1.8679e-006 9.9499e-007
          12 1.8116e-008 4.9876e-010 1.0965e-007 2.6517e-007 1.2331e-008 8.4075e-007 6.7422e-006 2.4878e-005 3.9840e-005 6.7681e-006 6.2664e-004 1.7118e-003 9.9540e-001 1.3646e-005 1.9889e-003 1.1267e-004 4.0664e-006 4.9705e-008 1.4640e-006 1.8860e-006 1.7232e-006 1.2677e-006 7.2185e-007
          13 1.9599e-008 4.3189e-009 3.4714e-008 1.9355e-007 1.6569e-007 9.9322e-008 2.3360e-006 1.0029e-005 2.8044e-005 2.9404e-005 8.3576e-007 1.2069e-003 1.0816e-005 9.9156e-001 3.4277e-003 3.4265e-003 2.1748e-004 1.8051e-005 3.1944e-006 4.8605e-007 2.9279e-008 4.4435e-009 1.7286e-008
          14 1.2670e-008 7.9878e-009 8.6829e-009 1.0544e-007 2.1080e-007 1.0676e-008 6.2751e-007 4.5232e-006 1.3168e-005 2.6681e-005 1.3429e-005 4.5951e-005 1.8308e-003 4.2869e-003 9.6049e-001 2.6519e-002 6.1734e-003 4.7568e-004 4.9306e-005 1.3133e-005 5.0587e-006 2.1442e-006 8.7590e-007
          15 6.3593e-009 6.7637e-009 1.8926e-009 5.4620e-008 1.5002e-007 7.6388e-008 1.0795e-007 1.9954e-006 6.7876e-006 1.5700e-005 1.9184e-005 8.7778e-007 2.7649e-004 1.6182e-003 3.1724e-002 8.6104e-001 9.3945e-002 9.3090e-003 1.5778e-003 2.7936e-004 7.5901e-005 2.5968e-005 9.4630e-006
          16 2.9806e-009 4.7506e-009 3.0509e-010 3.0195e-008 9.3041e-008 9.1826e-008 8.0682e-009 8.1271e-007 3.8538e-006 9.3523e-006 1.4403e-005 9.0870e-006 2.2484e-005 8.3314e-004 1.1035e-005 9.9703e-002 6.8906e-001 1.9994e-001 3.0015e-003 3.6919e-003 1.7416e-003 7.4114e-004 2.9364e-004
          17 1.4267e-009 3.3353e-009 5.6179e-012 1.8014e-008 5.9848e-008 7.9270e-008 6.1668e-010 3.2126e-007 2.2409e-006 5.9960e-006 1.0178e-005 1.0155e-005 4.5105e-008 2.3089e-004 9.1220e-004 7.0725e-003 1.6461e-001 5.5557e-001 2.5357e-001 1.0669e-002 3.8435e-007 5.1190e-004 4.9561e-004
          18 6.8724e-010 2.3351e-009 4.7933e-011 1.0809e-008 3.9563e-008 6.0234e-008 5.9914e-009 1.2337e-007 1.2594e-006 3.8241e-006 7.1944e-006 8.0201e-006 1.7353e-006 4.9888e-005 6.5475e-004 3.7754e-005 3.6166e-002 1.3677e-001 6.0418e-001 1.5052e-001 4.7594e-002 1.2506e-002 3.2924e-003
          19 3.2589e-010 1.5483e-009 1.3443e-010 6.1407e-009 2.5302e-008 4.1208e-008 8.7788e-009 4.6409e-008 6.6757e-007 2.2837e-006 4.7696e-006 5.5243e-006 2.6807e-006 9.1306e-006 2.9780e-004 2.1654e-004 6.6265e-003 5.5374e-002 3.8549e-002 7.6546e-001 4.7109e-002 2.9486e-002 1.3624e-002
          20 1.3979e-010 8.5162e-010 1.3575e-010 2.9703e-009 1.3621e-008 2.2940e-008 6.9173e-009 1.6419e-008 3.0768e-007 1.1482e-006 2.5922e-006 3.0914e-006 1.9738e-006 1.4854e-006 1.1244e-004 2.3550e-004 1.0945e-003 1.8131e-002 2.7958e-002 2.5283e-003 8.4766e-001 5.1004e-002 4.7482e-003
          21 3.9115e-011 2.6994e-010 5.4491e-011 8.7841e-010 4.2749e-009 7.3021e-009 2.5256e-009 4.1345e-009 8.9048e-008 3.4677e-007 8.1302e-007 9.8694e-007 6.9185e-007 2.1350e-007 2.8959e-005 8.4766e-005 1.6461e-004 4.2658e-003 8.3957e-003 2.1537e-003 9.6718e-003 6.0615e-001 3.4510e-001
