   v'->v''           0           1           2           3           4           5           6           7           8           9          10
           0 3.0466e-002 4.9557e-002 1.9941e-001 4.0457e-001 2.8651e-001 9.5632e-003 1.1995e-002 1.1441e-003 9.3906e-004 5.5610e-004 3.2018e-004
           1 9.6055e-001 1.0573e-002 2.3271e-004 1.2142e-002 1.3833e-002 1.6342e-003 6.8860e-004 5.0084e-005 3.6040e-005 1.9245e-005 1.0301e-005
           2 3.1778e-005 4.8880e-001 6.4425e-002 2.9747e-004 1.9084e-001 2.2501e-001 2.8131e-003 5.8809e-005 2.6178e-004 3.1087e-004 2.5619e-004
           3 7.0504e-003 4.3330e-001 1.7312e-001 2.2702e-002 3.2474e-002 2.6567e-001 7.4169e-003 3.0897e-003 3.7049e-003 2.7644e-003 1.8280e-003
           4 1.7712e-003 4.6112e-003 3.9470e-001 4.8362e-002 1.7274e-002 1.4855e-001 2.2295e-001 2.4599e-002 2.0388e-002 1.1982e-002 6.8238e-003
           5 6.2004e-005 7.5451e-003 1.5055e-001 2.6779e-001 2.0808e-002 6.0391e-004 3.2261e-001 1.1601e-002 4.4193e-003 1.0833e-003 2.4175e-004
           6 3.2570e-005 4.7763e-003 4.9658e-003 1.8142e-001 1.5863e-001 3.6646e-003 1.2490e-001 4.3014e-003 1.4457e-002 1.5339e-002 1.1843e-002
           7 2.5004e-005 5.6692e-004 3.4552e-003 4.9085e-002 1.5842e-001 1.0128e-001 3.1489e-002 4.1714e-002 5.4616e-002 3.8062e-002 2.3166e-002
           8 3.5265e-006 1.2361e-006 5.0598e-003 4.3810e-003 7.7901e-002 9.4984e-002 1.5109e-001 8.1531e-002 5.8926e-002 2.4396e-002 9.7332e-003
           9 1.3356e-008 5.8076e-005 2.2243e-003 3.1244e-005 2.4304e-002 5.8470e-002 7.8364e-003 4.0858e-001 8.8792e-002 1.0940e-002 8.0462e-004
