   v'->v''           0           1           2           3           4           5           6           7           8           9          10          11          12          13          14          15
           0 9.9079e-001 9.2013e-003 6.4565e-006 4.9903e-009 1.0629e-008 1.2277e-008 8.4459e-009 3.0134e-009 6.9398e-009 1.1048e-010 2.4130e-009 4.9126e-010 8.6326e-011 3.2948e-010 1.3779e-010 1.2063e-011
           1 8.9643e-003 9.7221e-001 1.8799e-002 2.7329e-005 9.5985e-009 1.6409e-009 2.0509e-008 1.8704e-008 2.8612e-009 4.4788e-009 1.3607e-009 2.8472e-009 5.3822e-011 6.9184e-010 8.9830e-010 3.7723e-010
           2 2.3418e-004 1.7804e-002 9.5354e-001 2.8349e-002 7.5062e-005 8.9824e-008 3.4891e-009 1.5743e-008 1.7475e-008 3.2885e-009 2.1834e-009 2.3949e-009 2.6027e-009 2.3592e-011 5.7017e-010 6.7444e-010
           3 1.0122e-005 7.4014e-004 2.6010e-002 9.3537e-001 3.7688e-002 1.7791e-004 3.8550e-007 8.0031e-009 5.3247e-009 6.6403e-009 3.0607e-009 4.3051e-010 2.0890e-009 1.5744e-009 7.5656e-011 5.7709e-011
           4 4.3468e-007 4.2121e-005 1.5222e-003 3.3378e-002 9.1836e-001 4.6311e-002 3.8712e-004 1.1745e-006 2.9423e-008 5.7019e-009 1.4621e-008 3.3932e-009 3.1669e-009 9.4498e-010 3.1029e-009 1.3931e-009
           5 1.2473e-007 2.7048e-006 1.1379e-004 2.5976e-003 3.9416e-002 9.0364e-001 5.3428e-002 8.0068e-004 3.8589e-006 4.8525e-008 1.3783e-011 1.4310e-008 1.0065e-009 2.3247e-009 3.3297e-011 7.8120e-010
           6 4.1600e-010 3.9913e-007 9.9300e-006 2.4281e-004 3.9462e-003 4.3469e-002 8.9266e-001 5.8063e-002 1.5914e-003 1.3651e-005 1.2358e-007 3.1119e-013 2.9774e-008 9.6655e-010 1.5790e-009 5.0356e-010
           7 2.8795e-009 7.0978e-009 1.4595e-006 2.6666e-005 4.4440e-004 5.5248e-003 4.4876e-002 8.8704e-001 5.8999e-002 3.0348e-003 5.0429e-005 5.1573e-007 2.9380e-009 2.4045e-008 7.2065e-009 6.4305e-010
           8 1.3928e-009 2.8528e-009 8.5489e-008 4.3145e-006 5.9517e-005 7.3343e-004 7.2600e-003 4.2996e-002 8.8847e-001 5.4774e-002 5.5165e-003 1.8261e-004 3.9746e-006 3.4279e-008 1.6976e-008 1.1491e-008
           9 6.1358e-010 7.7416e-009 2.5795e-008 4.1728e-007 1.0551e-005 1.1646e-004 1.1187e-003 9.0446e-003 3.7283e-002 8.9838e-001 4.4006e-002 9.3795e-003 6.2256e-004 3.3230e-005 1.1573e-006 6.8839e-008
          10 9.1222e-010 3.0309e-010 2.0889e-008 1.0862e-007 1.5216e-006 2.2783e-005 2.0640e-004 1.6005e-003 1.0782e-002 2.7593e-002 9.1679e-001 2.6557e-002 1.4270e-002 1.9246e-003 2.2088e-004 2.7079e-005
          11 1.6464e-009 1.4787e-009 1.4135e-009 5.5331e-008 3.9796e-007 4.4265e-006 4.4657e-005 3.3260e-004 2.1438e-003 1.2409e-002 1.4886e-002 9.3932e-001 6.8665e-003 1.7465e-002 4.8117e-003 1.0469e-003
          12 7.9128e-011 7.2410e-010 8.3316e-010 6.8543e-009 1.3999e-007 1.2180e-006 1.0971e-005 8.5648e-005 5.0850e-004 2.6947e-003 1.4025e-002 2.9209e-003 9.4971e-001 1.9554e-003 1.2134e-002 6.9459e-003
          13 6.5301e-010 1.0041e-010 2.6291e-010 3.0544e-011 2.5025e-008 3.7095e-007 3.1482e-006 2.1752e-005 1.4536e-004 7.2733e-004 3.1565e-003 1.6168e-002 2.2626e-003 9.0310e-001 5.0595e-002 7.5158e-005
          14 1.6179e-009 9.7080e-010 3.7241e-010 1.4828e-012 2.5900e-009 9.2884e-008 9.8314e-007 7.3090e-006 4.2656e-005 2.3027e-004 9.6557e-004 3.3661e-003 2.0554e-002 3.7698e-002 7.0358e-001 1.6485e-001
          15 1.2987e-009 8.9518e-010 1.2817e-009 9.6241e-010 1.5324e-009 2.6383e-008 3.4177e-007 2.9399e-006 1.5718e-005 7.6961e-005 3.4323e-004 1.1840e-003 3.0789e-003 3.2943e-002 1.4954e-001 2.6657e-001
          16 5.4401e-010 3.1845e-010 9.4483e-010 2.1476e-009 2.8937e-009 1.3251e-008 1.3799e-007 1.1140e-006 6.6599e-006 3.0782e-005 1.2567e-004 4.6278e-004 1.2977e-003 1.8637e-003 7.6012e-002 2.9957e-001
          17 1.2068e-010 3.7140e-011 3.1260e-010 1.7327e-009 3.3251e-009 9.2782e-009 6.3110e-008 4.1392e-007 2.8540e-006 1.3785e-005 5.4098e-005 1.8781e-004 5.6434e-004 1.2397e-003 2.3268e-005 2.3635e-001
          18 7.7727e-012 8.3950e-013 4.4120e-011 8.2755e-010 2.3269e-009 5.9948e-009 2.9630e-008 1.6456e-007 1.2003e-006 6.1498e-006 2.4790e-005 8.2875e-005 2.3502e-004 5.6564e-004 9.8562e-004 2.0270e-002
          19 5.6099e-013 9.4480e-012 1.0254e-012 2.8088e-010 1.0949e-009 2.9391e-009 1.2394e-008 6.4676e-008 4.6438e-007 2.4523e-006 1.0175e-005 3.3897e-005 9.3505e-005 2.1733e-004 3.7799e-004 2.2380e-003
