   v'->v''           0           1           2           3           4
           0 9.9787e-001 1.7390e-003 2.8042e-004 9.0026e-005 1.6338e-005
           1 1.6340e-003 9.9111e-001 6.6605e-003 3.3881e-004 1.9429e-004
           2 4.4279e-004 6.0356e-003 9.7290e-001 2.0048e-002 1.1728e-004
           3 4.3158e-005 1.0349e-003 1.7921e-002 9.3160e-001 4.8642e-002
           4 5.8547e-006 6.0550e-005 2.1560e-003 4.2863e-002 8.4770e-001
           5 2.2627e-007 1.3377e-005 4.8178e-005 4.9975e-003 9.0158e-002
           6 2.5677e-007 1.1940e-006 2.7029e-005 5.6427e-006 1.2914e-002
           7 2.2096e-007 6.0018e-008 3.5295e-006 5.2719e-005 1.2349e-004
           8 1.2031e-007 1.1315e-007 1.0679e-007 6.1841e-006 1.2914e-004
           9 6.2389e-008 1.6522e-007 3.6209e-009 8.2101e-007 5.0950e-006
          10 8.7279e-009 1.3812e-007 1.5701e-007 7.3815e-008 2.4076e-006
          11 3.1246e-009 3.2282e-008 1.6629e-007 8.9180e-008 3.5235e-007
          12 1.6466e-008 6.3087e-011 6.0346e-008 1.2543e-007 1.7774e-008
          13 1.6917e-008 3.8528e-009 1.8531e-008 7.0465e-008 2.9670e-008
          14 1.0305e-008 4.5699e-009 8.7115e-009 5.6494e-008 4.4004e-008
          15 5.2337e-009 3.4971e-009 4.0077e-009 4.8143e-008 8.0147e-008
          16 2.7537e-009 3.1512e-009 7.6998e-010 2.9903e-008 7.9194e-008
          17 1.5673e-009 3.1077e-009 2.4221e-011 1.2599e-008 4.7716e-008
          18 9.3240e-010 2.7427e-009 5.6842e-010 4.0410e-009 2.2631e-008
          19 4.5596e-010 1.6806e-009 6.9134e-010 1.0086e-009 8.6494e-009
          20 4.1901e-011 1.6742e-010 8.2826e-011 6.5089e-011 7.1063e-010
