   v'->v''           0           1           2           3           4           5           6           7           8           9          10          11          12          13          14          15          16          17          18          19          20          21          22
           0 9.9321e-001 6.7787e-003 1.4237e-005 9.9166e-008 2.3653e-010 2.6126e-008 5.1430e-009 1.9080e-008 1.5224e-008 4.1347e-010 2.1040e-009 2.3588e-011 7.9270e-010 7.5415e-011 3.8604e-010 1.0862e-009 8.9378e-010 3.7575e-010 8.6387e-011 8.5926e-012 5.5260e-014 1.6100e-013 1.6564e-013
           1 6.7473e-003 9.7686e-001 1.6336e-002 5.5761e-005 2.2383e-007 2.3512e-007 7.3793e-008 7.9594e-009 1.9618e-008 8.7601e-009 2.4322e-011 9.3975e-010 2.8712e-009 4.8714e-010 4.9155e-010 1.8294e-009 1.5083e-009 6.2346e-010 1.5416e-010 2.3375e-011 2.2230e-012 1.7196e-013 1.4580e-014
           2 4.6557e-005 1.6141e-002 9.5423e-001 2.9389e-002 1.8802e-004 1.2020e-008 4.4545e-007 3.7510e-007 3.1723e-009 1.2628e-008 7.0370e-011 1.7095e-012 7.5815e-009 1.0017e-008 1.6287e-009 3.2203e-010 1.6839e-009 1.4393e-009 6.9338e-010 2.5518e-010 8.3839e-011 2.8095e-011 1.0441e-011
           3 1.2422e-007 2.1721e-004 2.8796e-002 9.2210e-001 4.8343e-002 5.4224e-004 2.5848e-007 1.0247e-007 5.2790e-007 1.7805e-007 6.7156e-008 8.5713e-010 4.6220e-009 3.9590e-010 3.2717e-009 2.0934e-009 9.2900e-010 5.8914e-010 4.7397e-010 3.3312e-010 1.7635e-010 7.6016e-011 3.1611e-011
           4 3.7778e-008 1.6668e-006 6.0770e-004 4.6971e-002 8.7758e-001 7.3652e-002 1.1903e-003 5.3582e-008 1.1972e-008 2.4966e-007 2.2432e-007 1.9497e-007 2.1803e-008 1.2104e-009 7.1424e-010 3.5250e-011 2.7987e-010 4.3170e-010 1.5829e-010 1.5827e-011 4.4855e-014 1.2507e-012 9.7979e-013
           5 5.8452e-011 2.0232e-007 1.1146e-005 1.4466e-003 7.0513e-002 8.2100e-001 1.0476e-001 2.2661e-003 6.9396e-008 3.0679e-009 1.4328e-007 1.9708e-007 3.1443e-007 7.1796e-008 1.5781e-008 8.8874e-009 2.3764e-009 3.6820e-014 6.4676e-010 8.2861e-010 4.9227e-010 2.1568e-010 8.9761e-011
           6 1.6470e-008 1.0389e-007 1.1307e-008 3.7491e-005 3.2621e-003 9.7741e-002 7.5188e-001 1.4302e-001 4.0607e-003 1.7588e-007 5.0046e-008 5.6499e-008 5.7719e-008 3.4073e-007 1.1403e-007 3.9408e-008 3.7462e-008 2.6731e-008 1.0886e-008 2.9854e-009 6.9564e-010 1.8075e-010 5.8533e-011
           7 1.2660e-008 6.6140e-008 3.2135e-007 3.7968e-007 1.1249e-004 6.6934e-003 1.2858e-001 6.6951e-001 1.8807e-001 7.0299e-003 2.2993e-006 3.7919e-007 9.1127e-009 1.3771e-008 2.6620e-007 1.0621e-007 5.6153e-008 6.3968e-008 5.4829e-008 3.1648e-008 1.3893e-008 5.4017e-009 2.1447e-009
           8 2.1916e-009 1.3330e-008 2.9988e-007 6.6207e-008 2.3183e-006 3.5304e-004 1.2546e-002 1.6066e-001 5.7326e-001 2.4102e-001 1.2125e-002 1.9837e-005 2.7376e-006 2.1307e-008 8.5293e-009 1.7706e-007 5.5821e-008 3.8459e-008 4.9934e-008 4.2708e-008 2.3640e-008 1.0250e-008 4.2626e-009
           9 1.8254e-009 2.2352e-009 8.0377e-008 5.0753e-007 2.9939e-009 1.2689e-005 9.8214e-004 2.1740e-002 1.9203e-001 4.6066e-001 3.0256e-001 2.1833e-002 1.5697e-004 2.1829e-005 8.0609e-007 6.6160e-009 1.6604e-007 1.2133e-008 5.8003e-009 1.4183e-008 1.3104e-008 6.9307e-009 3.1118e-009
          10 3.1319e-009 5.0665e-009 1.2523e-008 3.7039e-007 2.1104e-007 2.7957e-007 6.0841e-005 2.4961e-003 3.5343e-002 2.1791e-001 3.2543e-001 3.7254e-001 4.4520e-002 1.4394e-003 2.5572e-004 2.3929e-005 8.1429e-007 2.1152e-007 5.7508e-009 4.9135e-010 1.5602e-009 1.8612e-009 1.0393e-009
          11 1.9319e-009 7.4809e-009 5.3298e-009 1.0600e-007 2.5531e-007 7.0494e-008 3.3023e-006 2.5529e-004 5.6062e-003 5.1617e-002 2.1629e-001 1.4566e-001 4.2243e-001 1.2178e-001 2.2366e-002 9.1835e-003 3.4342e-003 1.0955e-003 2.1143e-004 1.8259e-006 2.4422e-006 6.5566e-007 2.0137e-007
          12 3.5960e-011 1.8635e-010 1.3445e-010 1.8178e-009 5.9893e-009 3.2626e-009 3.1593e-008 3.3858e-006 8.3777e-005 8.5799e-004 4.1363e-003 5.3826e-003 3.5112e-003 1.7945e-003 1.5111e-002 4.7535e-002 1.3695e-001 3.0109e-001 3.6743e-001 1.1531e-001 2.1159e-004 3.1395e-007 2.1997e-006
          13 6.9027e-011 4.5259e-010 3.4914e-010 3.5347e-009 1.4231e-008 1.0412e-008 3.5877e-008 5.4338e-006 1.4645e-004 1.6146e-003 8.4701e-003 1.4948e-002 1.9648e-003 1.7416e-002 4.9229e-002 8.0163e-002 1.0367e-001 4.3390e-002 4.1114e-002 4.5598e-001 1.7419e-001 4.3757e-003 9.3183e-004
          14 4.7395e-011 3.5616e-010 2.8846e-010 2.5185e-009 1.1169e-008 9.1771e-009 1.8025e-008 3.4810e-006 9.8203e-005 1.1242e-003 6.1418e-003 1.2295e-002 3.3511e-004 1.8519e-002 3.4353e-002 3.5853e-002 2.3106e-002 1.1171e-005 4.0442e-002 1.0721e-003 4.8376e-001 3.3603e-001 4.1749e-004
