   v'->v''           0           1
           0 9.9477e-001 5.0693e-003
           1 5.2029e-003 9.8418e-001
           2 2.8068e-005 1.0663e-002
           3 1.1106e-006 7.8507e-005
           4 1.1563e-007 3.1062e-006
           5 8.5735e-009 1.1682e-006
           6 1.6668e-008 1.1921e-007
           7 4.8716e-009 1.7776e-008
           8 8.5339e-010 9.2923e-009
           9 4.2772e-009 1.4282e-009
          10 3.7110e-009 1.0007e-008
          11 2.0513e-010 1.4264e-008
          12 1.4988e-014 3.0724e-010
          13 4.3082e-012 6.5931e-010
          14 8.2546e-012 4.8325e-010
