   v'->v''           0           1           2           3           4           5           6           7           8           9          10          11          12          13          14          15          16          17          18          19          20          21          22          23          24          25          26          27          28          29          30          31          32          33          34          35          36          37
           0 9.6954e-001 7.7514e-009 2.9606e-008 3.0421e-002 3.4990e-006 1.0831e-006 3.2136e-005 3.0724e-008 8.9779e-007 2.9049e-006 4.4001e-007 9.2111e-009 1.4908e-009 4.4491e-010 2.8829e-010 5.4441e-010 3.6035e-011 2.0560e-010 6.6271e-010 7.6603e-010 5.8348e-010 3.5628e-010 1.8834e-010 8.3919e-011 2.6635e-011 3.3041e-012 3.3577e-013 3.1070e-012 2.8837e-012 4.2202e-013 8.2660e-013 6.0183e-012 1.2612e-011 1.5750e-011 1.3571e-011 8.2357e-012 3.3113e-012 7.6481e-013
           1 2.8334e-002 1.8561e-007 4.9358e-006 9.1641e-001 4.8917e-005 4.0002e-005 5.1858e-002 2.1787e-003 5.3591e-004 5.5200e-004 1.3164e-005 1.1753e-005 1.3910e-005 2.7399e-006 1.0033e-009 2.5375e-007 1.3032e-007 3.5095e-010 4.5503e-008 6.5090e-008 2.5470e-008 3.0279e-010 9.7832e-009 2.4378e-008 2.4019e-008 1.3101e-008 3.3519e-009 1.8030e-011 1.2534e-009 3.3090e-009 4.0816e-009 3.4660e-009 2.2468e-009 1.1384e-009 4.3445e-010 1.0921e-010 1.0756e-011 2.1460e-013
           2 1.9382e-003 3.6234e-006 3.7633e-005 4.6315e-002 3.8884e-004 3.3434e-003 8.6649e-001 1.8855e-002 1.0979e-003 3.4353e-002 1.9455e-002 6.1305e-003 1.4313e-003 2.9345e-005 5.3821e-005 5.7911e-005 1.2541e-005 3.0162e-008 3.3962e-006 3.1689e-006 7.9541e-007 2.8934e-009 4.2446e-007 6.8117e-007 4.6870e-007 1.5276e-007 6.5640e-009 2.5841e-008 9.1173e-008 1.2032e-007 1.0195e-007 6.1709e-008 2.5799e-008 5.7463e-009 3.7724e-011 1.7907e-009 4.5622e-009 4.5126e-009
           3 1.6455e-004 6.7010e-005 4.8993e-004 6.1099e-003 1.9714e-003 6.4633e-003 2.8382e-002 4.1452e-002 1.6507e-001 5.9404e-001 1.0176e-001 3.3539e-005 1.8328e-002 2.2923e-002 1.0174e-002 2.0913e-003 4.1634e-005 1.3501e-004 1.8964e-004 7.2886e-005 4.7579e-006 4.7513e-006 1.4849e-005 1.2145e-005 4.4002e-006 3.0128e-007 4.2196e-007 1.7181e-006 2.1618e-006 1.6234e-006 7.9468e-007 2.1451e-007 7.0457e-009 3.9156e-008 1.3707e-007 1.9647e-007 1.8891e-007 1.2307e-007
           4 2.1167e-005 7.7900e-004 4.1140e-003 4.6228e-004 1.2453e-002 2.8899e-002 2.4498e-002 3.8019e-002 5.3371e-002 8.6708e-003 2.0251e-001 3.0638e-001 2.2859e-001 4.6865e-002 3.2703e-005 1.3424e-002 1.7938e-002 9.6656e-003 2.4536e-003 1.1983e-004 1.1002e-004 2.8621e-004 1.9872e-004 5.9171e-005 2.2775e-006 7.1453e-006 2.0590e-005 2.0820e-005 1.2197e-005 4.0367e-006 3.5123e-007 2.4983e-007 1.4037e-006 2.2322e-006 2.2950e-006 1.8243e-006 1.1824e-006 5.8592e-007
           5 3.5095e-006 6.0929e-003 2.2724e-002 2.0536e-004 4.7381e-002 7.1647e-002 2.0972e-004 8.5400e-002 6.7804e-002 1.1955e-003 1.8797e-002 1.8156e-003 1.2052e-001 2.4641e-001 1.9054e-001 7.5455e-002 8.4496e-003 1.8770e-003 1.1273e-002 1.2269e-002 6.8807e-003 2.0993e-003 2.0219e-004 3.4406e-005 2.1526e-004 2.3509e-004 1.3293e-004 3.9341e-005 2.2025e-006 3.7147e-006 1.4362e-005 1.8883e-005 1.6004e-005 1.0056e-005 4.7908e-006 1.6501e-006 3.4665e-007 2.6872e-008
           6 4.7893e-007 3.2281e-002 7.7583e-002 1.2185e-006 1.0150e-001 8.8380e-002 8.8290e-004 4.5002e-002 3.0626e-003 2.9018e-002 6.2322e-003 7.7127e-003 8.3250e-003 9.1081e-003 9.6406e-002 1.8725e-001 1.7261e-001 8.5206e-002 1.9011e-002 8.9456e-005 4.8389e-003 9.8205e-003 8.6170e-003 4.6382e-003 1.5247e-003 2.0292e-004 7.2465e-006 1.3459e-004 2.0078e-004 1.6068e-004 8.4705e-005 2.7876e-005 3.3612e-006 5.0285e-007 5.1717e-006 8.8938e-006 9.0821e-006 6.0456e-006
           7 1.2875e-007 1.1313e-001 1.4327e-001 1.0589e-005 8.5915e-002 2.0071e-002 1.6163e-003 2.2900e-004 2.3547e-002 5.4636e-003 2.8291e-002 3.1731e-002 5.4129e-004 1.1199e-002 3.7528e-003 1.2127e-002 8.6127e-002 1.5252e-001 1.4287e-001 8.2225e-002 2.6632e-002 2.3171e-003 1.1676e-003 6.0341e-003 7.8453e-003 6.0816e-003 3.2491e-003 1.1641e-003 2.1063e-004 1.6783e-007 6.4461e-005 1.3853e-004 1.4856e-004 1.1335e-004 6.7753e-005 3.2686e-005 1.2648e-005 3.7373e-006
           8 6.8583e-008 2.5184e-001 9.7388e-002 5.5675e-006 2.4862e-003 2.1724e-002 1.4120e-003 5.0278e-002 2.8846e-002 4.5550e-003 1.2823e-002 3.9974e-003 2.9439e-002 7.8886e-003 2.6931e-003 1.0079e-002 3.1359e-004 1.9298e-002 7.9323e-002 1.2573e-001 1.1888e-001 7.3894e-002 2.8931e-002 5.0312e-003 3.9851e-005 2.9895e-003 5.7811e-003 5.9260e-003 4.2773e-003 2.3296e-003 9.3736e-004 2.3785e-004 1.5997e-005 1.2265e-005 5.7927e-005 8.3218e-005 7.7208e-005 4.8541e-005
           9 2.1056e-008 3.3043e-001 1.6639e-004 4.9676e-006 6.7904e-002 6.3767e-002 4.6387e-005 1.0548e-002 7.6328e-003 1.3042e-002 1.1567e-002 2.1535e-002 4.1019e-005 2.2371e-002 1.7047e-002 1.6599e-004 6.7266e-003 5.6584e-003 6.5580e-004 2.6290e-002 7.4988e-002 1.0549e-001 9.6569e-002 6.2260e-002 2.7613e-002 6.8487e-003 1.9324e-004 1.1428e-003 3.6225e-003 4.7612e-003 4.3027e-003 3.0440e-003 1.7591e-003 8.3381e-004 3.1225e-004 8.3304e-005 1.1490e-005 1.1020e-007
          10 2.0286e-009 2.1772e-001 1.9909e-001 1.0396e-006 5.1655e-002 1.2985e-003 2.0057e-003 3.8972e-002 2.9153e-002 5.0356e-003 1.3167e-002 3.6327e-003 1.8181e-002 3.5640e-004 1.3694e-002 1.9509e-002 2.9457e-003 2.3644e-003 7.3534e-003 1.3085e-003 4.9222e-003 3.3875e-002 7.0308e-002 8.7200e-002 7.6570e-002 5.0058e-002 2.3875e-002 7.2275e-003 6.7695e-004 2.9977e-004 1.9663e-003 3.2769e-003 3.5364e-003 2.9990e-003 2.1464e-003 1.3431e-003 7.3912e-004 3.3021e-004
          11 4.6915e-011 4.5971e-002 3.6541e-001 1.8869e-005 9.5348e-002 4.8484e-002 1.5174e-005 1.3455e-002 1.5738e-002 6.1290e-003 1.7524e-002 1.4694e-002 3.0834e-003 1.5627e-002 1.3303e-003 8.1692e-003 1.7056e-002 5.2631e-003 3.8984e-004 5.5511e-003 3.5391e-003 1.9488e-004 1.2469e-002 3.9267e-002 6.2796e-002 6.8762e-002 5.6917e-002 3.6682e-002 1.8042e-002 6.0985e-003 9.0874e-004 3.7293e-005 9.0793e-004 1.8757e-003 2.2932e-003 2.1451e-003 1.6383e-003 9.4029e-004
