   v'->v''           0           1           2           3           4           5           6           7           8           9          10          11          12          13          14          15
           0 9.9298e-001 7.0232e-003 3.0331e-008 4.4310e-007 2.8778e-008 4.6841e-009 9.4679e-009 3.2697e-010 4.8516e-010 1.5480e-010 5.8024e-011 7.2398e-011 1.2533e-010 1.9422e-011 4.0898e-012 1.8382e-011
           1 6.9043e-003 9.7644e-001 1.6638e-002 1.1557e-005 6.8265e-006 2.7211e-008 1.9429e-007 2.5169e-009 1.0263e-008 4.5486e-009 9.2888e-012 2.3584e-009 2.7805e-009 8.0061e-010 1.9997e-011 4.5474e-011
           2 1.1449e-004 1.6134e-002 9.5030e-001 3.3224e-002 2.0425e-004 2.2060e-005 2.0764e-006 6.1623e-007 2.9772e-007 1.0634e-008 4.6717e-008 5.4024e-008 9.0601e-009 2.0195e-010 2.8895e-009 2.5384e-009
           3 5.7930e-006 3.7041e-004 3.2115e-002 9.0617e-001 6.0539e-002 7.7362e-004 7.0237e-006 1.4148e-005 2.6219e-007 5.3089e-007 6.1733e-007 6.5320e-008 1.2508e-008 4.1062e-008 2.9643e-008 1.3768e-008
           4 1.1605e-007 3.0337e-005 8.6926e-004 5.8263e-002 8.4873e-001 9.0909e-002 1.1711e-003 4.8375e-006 1.5548e-005 4.4882e-006 8.1429e-008 4.7104e-007 4.4995e-007 1.5551e-007 3.5335e-008 5.4475e-009
           5 4.1481e-008 2.3965e-006 6.5468e-005 2.2009e-003 8.4831e-002 7.9026e-001 1.2124e-001 1.3220e-003 5.2125e-005 7.5860e-006 8.2987e-006 2.3054e-006 1.0978e-008 1.7205e-007 2.0289e-007 1.2240e-007
           6 7.1777e-014 1.2523e-007 1.3598e-005 9.3695e-005 5.4089e-003 1.0676e-001 7.3449e-001 1.5189e-001 1.1682e-003 1.5749e-004 1.1602e-007 7.0813e-006 5.8043e-006 1.3890e-006 1.6321e-007 7.8100e-009
           7 1.5592e-009 7.1733e-009 2.0519e-006 2.0982e-005 2.3992e-004 1.0476e-002 1.2393e-001 6.8313e-001 1.8114e-001 7.2236e-004 3.0599e-004 9.3006e-006 2.0115e-006 5.6172e-006 3.1240e-006 1.1752e-006
           8 1.6164e-009 5.8527e-011 7.3337e-011 1.0086e-005 1.9988e-005 7.2342e-004 1.7167e-002 1.3457e-001 6.3881e-001 2.0802e-001 1.6600e-004 4.4982e-004 5.6955e-005 1.5092e-006 1.3348e-006 1.8199e-006
           9 2.7606e-009 1.3840e-008 6.0938e-008 1.5899e-006 1.1154e-005 4.5305e-005 1.7993e-003 2.4757e-002 1.3806e-001 6.0328e-001 2.3132e-001 6.8259e-005 4.5626e-004 1.5715e-004 2.5401e-005 2.3259e-006
          10 7.4319e-012 7.2345e-009 1.0664e-009 2.2712e-008 5.6736e-006 9.1548e-006 1.5448e-004 3.7402e-003 3.2486e-002 1.3422e-001 5.7697e-001 2.5055e-001 1.2649e-003 1.5793e-004 2.7179e-004 9.2688e-005
          11 1.1859e-009 5.4975e-012 7.5288e-009 3.3781e-008 1.9192e-006 5.3650e-006 1.5889e-005 4.7865e-004 6.5858e-003 3.8553e-002 1.2242e-001 5.5167e-001 2.7702e-001 2.0698e-003 4.8810e-004 1.7126e-004
