   v'->v''           0           1           2           3           4           5           6           7           8           9          10          11          12          13          14          15          16          17          18          19
           0 9.8940e-001 8.8984e-003 1.2586e-003 3.9736e-004 3.2179e-005 4.6688e-006 2.2927e-006 8.0327e-007 1.2555e-009 1.8383e-007 1.4268e-007 1.1240e-008 1.7377e-008 4.6356e-008 3.0105e-008 7.4814e-009 1.3066e-010 1.0138e-009 2.1497e-009 1.6448e-009
           1 1.0575e-002 8.1764e-001 1.1913e-001 4.3388e-002 8.9165e-003 1.6403e-005 2.7199e-004 8.9422e-006 2.0319e-005 1.5855e-005 7.6070e-007 1.3727e-006 2.6611e-006 1.4440e-006 3.0071e-007 3.5034e-010 8.2922e-008 1.6174e-007 1.5051e-007 8.7380e-008
           2 6.9319e-006 1.6996e-001 4.7609e-001 2.5959e-001 8.7335e-002 5.8402e-003 8.8107e-004 8.1532e-005 1.6747e-004 1.7769e-005 6.9501e-006 1.7553e-005 8.0576e-006 9.0077e-007 1.8571e-007 1.2235e-006 1.5370e-006 1.1769e-006 6.7630e-007 2.9715e-007
           3 1.1270e-005 3.1607e-003 3.6966e-001 2.8121e-001 2.6377e-001 7.9099e-002 1.5259e-003 1.3479e-003 2.8702e-005 8.3649e-005 7.4722e-005 9.9899e-006 1.0841e-006 7.7081e-006 7.6303e-006 3.8527e-006 1.1248e-006 1.4931e-007 5.5423e-012 1.6859e-008
           4 4.7703e-006 2.7791e-004 3.3199e-002 3.2645e-001 2.1709e-001 3.3272e-001 8.8256e-002 4.8047e-005 1.4232e-003 3.5042e-004 1.8975e-007 6.6723e-005 5.5686e-005 1.6334e-005 7.2060e-007 1.3258e-006 3.8975e-006 4.1183e-006 2.8772e-006 1.4314e-006
           5 1.5016e-006 8.2784e-006 5.7083e-006 8.3781e-002 2.9603e-001 1.6771e-001 3.6708e-001 8.3425e-002 3.8603e-004 7.6137e-004 5.9077e-004 8.5833e-005 4.1328e-006 3.7719e-005 3.7838e-005 2.0230e-005 6.5622e-006 1.1388e-006 3.4579e-008 2.3730e-008
           6 2.1323e-007 3.3025e-005 5.3307e-004 4.2661e-003 1.0948e-001 2.5181e-001 1.3636e-001 4.1353e-001 8.1175e-002 1.6423e-003 1.8673e-004 5.7918e-004 2.6811e-004 3.4154e-005 7.7575e-007 1.6617e-005 2.3564e-005 1.8746e-005 1.0958e-005 4.8712e-006
           7 3.8295e-007 9.0924e-006 8.9631e-006 3.0044e-004 1.6272e-002 1.2569e-001 2.1588e-001 1.0701e-001 4.5127e-001 7.9864e-002 2.7610e-003 6.1443e-007 3.3907e-004 3.4251e-004 1.3832e-004 2.9917e-005 1.1132e-006 1.8449e-006 4.8104e-006 3.8431e-006
           8 6.0680e-009 5.1658e-007 5.4065e-005 4.5455e-004 3.0127e-004 3.2689e-002 1.2943e-001 1.8290e-001 8.1195e-002 4.8815e-001 8.0461e-002 3.3814e-003 2.0907e-004 8.7509e-005 2.4955e-004 1.9753e-004 1.0079e-004 3.8783e-005 1.1899e-005 3.0634e-006
           9 7.2492e-008 3.0258e-006 3.9325e-005 3.7271e-005 3.1210e-004 3.6958e-003 4.7359e-002 1.2464e-001 1.5349e-001 5.5505e-002 5.2365e-001 8.6735e-002 3.2576e-003 6.4196e-004 8.6826e-007 9.7113e-005 1.4036e-004 1.1515e-004 6.9890e-005 3.1819e-005
          10 7.1596e-008 1.1672e-006 3.8012e-006 1.8461e-005 2.9981e-004 7.8198e-006 1.0994e-002 5.8819e-002 1.1561e-001 1.2645e-001 3.0655e-002 5.5227e-001 1.0079e-001 2.3919e-003 1.0595e-003 1.0918e-004 2.6394e-006 3.9674e-005 5.1246e-005 3.3253e-005
          11 1.3375e-008 3.6185e-008 1.3119e-006 4.8941e-005 6.0990e-005 2.4529e-004 1.3218e-003 2.0851e-002 6.5267e-002 1.0315e-001 1.0010e-001 1.0178e-002 5.6937e-001 1.2617e-001 1.1273e-003 1.2802e-003 3.2950e-004 4.1246e-005 1.1239e-006 8.0572e-007
          12 3.0784e-010 1.2047e-007 5.1469e-006 2.9628e-005 3.9996e-009 2.4540e-004 6.2271e-006 5.6008e-003 3.0289e-002 6.5916e-002 8.8113e-002 7.2740e-002 9.7721e-005 5.6488e-001 1.6972e-001 8.8734e-005 1.1843e-003 5.2709e-004 1.5621e-004 4.5390e-005
          13 6.5228e-009 2.7161e-007 4.5244e-006 8.3697e-006 1.3711e-005 1.0368e-004 1.0258e-004 1.0572e-003 1.2254e-002 3.6701e-002 6.1348e-002 7.1155e-002 4.3676e-002 9.6592e-003 5.2167e-001 2.3941e-001 5.9237e-004 6.9102e-004 5.2831e-004 2.0557e-004
          14 8.2480e-009 2.3970e-007 2.3208e-006 7.7833e-007 2.1266e-005 2.4691e-005 1.5285e-004 9.9202e-005 4.4917e-003 1.8991e-002 3.8552e-002 5.2792e-002 5.1851e-002 1.6072e-002 4.5754e-002 4.2601e-001 3.3969e-001 3.8197e-003 5.1020e-005 1.9350e-004
          15 5.9223e-009 1.4905e-007 8.5522e-007 8.2610e-008 1.7458e-005 2.3854e-006 1.1556e-004 3.0648e-007 1.5591e-003 9.5288e-003 2.3159e-002 3.5697e-002 4.1387e-002 3.0007e-002 3.6813e-004 9.6928e-002 2.9227e-001 4.5976e-001 7.3595e-003 4.9282e-004
          16 3.3132e-009 7.7343e-008 2.3704e-007 6.5099e-007 1.1092e-005 8.1210e-008 6.8329e-005 2.1490e-005 5.2570e-004 4.7135e-003 1.3444e-002 2.2837e-002 2.8831e-002 2.7005e-002 8.7701e-003 1.0298e-002 1.2222e-001 1.6493e-001 5.8944e-001 2.3991e-003
          17 1.5596e-009 3.4703e-008 4.7381e-008 7.9572e-007 5.8689e-006 9.8043e-007 3.4223e-005 2.8409e-005 1.7055e-004 2.2041e-003 7.1390e-003 1.3066e-002 1.7397e-002 1.8053e-002 1.0199e-002 1.2591e-004 3.5820e-002 9.0739e-002 9.0745e-002 7.0302e-001
          18 5.1296e-010 1.1085e-008 6.4316e-009 4.1128e-007 2.0909e-006 7.5217e-007 1.1801e-005 1.4716e-005 4.4546e-005 7.4669e-004 2.6114e-003 4.9931e-003 6.8453e-003 7.4054e-003 5.0120e-003 1.5748e-004 8.1747e-003 2.9687e-002 2.9573e-002 8.5693e-002
