   v'->v''           0           1           2           3           4           5           6           7           8           9          10          11          12          13          14          15          16          17          18          19          20          21
           0 9.9486e-001 4.9417e-003 1.7030e-004 2.4003e-005 1.8027e-006 1.0875e-009 4.9588e-007 2.4626e-007 7.5917e-008 2.5645e-008 6.4476e-010 9.8112e-009 2.3313e-008 1.9464e-008 9.7800e-009 3.7700e-009 1.3423e-009 4.8044e-010 1.7070e-010 6.0141e-011 2.0230e-011 4.9604e-012
           1 5.0706e-003 9.8278e-001 1.1807e-002 3.0570e-004 3.5604e-005 4.1971e-006 8.4829e-008 3.8656e-007 2.2341e-007 1.4189e-007 9.4721e-008 1.8786e-008 4.9470e-010 8.0080e-009 7.7584e-009 4.3810e-009 2.3090e-009 1.3700e-009 9.0374e-010 6.0579e-010 3.4437e-010 1.1155e-010
           2 1.9266e-005 1.2206e-002 9.6462e-001 2.2636e-002 4.6495e-004 4.1863e-005 1.0037e-005 7.3458e-007 5.4489e-008 1.8166e-007 2.7352e-007 1.9147e-007 6.7858e-008 1.7785e-008 5.0530e-009 1.5435e-009 3.4915e-010 1.2870e-011 5.1611e-011 1.7058e-010 1.8025e-010 7.3334e-011
           3 3.9562e-005 1.3430e-006 2.3186e-002 9.3795e-001 3.7957e-002 8.0795e-004 3.6048e-005 1.8551e-005 1.9576e-006 2.8940e-008 8.2113e-008 3.1344e-007 2.7305e-007 1.4325e-007 7.3101e-008 4.0147e-008 2.2589e-008 1.2607e-008 6.5955e-009 3.1500e-009 1.2986e-009 3.5047e-010
           4 9.4958e-006 5.0769e-005 1.3120e-004 3.8374e-002 8.9910e-001 6.0613e-002 1.6723e-003 8.8638e-006 3.5003e-005 2.7342e-006 3.1529e-007 2.2884e-009 1.8496e-007 2.4540e-007 1.6632e-007 1.1071e-007 7.8363e-008 5.6541e-008 3.8691e-008 2.3979e-008 1.2239e-008 3.7110e-009
           5 3.3439e-007 1.9748e-005 3.6820e-005 6.3224e-004 6.0329e-002 8.3653e-001 9.7755e-002 4.5428e-003 5.2332e-005 9.7627e-005 2.1683e-006 4.6607e-007 3.1118e-007 1.5273e-008 1.0547e-007 9.1806e-008 7.7950e-008 7.3093e-008 6.5068e-008 4.9817e-008 2.9244e-008 9.4654e-009
           6 5.0423e-008 2.9736e-006 3.2523e-005 7.1615e-006 2.0073e-003 9.5396e-002 7.1629e-001 1.6679e-001 1.7438e-002 1.5579e-003 4.6520e-004 1.9809e-007 9.6269e-009 6.7570e-007 8.9785e-008 8.4193e-009 3.5370e-011 6.2898e-009 2.1793e-008 3.0744e-008 2.4217e-008 8.8019e-009
           7 1.8058e-007 2.2334e-007 1.0111e-005 3.2626e-005 2.5676e-005 6.0197e-003 1.5798e-001 4.5992e-001 2.8142e-001 7.5846e-002 1.5976e-002 2.7551e-003 1.6112e-006 4.3873e-006 1.5685e-008 1.5550e-007 3.0523e-007 2.3622e-007 1.0983e-007 3.5533e-008 8.7240e-009 1.5981e-009
           8 2.1577e-007 2.7692e-009 3.1360e-006 1.9499e-005 8.9209e-006 4.9671e-004 2.2347e-002 2.6999e-001 1.2764e-001 3.1916e-001 1.9217e-001 6.0290e-002 7.8521e-003 1.6221e-005 1.8584e-005 6.0736e-006 1.1659e-006 4.7403e-008 3.9438e-008 1.0200e-007 8.0207e-008 2.7949e-008
           9 2.0779e-007 1.0744e-007 9.1434e-007 1.0908e-005 2.1502e-005 2.4735e-005 3.3418e-003 7.9741e-002 3.2259e-001 3.7129e-005 2.0599e-001 2.6750e-001 1.0994e-001 1.0354e-002 3.8703e-004 1.0855e-006 1.1138e-005 8.6173e-006 4.1222e-006 1.5575e-006 5.1116e-007 1.2141e-007
          10 1.3617e-007 1.8892e-007 1.1473e-007 5.2230e-006 1.8626e-005 2.4480e-006 4.4720e-004 1.5540e-002 1.7591e-001 1.7955e-001 5.1544e-002 9.0218e-002 3.1270e-001 1.6398e-001 8.2332e-003 1.6869e-003 1.2867e-004 2.2065e-006 3.0493e-006 5.3488e-006 3.4939e-006 1.1198e-006
          11 6.3238e-008 1.8043e-007 2.7576e-009 2.0941e-006 1.2234e-005 1.3161e-005 4.7925e-005 2.7267e-003 5.6070e-002 2.1937e-001 3.4117e-002 1.0668e-001 2.2834e-002 3.4182e-001 2.1064e-001 1.7074e-003 2.7623e-003 9.2576e-004 2.3146e-004 4.7084e-005 8.4622e-006 1.3335e-006
          12 1.9817e-008 1.2823e-007 6.2153e-008 6.3090e-007 6.8650e-006 1.5143e-005 7.5872e-007 5.1506e-004 1.4019e-002 1.2303e-001 1.3936e-001 1.6513e-003 1.0170e-001 1.2006e-003 3.8113e-001 2.3185e-001 1.6893e-003 9.1663e-004 1.2488e-003 7.0358e-004 2.9041e-004 7.7259e-005
          13 3.4551e-009 7.8032e-008 9.7732e-008 1.2436e-007 3.4418e-006 1.1824e-005 2.9430e-006 1.0892e-004 3.3429e-003 4.9905e-002 1.3905e-001 3.2401e-002 3.4365e-002 5.8187e-002 1.1135e-003 4.4729e-001 2.1864e-001 1.2520e-002 4.7630e-004 7.9589e-005 2.0845e-004 8.8589e-005
          14 8.5121e-011 4.4194e-008 9.2416e-008 9.8120e-009 1.6161e-006 7.6955e-006 6.6119e-006 2.2969e-005 8.8088e-004 1.7997e-002 8.8880e-002 6.9362e-002 4.0363e-004 4.9467e-002 1.9605e-002 3.6359e-003 5.1964e-001 2.0889e-001 1.4609e-002 3.8169e-003 7.6115e-004 1.1820e-004
          15 2.0864e-010 2.3960e-008 6.8707e-008 4.6553e-010 7.3453e-007 4.4793e-006 6.4622e-006 4.0829e-006 2.7313e-004 6.4743e-003 4.6780e-002 6.5053e-002 5.8807e-003 1.9160e-002 2.8585e-002 3.4823e-003 9.6583e-003 5.3124e-001 2.6958e-001 4.0772e-003 3.3590e-003 9.4168e-004
          16 4.5561e-010 1.2425e-008 4.3285e-008 3.9018e-009 3.2992e-007 2.3997e-006 4.5066e-006 5.2633e-007 9.8338e-005 2.4614e-003 2.2582e-002 4.3323e-002 1.1027e-002 4.8516e-003 1.9462e-002 7.1992e-003 8.8888e-005 4.0511e-002 3.9873e-001 4.4217e-001 8.4463e-004 4.0996e-005
          17 4.4021e-010 6.7960e-009 2.6600e-008 4.6377e-009 1.6297e-007 1.3317e-006 2.8781e-006 3.8286e-008 4.3073e-005 1.0963e-003 1.1582e-002 2.6671e-002 1.0262e-002 1.0692e-003 1.1162e-002 6.5534e-003 9.3281e-004 3.8482e-003 1.0128e-001 1.7638e-001 6.4445e-001 2.2848e-005
          18 3.4770e-010 3.9885e-009 1.6793e-008 3.9627e-009 8.9138e-008 7.8724e-007 1.8461e-006 3.3213e-010 2.1981e-005 5.6228e-004 6.4765e-003 1.6659e-002 7.9522e-003 2.0994e-004 6.4390e-003 4.9067e-003 1.1234e-003 3.7435e-004 3.0102e-002 9.4109e-002 8.6889e-002 6.0173e-001
          19 2.0780e-010 2.0284e-009 8.9219e-009 2.4565e-009 4.3343e-008 4.0183e-007 9.8737e-007 7.3820e-009 1.0277e-005 2.6326e-004 3.1903e-003 8.7572e-003 4.7002e-003 2.9612e-005 3.1809e-003 2.8201e-003 7.8725e-004 1.7755e-005 9.5074e-003 3.9785e-002 2.7157e-002 3.1539e-001
