   v'->v''           0           1           2           3           4           5           6           7           8           9          10          11          12          13          14
           0 9.9898e-001 1.0183e-003 3.9112e-007 3.4448e-008 1.4443e-009 2.7910e-008 8.1313e-009 7.3876e-010 3.9260e-010 1.2155e-009 3.5559e-009 8.4366e-010 7.6677e-012 5.4391e-012 1.3270e-012
           1 1.0183e-003 9.9634e-001 2.6365e-003 1.1572e-006 3.0697e-007 2.7802e-008 2.6216e-010 1.3985e-008 6.3512e-009 7.0751e-009 2.0816e-009 7.8144e-009 1.8219e-010 4.0538e-010 3.0102e-010
           2 9.8571e-007 2.6315e-003 9.9239e-001 4.9731e-003 8.3284e-009 8.9561e-007 1.4511e-007 2.7507e-008 7.0314e-008 8.8614e-011 2.1322e-009 8.4254e-011 9.4698e-012 3.8158e-011 3.6232e-011
           3 2.5939e-009 6.5810e-006 4.9304e-003 9.8722e-001 7.8466e-003 5.5727e-008 2.5650e-008 1.2780e-006 1.6342e-008 1.0864e-007 5.2395e-008 2.7140e-008 5.7172e-010 1.2344e-009 9.1023e-010
           4 3.2051e-008 6.5834e-008 3.8767e-005 7.7034e-003 9.7938e-001 1.2847e-002 1.7757e-005 1.0554e-005 2.5007e-006 1.3460e-007 2.0487e-008 9.4593e-009 3.3465e-010 1.1515e-009 1.0961e-009
           5 9.6910e-009 9.8595e-009 1.0890e-008 1.0381e-004 1.2586e-002 9.6207e-001 2.4750e-002 3.6859e-004 1.1199e-004 9.0821e-006 6.1482e-007 5.1793e-008 6.3829e-010 5.8456e-010 2.1650e-010
           6 7.3995e-009 5.0071e-008 3.1628e-007 2.8101e-006 1.6592e-004 2.4690e-002 9.1040e-001 5.9389e-002 4.3236e-003 9.7134e-004 4.0796e-005 5.9895e-006 2.5960e-008 6.8381e-009 2.6673e-010
           7 3.4271e-009 8.2949e-010 8.0240e-009 3.0337e-007 2.0079e-005 3.2225e-004 6.2587e-002 7.3457e-001 1.6185e-001 3.3711e-002 6.7530e-003 6.8040e-005 4.1195e-006 1.0582e-005 7.8626e-006
           8 1.2198e-009 6.5295e-009 1.1570e-008 1.9677e-007 1.3476e-006 5.0112e-005 2.0919e-003 1.8450e-001 3.9083e-001 2.9292e-001 1.1205e-001 1.6072e-002 2.2342e-004 2.7696e-004 1.3943e-004
           9 7.3152e-009 6.9201e-010 4.3068e-009 5.2812e-008 2.8978e-009 1.8311e-005 8.3899e-005 2.0239e-002 3.4349e-001 1.1278e-001 3.2826e-001 1.8016e-001 7.5241e-004 1.0491e-004 5.3949e-006
          10 5.9780e-009 6.8418e-010 5.0707e-009 8.4448e-010 1.5363e-007 3.2347e-006 3.2059e-005 8.3381e-004 8.7804e-002 3.1985e-001 1.4573e-002 3.8740e-001 6.4802e-004 1.0710e-002 1.1114e-002
          11 1.5260e-009 1.1857e-009 5.8581e-009 1.7553e-008 1.1886e-007 6.5219e-008 2.3347e-005 1.9567e-005 1.0892e-002 1.7678e-001 1.8300e-001 9.0117e-003 3.9994e-002 1.0358e-001 6.6059e-002
          12 7.2195e-012 3.1388e-010 2.8148e-009 4.4715e-008 3.0266e-008 1.2376e-007 8.5186e-006 1.3184e-005 6.2880e-004 5.1154e-002 1.9348e-001 4.0622e-002 1.1100e-001 1.1615e-001 3.6213e-002
          13 3.0664e-010 2.4596e-012 3.4138e-010 4.3651e-008 5.9116e-010 1.7047e-007 1.3799e-006 2.0417e-005 1.0175e-005 1.0013e-002 9.9350e-002 1.5030e-001 1.8776e-001 4.5828e-002 5.1543e-004
          14 5.2264e-010 2.3810e-011 3.7522e-011 2.7405e-008 3.3247e-009 8.5550e-008 4.0830e-008 1.5288e-005 4.3263e-008 1.5285e-003 3.8407e-002 7.7946e-002 4.3120e-001 5.4618e-003 3.8957e-003
          15 4.0598e-010 1.9750e-011 2.5087e-010 1.3618e-008 7.0248e-009 2.9154e-008 2.7816e-008 7.6356e-006 7.6882e-007 2.0100e-004 1.3458e-002 5.2686e-002 2.0044e-001 3.2226e-001 6.2255e-002
          16 2.2773e-010 4.6748e-012 2.5461e-010 6.0952e-009 6.2836e-009 8.6663e-009 5.6477e-008 3.2276e-006 1.7880e-006 2.5471e-005 4.7525e-003 2.5001e-002 2.0529e-002 3.5198e-001 1.1521e-001
          17 1.2216e-010 3.1747e-013 1.7760e-010 2.9230e-009 4.4656e-009 2.8773e-009 4.7106e-008 1.4510e-006 1.8541e-006 3.7255e-006 1.9583e-003 1.2505e-002 3.2683e-003 2.9925e-002 5.0965e-001
          18 6.8702e-011 7.0106e-014 1.1489e-010 1.5510e-009 3.0277e-009 1.1186e-009 3.3227e-008 7.2846e-007 1.5108e-006 5.9335e-007 9.4071e-004 6.8963e-003 1.1672e-003 2.1371e-003 1.7688e-001
          19 3.3628e-011 2.9493e-013 6.0685e-011 7.3723e-010 1.6682e-009 4.2148e-010 1.8437e-008 3.3270e-007 9.1439e-007 8.3276e-008 4.2042e-004 3.3715e-003 4.7280e-004 1.2033e-003 1.0009e-002
