   v'->v''           0           1           2           3           4           5           6           7           8           9          10          11          12          13          14          15          16          17          18          19          20
           0 9.9992e-001 8.0132e-005 1.2468e-007 9.3525e-010 1.9294e-009 1.1206e-008 6.3278e-009 2.7361e-010 3.9086e-009 3.6579e-012 1.4679e-009 3.1963e-010 1.1728e-010 3.1035e-010 4.3283e-011 5.6315e-011 2.5502e-010 3.0831e-010 2.2429e-010 1.0805e-010 9.5768e-012
           1 8.0175e-005 9.9974e-001 1.8143e-004 4.5909e-007 2.1203e-010 7.4092e-011 1.4730e-008 3.7950e-009 9.6257e-010 5.1147e-010 1.7834e-009 1.4241e-009 1.7427e-011 6.2786e-010 2.9705e-010 2.0555e-014 1.3618e-010 2.2885e-010 1.7710e-010 8.4914e-011 7.4507e-012
           2 2.0048e-007 1.8104e-004 9.9951e-001 3.1143e-004 8.8530e-007 1.1112e-009 1.7538e-009 9.8811e-009 6.8669e-009 2.9535e-009 1.6144e-009 1.8303e-009 1.6934e-009 5.1867e-012 4.7911e-010 1.5345e-010 2.2229e-011 2.3432e-010 3.0026e-010 1.8483e-010 1.7779e-011
           3 3.4214e-009 8.1674e-007 3.1039e-004 9.9921e-001 4.7958e-004 2.2118e-006 9.9859e-009 4.0057e-009 1.3319e-008 1.0670e-008 3.9177e-009 2.6168e-009 2.2490e-009 2.5681e-009 4.0608e-012 5.9342e-010 3.7233e-010 1.1150e-011 5.8790e-011 1.0228e-010 1.2890e-011
           4 1.3533e-008 6.4195e-009 1.7057e-006 4.7694e-004 9.9883e-001 6.8687e-004 4.4574e-006 2.8025e-008 6.3372e-009 1.2017e-008 1.6646e-008 3.1196e-009 3.1828e-009 1.8343e-009 2.5363e-009 8.7146e-012 7.5774e-010 7.9484e-010 2.8080e-010 4.6321e-011 1.8448e-012
           5 1.6978e-008 6.5141e-009 2.1374e-008 4.1403e-006 6.8114e-004 9.9838e-001 9.2838e-004 8.4665e-006 1.0295e-007 8.5522e-009 5.1099e-009 1.1685e-008 2.5519e-009 1.8370e-009 1.0865e-009 1.2423e-009 8.3576e-015 4.7461e-010 5.4934e-010 2.5895e-010 2.1371e-011
           6 1.1251e-008 2.5342e-010 4.8151e-009 6.7137e-008 8.2701e-006 9.1718e-004 9.9785e-001 1.2137e-003 1.5230e-005 2.7151e-007 1.2459e-008 2.4881e-009 6.8305e-009 1.7930e-009 9.9883e-010 6.4304e-010 8.1619e-010 2.3713e-011 1.1257e-010 1.6167e-010 1.8579e-011
           7 8.2572e-010 8.7813e-009 1.1879e-008 1.5671e-009 1.5257e-007 1.5458e-005 1.1942e-003 9.9723e-001 1.5333e-003 2.5842e-005 5.9998e-007 3.1901e-008 3.1824e-009 9.3862e-009 1.1593e-009 2.0979e-009 1.8803e-010 1.2043e-009 5.4745e-010 8.8241e-011 3.2222e-012
           8 3.7598e-009 7.6903e-010 1.8851e-008 1.0342e-008 8.0261e-012 3.7137e-007 2.6973e-005 1.5008e-003 9.9655e-001 1.8787e-003 4.2695e-005 1.2764e-006 9.3779e-008 3.9752e-009 1.5772e-008 1.5946e-010 4.8182e-009 4.1318e-010 3.3866e-010 5.8193e-010 6.5452e-011
           9 8.4547e-011 1.9862e-009 4.1826e-010 1.7409e-008 1.1218e-008 9.9181e-009 9.1730e-007 4.4484e-005 1.8279e-003 9.9582e-001 2.2379e-003 6.9502e-005 2.6551e-006 2.3009e-007 4.7122e-010 1.8964e-008 3.8431e-010 4.1590e-009 2.5175e-009 4.0364e-010 1.4190e-011
          10 2.1105e-009 1.0829e-010 3.9741e-009 8.2326e-010 1.1098e-008 2.3125e-009 1.1354e-008 1.8847e-006 7.0703e-005 2.1604e-003 9.9507e-001 2.5750e-003 1.1191e-004 5.3919e-006 5.4102e-007 4.4085e-009 2.6614e-008 5.0809e-009 5.0200e-010 1.5706e-009 1.7891e-010
          11 1.0252e-009 2.9110e-010 5.6275e-010 2.9459e-009 1.7006e-009 5.3427e-010 2.8824e-008 5.2957e-008 3.8212e-006 1.1013e-004 2.4634e-003 9.9441e-001 2.8262e-003 1.7885e-004 1.0937e-005 1.3423e-006 4.3449e-008 4.7228e-008 2.6128e-008 5.0144e-009 2.2566e-010
          12 1.4716e-010 1.0017e-010 1.8907e-009 8.8109e-010 2.3725e-009 7.3117e-010 1.4816e-008 3.8224e-008 1.5198e-007 7.0881e-006 1.6666e-004 2.6730e-003 9.9395e-001 2.8953e-003 2.8287e-004 2.3164e-005 3.1654e-006 3.4176e-007 1.1409e-007 4.3679e-008 3.4643e-009
          13 1.5231e-009 5.6880e-010 1.3041e-011 1.5312e-009 1.0727e-009 3.3686e-012 8.8190e-010 1.0638e-008 9.4915e-008 5.8428e-007 1.3515e-005 2.4752e-004 2.7007e-003 9.9390e-001 2.6373e-003 4.4446e-004 4.9189e-005 8.1072e-006 1.5635e-006 4.2406e-007 3.2167e-008
          14 1.4357e-009 2.5048e-010 1.6926e-009 7.3602e-011 1.6668e-009 4.3164e-010 5.6789e-009 5.0463e-010 9.9136e-009 8.4835e-008 1.1743e-006 2.4246e-005 3.5749e-004 2.4186e-003 9.9453e-001 1.8381e-003 6.8492e-004 1.0731e-004 2.2959e-005 4.5629e-006 2.9029e-007
          15 4.5807e-010 4.3890e-013 1.7729e-009 1.7159e-009 7.4766e-013 8.0564e-011 1.3023e-010 5.6907e-009 5.6919e-011 1.5750e-009 3.6713e-007 3.0346e-006 4.4480e-005 5.0667e-004 1.6504e-003 9.9601e-001 6.2298e-004 7.7079e-004 2.4033e-004 6.8309e-005 4.8017e-006
          16 1.5665e-011 9.1945e-011 5.1289e-010 1.6641e-009 9.0361e-010 3.7789e-011 3.0251e-009 4.7145e-011 8.0537e-009 1.4443e-009 6.1929e-009 6.7173e-007 6.1365e-006 7.6626e-005 6.9658e-004 5.2659e-004 9.9743e-001 4.6486e-006 5.5380e-004 2.1458e-004 1.7569e-005
          17 5.4633e-011 1.5468e-010 9.3994e-012 5.6987e-010 1.0598e-009 9.4480e-011 1.4082e-009 1.6399e-009 2.3093e-009 1.1485e-009 2.1915e-011 8.7003e-008 2.0732e-006 1.4205e-005 1.3925e-004 7.5973e-004 2.0573e-006 9.9559e-001 2.2563e-003 8.3478e-005 1.7860e-005
          18 1.4441e-010 1.1388e-010 6.5782e-011 6.1499e-011 4.9052e-010 4.2046e-011 6.0955e-011 1.6288e-009 1.1911e-010 7.0506e-011 3.3575e-009 1.9478e-008 4.1568e-007 4.7772e-006 2.7015e-005 2.4767e-004 6.0594e-004 2.1613e-003 9.7856e-001 1.5646e-002 3.8026e-004
          19 1.3589e-010 5.3856e-011 1.2177e-010 1.0558e-012 1.2857e-010 7.4807e-012 7.2505e-011 5.5005e-010 1.0618e-009 4.1594e-011 4.1283e-009 9.1854e-009 7.0054e-008 1.4157e-006 9.0098e-006 7.2485e-005 2.3312e-004 3.9429e-004 1.7387e-002 8.9650e-001 1.5170e-002
          20 6.2718e-011 1.6507e-011 6.7489e-011 8.8797e-012 2.1914e-011 5.9470e-013 9.7187e-011 1.0251e-010 6.6340e-010 5.7043e-011 1.5940e-009 3.3984e-009 1.4478e-008 3.4302e-007 2.6492e-006 1.8782e-005 6.6617e-005 1.7778e-004 2.7057e-005 7.8671e-002 3.5752e-001
          21 4.6517e-012 1.1263e-012 5.1395e-012 8.3696e-013 1.2785e-012 2.5116e-014 8.1814e-012 6.0675e-012 5.0650e-011 4.7314e-012 1.1140e-010 2.4211e-010 9.5147e-010 2.2540e-008 1.8103e-007 1.2517e-006 4.5731e-006 1.2326e-005 1.1615e-008 1.9432e-003 5.7692e-001
