   v'->v''           0           1           2           3           4           5           6           7           8
           0 9.6326e-001 3.3954e-002 2.4461e-003 2.8592e-004 4.2798e-005 8.9355e-006 1.8473e-006 4.2512e-007 1.4665e-007
           1 3.6737e-002 8.9173e-001 6.3617e-002 6.6401e-003 1.0156e-003 1.9493e-004 4.7170e-005 1.2365e-005 3.6614e-006
           2 3.3059e-007 7.4312e-002 8.1933e-001 9.0977e-002 1.2287e-002 2.3209e-003 5.3631e-004 1.5027e-004 4.6062e-005
           3 7.6539e-007 2.4106e-006 1.1454e-001 7.4203e-001 1.1790e-001 1.9358e-002 4.3224e-003 1.1701e-003 3.7239e-004
           4 4.9382e-009 4.1806e-006 4.9194e-005 1.5968e-001 6.5408e-001 1.4633e-001 2.8458e-002 7.2597e-003 2.2246e-003
           5 1.2707e-008 2.2099e-008 1.5645e-005 3.3575e-004 2.1300e-001 5.4739e-001 1.7740e-001 4.0969e-002 1.1517e-002
           6 5.1363e-009 4.7505e-010 4.2619e-008 4.9848e-005 1.5165e-003 2.7825e-001 4.1190e-001 2.0755e-001 5.8897e-002
           7 4.8757e-009 4.3766e-011 1.6835e-009 2.9616e-008 1.5862e-004 5.6061e-003 3.5659e-001 2.4061e-001 2.1590e-001
           8 4.5467e-010 8.9361e-009 2.8816e-010 8.6600e-010 3.7409e-008 5.3907e-004 1.8600e-002 4.3462e-001 5.9925e-002
           9 2.4620e-009 4.1298e-010 2.2282e-008 4.3566e-010 2.0622e-008 3.4230e-006 2.0838e-003 5.7438e-002 4.3815e-001
          10 3.2783e-010 2.4365e-011 5.2498e-010 2.8843e-008 9.0284e-009 3.5734e-007 5.7407e-005 9.4284e-003 1.5572e-001
          11 1.0162e-009 1.0470e-009 8.8337e-013 4.5782e-010 6.9824e-008 3.2548e-009 4.2780e-006 7.1939e-004 4.6787e-002
          12 1.4634e-009 7.5834e-010 2.8813e-009 7.1381e-010 2.5523e-011 7.6606e-008 3.2139e-009 6.2712e-005 8.7560e-003
          13 2.2939e-010 6.1858e-012 2.7994e-009 7.2215e-009 4.0509e-011 1.8976e-009 9.2578e-008 2.0274e-006 1.4782e-003
          14 3.8910e-011 1.3747e-010 2.1329e-010 4.7379e-009 1.4079e-008 1.6780e-009 9.4261e-009 7.5942e-008 1.8966e-004
          15 1.7848e-010 9.3394e-011 1.2712e-010 4.8746e-010 1.3118e-008 2.2791e-008 9.4986e-009 5.5749e-011 2.0355e-005
          16 9.6984e-011 1.1534e-012 1.7841e-010 1.1879e-011 2.1747e-009 1.2769e-008 2.8386e-008 8.3432e-008 1.0496e-006
          17 1.0076e-011 3.3559e-011 1.8164e-011 2.3653e-011 1.4636e-012 1.6371e-009 6.5217e-009 1.7824e-008 3.1559e-009
          18 3.8659e-012 7.3601e-011 1.7685e-011 4.2948e-012 2.1093e-010 9.9743e-012 1.0138e-010 6.8238e-010 1.6369e-008
          19 1.7080e-011 6.4727e-011 5.9752e-011 4.6056e-011 1.1873e-010 1.9959e-011 8.9224e-011 7.8212e-011 3.4463e-009
          20 1.1992e-011 2.8750e-011 3.9707e-011 3.8604e-011 2.5606e-011 6.7734e-012 4.8478e-011 8.3240e-011 6.2585e-009
          21 9.4953e-013 2.1160e-012 3.1159e-012 3.1368e-012 1.5362e-012 4.0395e-013 3.2916e-012 7.5740e-012 5.1798e-010
