   v'->v''           0           1           2           3           4           5           6           7           8           9          10          11          12          13          14          15          16
           0 9.9012e-001 9.8797e-003 1.6198e-006 5.3262e-011 6.8784e-009 1.1338e-008 1.3984e-008 1.4809e-009 2.7896e-009 1.4677e-009 2.4187e-009 1.2710e-012 8.9420e-010 6.8644e-010 6.4251e-011 3.8720e-011 1.1814e-010
           1 9.6419e-003 9.6979e-001 2.0556e-002 7.1229e-006 1.0187e-010 2.4531e-009 1.7984e-010 4.9718e-009 1.2292e-009 4.9679e-011 1.3741e-009 4.6228e-011 2.6039e-010 1.2390e-010 5.8496e-012 9.6405e-011 9.5245e-011
           2 2.3082e-004 1.9541e-002 9.4841e-001 3.1791e-002 2.2332e-005 1.8880e-009 9.8148e-009 2.9446e-009 2.4608e-008 3.5578e-009 3.1507e-010 4.5189e-009 1.1845e-009 4.9645e-010 1.3817e-009 5.3885e-010 5.5368e-011
           3 8.8029e-006 7.4193e-004 2.9334e-002 9.2652e-001 4.3337e-002 5.9176e-005 3.6583e-009 5.7063e-009 3.1213e-010 1.0034e-008 8.6400e-010 3.1506e-010 2.0399e-009 9.2988e-011 3.1503e-010 3.4470e-010 9.4553e-011
           4 4.4202e-007 3.9166e-005 1.5754e-003 3.8656e-002 9.0479e-001 5.4790e-002 1.4361e-004 1.1027e-008 8.1442e-009 1.9921e-009 3.7029e-008 3.2678e-009 9.9280e-010 4.6638e-009 3.6747e-009 1.4081e-010 2.0454e-010
           5 5.4424e-008 2.5696e-006 1.0879e-004 2.7589e-003 4.7037e-002 8.8422e-001 6.5545e-002 3.2803e-004 3.8749e-010 6.1915e-011 3.6121e-010 3.1126e-008 1.0291e-009 5.3125e-010 2.6939e-009 3.1972e-009 8.5132e-010
           6 2.9291e-010 3.5695e-007 9.0463e-006 2.3770e-004 4.2934e-003 5.3873e-002 8.6607e-001 7.4805e-002 7.1502e-004 1.7527e-007 3.4352e-008 1.1858e-010 1.3250e-008 2.9241e-010 3.5796e-010 1.4361e-009 1.0012e-009
           7 6.3016e-010 1.1642e-008 1.3509e-006 2.4865e-005 4.5025e-004 6.1531e-003 5.8509e-002 8.5183e-001 8.1529e-002 1.4966e-003 2.5818e-006 7.9765e-008 4.3687e-008 4.5583e-008 4.3989e-009 1.2682e-009 3.7692e-010
           8 1.2299e-009 6.4533e-009 8.6560e-008 3.6693e-006 5.5407e-005 7.6659e-004 8.2703e-003 6.0259e-002 8.4331e-001 8.4308e-002 3.0045e-003 1.9776e-005 1.0005e-007 1.4440e-007 8.5896e-009 7.8988e-009 2.6434e-010
           9 3.1602e-012 7.1322e-009 3.0708e-008 4.2450e-007 9.5410e-006 1.1134e-004 1.2069e-003 1.0538e-002 5.8389e-002 8.4260e-001 8.1278e-002 5.7558e-003 1.0835e-004 7.4304e-008 1.9742e-007 3.9318e-008 4.8420e-009
          10 1.5302e-010 1.7599e-010 2.2705e-008 1.2117e-007 1.2725e-006 2.0852e-005 2.0413e-004 1.7830e-003 1.2817e-002 5.2194e-002 8.5185e-001 7.0271e-002 1.0370e-002 4.7938e-004 1.0599e-005 2.8717e-008 1.2586e-007
          11 2.0461e-012 4.9170e-010 1.3486e-009 4.2462e-008 3.4420e-007 3.5964e-006 4.1985e-005 3.4476e-004 2.4832e-003 1.4948e-002 4.1243e-002 8.7235e-001 4.9778e-002 1.6885e-002 1.7663e-003 1.4962e-004 1.1152e-005
          12 2.5000e-010 3.5441e-012 6.0432e-010 4.1535e-009 1.3695e-007 9.8828e-007 8.8951e-006 8.0746e-005 5.4657e-004 3.2612e-003 1.6796e-002 2.6008e-002 9.0189e-001 2.1930e-002 2.2956e-002 5.0622e-003 9.5438e-004
          13 2.6914e-010 6.0731e-010 2.2791e-011 1.2089e-010 2.2386e-008 3.3699e-007 2.5772e-006 1.9263e-005 1.4488e-004 8.2398e-004 4.0633e-003 1.8371e-002 9.4042e-003 9.2791e-001 4.6934e-004 2.0341e-002 8.9696e-003
          14 5.6668e-011 8.2028e-010 9.0544e-010 5.8643e-010 1.1287e-009 7.6042e-008 8.4367e-007 6.0449e-006 3.8924e-005 2.3830e-004 1.1556e-003 4.7382e-003 2.0163e-002 3.6147e-006 9.0850e-001 2.9201e-002 2.2815e-003
          15 3.5742e-012 2.2747e-010 1.4795e-009 1.5736e-009 8.0213e-010 1.4703e-008 2.4367e-007 2.2169e-006 1.3185e-005 7.4881e-005 3.7247e-004 1.5177e-003 4.9712e-003 2.4251e-002 2.2682e-002 7.3795e-001 1.4613e-001
          16 5.0370e-011 1.0389e-012 5.7214e-010 1.1600e-009 2.8296e-009 7.2996e-009 7.7230e-008 7.5975e-007 5.3048e-006 2.7627e-005 1.3107e-004 5.4388e-004 1.8449e-003 4.5082e-003 3.6310e-002 1.2230e-001 2.9468e-001
          17 6.3821e-011 1.2185e-010 1.7688e-011 2.8757e-010 3.6006e-009 7.3779e-009 3.6165e-008 2.6281e-007 2.0963e-006 1.1224e-005 5.2995e-005 2.0791e-004 7.4769e-004 1.9818e-003 2.8135e-003 8.0281e-002 2.6756e-001
          18 4.1613e-011 1.9747e-010 8.8765e-011 2.6441e-012 2.2462e-009 6.3427e-009 2.2300e-008 1.1215e-007 8.2700e-007 4.8282e-006 2.3309e-005 9.1491e-005 3.0511e-004 8.8964e-004 1.9219e-003 4.7659e-005 2.4353e-001
          19 1.8348e-011 1.6077e-010 2.2137e-010 4.5258e-011 8.5528e-010 3.9843e-009 1.3852e-008 5.9802e-008 3.5782e-007 2.2143e-006 1.0698e-005 4.3597e-005 1.3947e-004 3.9506e-004 8.9534e-004 1.8198e-003 2.6905e-002
          20 6.0858e-012 9.1739e-011 2.0813e-010 7.9066e-011 2.2190e-010 1.9455e-009 7.5733e-009 3.3178e-008 1.6683e-007 1.0367e-006 4.9154e-006 2.0531e-005 6.5990e-005 1.8403e-004 4.0203e-004 7.0383e-004 6.9099e-003
          21 1.4864e-012 3.4871e-011 1.0248e-010 4.7020e-011 4.0356e-011 6.7541e-010 2.9492e-009 1.3648e-008 6.2960e-008 3.8398e-007 1.7885e-006 7.5196e-006 2.4449e-005 6.8279e-005 1.4801e-004 2.3654e-004 1.3185e-004
