   v'->v''           0           1           2           3           4           5           6           7           8           9          10          11          12          13          14          15          16          17
           0 9.9881e-001 1.1909e-003 2.9512e-006 1.2014e-007 5.7208e-010 2.6862e-008 1.0800e-009 1.6947e-009 1.0866e-009 2.6313e-009 2.4078e-010 6.0535e-010 1.6048e-009 1.0683e-009 2.8072e-010 1.1742e-011 9.4744e-012 9.4699e-012
           1 1.1934e-003 9.9569e-001 3.1017e-003 1.0925e-005 5.7621e-007 2.1867e-008 1.2172e-008 2.0683e-010 2.0862e-012 1.3659e-009 6.5037e-010 3.7341e-011 5.5538e-010 4.7695e-010 1.4453e-010 1.2985e-011 1.8416e-013 8.6784e-013
           2 2.6843e-008 3.1143e-003 9.9048e-001 6.3762e-003 2.5542e-005 1.8191e-006 9.1073e-008 6.1428e-008 1.1788e-012 3.5799e-009 3.0966e-010 3.3423e-009 9.3996e-010 1.1495e-010 9.5361e-010 8.8927e-010 4.0279e-010 9.2844e-011
           3 2.9088e-008 1.1624e-006 6.3972e-003 9.8112e-001 1.2420e-002 5.9106e-005 3.8161e-006 5.1789e-007 1.1677e-007 8.7709e-009 3.5159e-010 1.0039e-009 8.0529e-010 9.4273e-012 2.6077e-010 3.9469e-010 2.1257e-010 5.1979e-011
           4 1.1575e-008 3.2923e-007 1.3557e-005 1.2398e-002 9.6283e-001 2.4575e-002 1.7447e-004 7.4168e-006 1.7346e-006 5.4234e-007 5.5909e-008 3.2502e-010 1.7892e-009 9.0855e-009 7.8104e-009 2.3823e-009 2.6088e-010 8.2792e-012
           5 8.5110e-009 8.9270e-009 1.6835e-006 8.9536e-005 2.4201e-002 9.2329e-001 5.1586e-002 8.1099e-004 1.2821e-005 3.9835e-006 2.5109e-006 5.2547e-007 2.3621e-008 7.7589e-012 7.0198e-010 3.1163e-009 2.9578e-009 9.7763e-010
           6 1.8590e-008 7.5639e-009 4.9092e-009 7.7665e-006 4.7914e-004 4.9506e-002 8.3465e-001 1.1031e-001 4.9516e-003 8.3098e-005 2.3187e-006 3.4235e-006 2.5811e-006 9.2500e-007 2.2848e-007 4.6469e-008 8.2793e-009 1.1694e-009
           7 2.4763e-010 2.2189e-008 5.9465e-009 2.4349e-008 4.0440e-005 2.3533e-003 1.0261e-001 6.6007e-001 2.1077e-001 2.3082e-002 1.0630e-003 1.2768e-005 5.7365e-007 2.1158e-006 2.1765e-006 1.2006e-006 4.9614e-007 1.2177e-007
           8 4.5009e-009 2.9254e-009 2.0481e-008 8.5303e-010 5.0731e-007 2.1115e-004 9.9678e-003 1.9141e-001 4.1223e-001 3.0933e-001 6.8863e-002 7.5770e-003 3.9030e-004 4.7770e-006 1.0557e-008 1.3860e-007 4.3406e-007 2.0119e-007
           9 2.4822e-010 2.0956e-009 9.5958e-009 1.5208e-008 8.7996e-009 3.1699e-006 9.8834e-004 3.3481e-002 2.8365e-001 1.8558e-001 3.2727e-001 1.3424e-001 2.9947e-002 4.3697e-003 4.3333e-004 2.6189e-005 5.4636e-007 2.1004e-009
          10 1.7021e-009 2.0455e-009 4.7835e-010 1.2456e-008 9.1580e-008 7.6654e-008 1.7285e-005 3.8350e-003 7.8675e-002 3.2908e-001 4.8688e-002 2.6071e-001 1.8242e-001 6.9826e-002 1.9840e-002 4.9122e-003 1.1590e-003 2.1101e-004
          11 3.4452e-012 5.7925e-010 5.1579e-009 1.9768e-012 1.1729e-008 2.7649e-008 5.1768e-007 5.4702e-005 9.6345e-003 1.3530e-001 3.2894e-001 1.1974e-003 1.5301e-001 1.7756e-001 1.0469e-001 4.6310e-002 1.7140e-002 3.9889e-003
          12 1.3914e-009 1.2893e-009 2.0947e-010 2.1927e-009 1.4913e-010 1.9903e-010 8.9866e-008 7.0303e-006 6.8168e-005 1.7460e-002 1.9864e-001 2.9323e-001 1.3633e-002 5.6342e-002 1.1838e-001 9.7402e-002 5.1959e-002 1.4311e-002
          13 1.1683e-009 2.3747e-009 2.6591e-009 6.1165e-011 2.0765e-009 1.6771e-008 2.4387e-008 3.4303e-008 2.1779e-005 3.4770e-005 2.6442e-002 2.6549e-001 2.3282e-001 5.3297e-002 4.9855e-003 4.1575e-002 4.2100e-002 1.4632e-002
          14 9.2448e-011 4.1091e-010 2.3027e-009 7.7471e-010 2.5080e-009 2.4309e-009 4.6994e-010 1.3016e-007 9.2827e-007 3.8562e-005 1.2102e-006 3.7513e-002 3.3474e-001 1.5498e-001 9.0388e-002 7.1573e-003 9.1536e-004 1.5643e-003
          15 1.5511e-010 1.2045e-010 7.8343e-011 2.8342e-011 4.6221e-009 1.8001e-009 2.4694e-009 2.3966e-007 1.3613e-008 7.9478e-006 2.9985e-005 9.3087e-006 5.2956e-002 4.0584e-001 7.0403e-002 9.3977e-002 3.2036e-002 5.8322e-003
          16 4.8087e-010 6.1343e-010 4.0875e-010 2.2650e-010 1.1730e-010 2.3332e-009 2.3253e-011 1.3727e-008 4.4472e-007 5.2671e-007 1.8847e-005 7.6748e-006 2.9341e-005 7.7697e-002 4.6379e-001 6.8447e-003 4.3532e-002 1.5828e-002
          17 4.2650e-010 5.1347e-010 7.1851e-010 2.7775e-010 1.6493e-009 6.8581e-010 1.8670e-009 2.2953e-008 1.4981e-007 2.7092e-007 6.1412e-006 1.8245e-005 1.6737e-006 8.7330e-007 1.2653e-001 4.6329e-001 2.1710e-002 9.8123e-008
          18 2.0878e-010 1.9148e-010 3.8455e-010 5.8384e-011 3.0457e-009 2.0348e-010 2.3352e-009 2.6216e-008 7.0129e-009 3.4027e-007 3.1902e-007 1.3520e-005 7.5090e-006 3.8088e-005 3.4311e-004 2.3230e-001 2.8956e-001 6.1664e-002
          19 6.3520e-011 2.9104e-011 9.1897e-011 2.0561e-012 2.0304e-009 1.3707e-010 1.3775e-009 7.6098e-009 1.7677e-010 1.3693e-007 2.0498e-008 4.3305e-006 1.2410e-005 7.4841e-007 1.0772e-004 5.9566e-003 4.3559e-001 8.9282e-003
          20 1.1438e-011 4.6721e-014 6.1093e-012 3.6377e-011 8.2604e-010 1.1228e-010 5.5348e-010 1.0361e-009 3.0622e-010 5.0390e-008 6.8853e-008 1.2495e-006 6.8176e-006 2.0583e-006 2.2469e-005 1.6578e-004 6.3127e-002 3.9175e-001
          21 1.0379e-012 2.0755e-012 2.2470e-013 3.3189e-011 2.2483e-010 5.6837e-011 1.5565e-010 7.2715e-011 6.6261e-011 1.6775e-008 4.0469e-008 3.3500e-007 2.5112e-006 1.6700e-006 2.7913e-006 5.2299e-005 7.0332e-004 4.5777e-001
