   v'->v''           0           1           2           3           4
           0 9.9379e-001 6.1605e-003 5.2008e-005 1.4846e-006 2.7065e-008
           1 6.2060e-003 9.7789e-001 1.5681e-002 2.1763e-004 7.8739e-006
           2 6.9143e-006 1.5894e-002 9.5240e-001 3.0998e-002 6.6609e-004
           3 2.2270e-007 5.6323e-005 3.1554e-002 9.0900e-001 5.7243e-002
           4 1.9504e-009 1.8704e-006 2.9906e-004 5.8321e-002 8.2816e-001
           5 2.4680e-009 1.8477e-010 1.2739e-005 1.3780e-003 1.0700e-001
           6 6.5349e-009 2.5229e-009 1.7091e-007 8.4559e-005 6.2217e-003
           7 2.4761e-009 2.0956e-008 7.1460e-009 3.2809e-006 6.3558e-004
           8 4.0162e-010 1.0081e-008 9.4637e-009 2.3366e-007 5.7733e-005
           9 1.3842e-009 3.0319e-010 8.1446e-009 2.8679e-010 6.9779e-006
          10 2.3260e-010 4.3176e-009 1.9793e-009 3.1618e-009 6.5481e-007
          11 4.4600e-010 8.2496e-011 1.1734e-009 8.7407e-009 6.7889e-008
          12 5.2548e-010 1.8905e-009 1.3522e-009 1.6073e-010 1.4953e-010
          13 8.6254e-012 9.2524e-010 1.0669e-009 2.1115e-009 2.4227e-009
          14 1.7789e-010 5.0142e-011 5.9574e-011 1.0445e-011 3.1756e-009
          15 2.8277e-010 8.0745e-010 7.6242e-010 8.0829e-010 6.3081e-010
          16 1.3555e-010 7.6809e-010 4.7081e-010 2.8372e-010 5.2643e-010
          17 1.9980e-011 2.7221e-010 5.4236e-011 3.3699e-012 7.6017e-010
          18 7.0729e-013 2.8393e-011 1.0745e-011 1.3460e-010 1.6715e-010
          19 1.1133e-011 1.9523e-012 5.7289e-011 1.6074e-010 2.0128e-012
          20 1.1445e-011 1.1364e-011 4.8728e-011 8.7628e-011 6.7101e-012
          21 4.0107e-012 5.1905e-012 1.6004e-011 2.4613e-011 4.1652e-012
