   v'->v''           0           1           2           3           4           5           6           7           8           9          10          11          12          13          14          15          16          17          18
           0 1.0616e-001 2.9366e-001 3.2821e-001 1.9296e-001 6.4866e-002 1.2648e-002 1.3853e-003 7.9178e-005 2.3846e-006 9.0599e-008 1.7378e-009 4.6031e-009 5.0939e-009 8.5026e-011 3.1584e-009 8.0790e-010 1.6819e-011 2.1293e-010 4.5916e-011
           1 7.7700e-010 1.8678e-009 1.5851e-009 4.3171e-010 1.9862e-011 1.2544e-009 9.4566e-009 8.6496e-008 9.3779e-007 1.1635e-005 1.3247e-004 1.3351e-003 1.0540e-002 6.1723e-002 2.3578e-001 4.5153e-001 2.2478e-001 2.6076e-003 1.1115e-004
           2 3.4818e-008 4.8098e-008 8.5126e-009 1.0776e-008 6.9911e-008 1.4982e-007 3.6876e-007 1.7152e-006 1.2477e-005 1.1133e-004 9.4141e-004 6.7104e-003 3.5230e-002 1.1453e-001 1.4976e-001 4.9725e-004 4.1558e-001 1.3415e-001 2.0727e-002
           3 1.7838e-001 1.5712e-001 2.0259e-004 1.4916e-001 2.7864e-001 1.7513e-001 5.2501e-002 8.1456e-003 6.9387e-004 4.8760e-005 9.6437e-006 5.3952e-006 3.3030e-006 1.1491e-006 5.9695e-008 1.4306e-006 5.6746e-007 5.3870e-006 4.9582e-007
           4 8.2509e-006 5.8719e-006 1.2538e-007 7.8697e-006 9.4290e-006 2.1140e-006 7.9845e-007 1.5176e-005 9.3924e-005 5.9951e-004 3.6968e-003 1.8780e-002 6.5622e-002 1.1683e-001 3.9559e-002 3.4014e-002 1.1436e-003 4.5025e-001 1.4733e-002
           5 6.2111e-005 1.8784e-005 1.6125e-005 5.4193e-005 6.9658e-006 2.8275e-005 1.3398e-004 2.7760e-004 6.9222e-004 2.5793e-003 1.0867e-002 3.8406e-002 8.6349e-002 7.4169e-002 1.4800e-006 6.4226e-002 2.4647e-004 6.2665e-002 1.1732e-002
           6 1.7537e-001 2.3733e-002 7.9730e-002 1.0381e-001 2.7691e-003 1.7911e-001 2.5418e-001 1.2854e-001 3.3290e-002 6.5370e-003 2.1312e-003 1.3311e-003 5.0602e-004 2.4131e-005 6.5701e-004 9.4967e-006 6.1397e-004 2.8720e-004 1.9394e-004
           7 3.3499e-003 2.8040e-004 1.7747e-003 1.5238e-003 3.0797e-004 3.7200e-003 2.9893e-003 2.0281e-004 1.1409e-003 7.4335e-003 2.4819e-002 6.0527e-002 8.1959e-002 2.2617e-002 2.0714e-002 2.8143e-002 3.9065e-002 5.2625e-002 1.2491e-002
           8 7.7234e-003 3.3908e-005 5.2322e-003 9.5130e-004 3.7305e-003 6.0534e-003 7.9154e-006 8.3085e-003 2.3566e-002 3.8101e-002 5.8591e-002 7.5671e-002 4.3983e-002 1.7763e-004 4.0251e-002 1.4031e-004 1.8301e-002 9.2657e-002 1.3680e-002
           9 9.6371e-002 3.5996e-004 6.7988e-002 2.0039e-003 6.6072e-002 3.9446e-002 1.9682e-002 1.5936e-001 1.7475e-001 8.8256e-002 2.7119e-002 2.0925e-003 5.0986e-003 1.4319e-002 3.5353e-005 1.0239e-002 1.3486e-003 5.7617e-003 1.2690e-002
          10 4.0751e-002 1.1425e-003 2.8296e-002 4.3673e-005 3.1786e-002 5.9775e-003 2.3880e-002 5.9961e-002 1.8395e-002 2.3185e-003 3.7068e-002 6.0179e-002 2.4259e-002 4.4149e-003 2.9261e-002 3.2600e-003 1.0209e-002 5.2300e-004 4.6485e-002
          11 3.5016e-002 3.7190e-003 2.1777e-002 2.9996e-003 2.6474e-002 5.2115e-005 3.6612e-002 1.9034e-002 6.7450e-003 6.7130e-002 8.3641e-002 3.1376e-002 8.6914e-004 3.0728e-002 2.1177e-003 2.1582e-002 2.9460e-003 1.6431e-002 2.7688e-002
          12 4.9883e-002 1.0417e-002 2.5890e-002 1.2199e-002 2.9909e-002 7.1774e-003 5.2501e-002 1.2796e-003 5.9991e-002 1.0136e-001 2.7303e-002 3.3940e-003 3.2765e-002 6.4309e-003 1.5516e-002 1.9946e-003 1.2033e-002 2.2444e-002 2.6439e-002
          13 4.2160e-002 1.4298e-002 1.6674e-002 1.8807e-002 1.6113e-002 1.8547e-002 3.1283e-002 6.8634e-003 7.3475e-002 2.6905e-002 7.4410e-003 4.7998e-002 1.3252e-002 1.1495e-002 1.3708e-002 1.1658e-002 1.6373e-004 2.5644e-007 5.3553e-002
          14 3.4668e-002 1.7549e-002 8.9411e-003 2.3228e-002 5.5387e-003 2.7093e-002 1.0525e-002 2.6491e-002 4.2773e-002 9.7300e-004 5.6046e-002 3.2066e-002 3.2547e-003 2.7837e-002 4.8970e-004 1.4464e-002 9.1815e-003 4.3134e-004 4.5151e-002
          15 3.2376e-002 2.2523e-002 4.3827e-003 2.7896e-002 7.1658e-004 3.2697e-002 8.8925e-004 4.1729e-002 1.1196e-002 3.1947e-002 5.9098e-002 4.7871e-004 3.1223e-002 6.3289e-003 1.7348e-002 2.2463e-004 9.1811e-003 1.3891e-002 3.3573e-002
          16 2.9083e-002 2.6226e-002 1.3306e-003 2.8848e-002 3.8535e-004 3.0642e-002 1.5947e-003 4.0226e-002 8.4858e-005 5.8245e-002 1.7145e-002 1.9416e-002 2.8023e-002 4.3273e-003 1.5331e-002 9.2459e-003 8.3756e-005 5.6454e-004 5.6187e-002
          17 2.4809e-002 2.7894e-002 5.2770e-005 2.5977e-002 3.6111e-003 2.2675e-002 9.2188e-003 2.5918e-002 1.0961e-002 4.7104e-002 5.0271e-004 4.5210e-002 2.9883e-003 2.4381e-002 4.9982e-004 1.4693e-002 6.1380e-003 1.4923e-005 4.4702e-002
          18 2.1209e-002 2.8847e-002 3.7303e-004 2.1662e-002 8.6100e-003 1.3707e-002 1.8133e-002 1.0854e-002 2.7026e-002 1.9328e-002 2.1369e-002 3.3362e-002 6.2659e-003 2.1368e-002 7.6479e-003 3.4470e-003 1.0240e-002 7.2920e-003 3.5287e-002
          19 1.8301e-002 2.9365e-002 1.8585e-003 1.6866e-002 1.3841e-002 6.2797e-003 2.4363e-002 1.7732e-003 3.5023e-002 1.6799e-003 4.3204e-002 7.0162e-003 2.7950e-002 3.5135e-003 1.9633e-002 1.3329e-003 3.1067e-003 3.2631e-003 5.4867e-002
          20 1.5692e-002 2.9102e-002 4.0751e-003 1.1993e-002 1.7992e-002 1.5938e-003 2.5917e-002 2.8951e-004 3.1513e-002 2.5961e-003 4.1549e-002 1.2117e-003 3.2501e-002 2.5572e-003 1.3674e-002 1.1190e-002 3.7308e-004 1.3681e-003 3.4378e-002
          21 1.3310e-002 2.8065e-002 6.5939e-003 7.6155e-003 2.0312e-002 4.7747e-006 2.3068e-002 4.4711e-003 2.0871e-002 1.4306e-002 2.2651e-002 1.6987e-002 1.6090e-002 1.7505e-002 1.6692e-003 1.3951e-002 6.3357e-003 1.0869e-003 3.7339e-002
          22 1.1239e-002 2.6576e-002 9.1030e-003 4.1776e-003 2.0779e-002 9.9894e-004 1.7615e-002 1.0848e-002 9.6981e-003 2.5131e-002 5.2722e-003 3.2468e-002 1.4175e-003 2.5522e-002 2.2327e-003 5.9714e-003 9.7776e-003 3.4904e-003 4.4864e-002
          23 9.4967e-003 2.4887e-002 1.1415e-002 1.8168e-003 1.9741e-002 3.6296e-003 1.1503e-002 1.6452e-002 2.3350e-003 2.8672e-002 5.9231e-005 3.3109e-002 2.9037e-003 1.7845e-002 1.2686e-002 7.2363e-005 5.7123e-003 5.6751e-003 2.5019e-002
          24 8.0278e-003 2.3081e-002 1.3394e-002 4.7419e-004 1.7608e-002 6.9280e-003 6.1478e-003 1.9596e-002 4.3030e-008 2.4814e-002 5.6760e-003 2.1279e-002 1.5215e-002 5.0823e-003 1.8941e-002 3.4814e-003 6.5665e-004 2.3793e-003 4.0882e-002
          25 6.7783e-003 2.1196e-002 1.4948e-002 6.0574e-006 1.4809e-002 1.0095e-002 2.3589e-003 1.9853e-002 1.7446e-003 1.6904e-002 1.4994e-002 7.6587e-003 2.5222e-002 1.5362e-005 1.4826e-002 1.0785e-002 8.7813e-004 2.6607e-004 2.6278e-002
          26 5.7142e-003 1.9286e-002 1.6040e-002 2.2623e-004 1.1760e-002 1.2591e-002 3.8585e-004 1.7720e-002 5.6683e-003 8.7646e-003 2.1654e-002 5.0174e-004 2.5505e-002 5.1250e-003 5.8364e-003 1.3688e-002 5.2764e-003 6.6256e-004 2.6514e-002
          27 4.8135e-003 1.7417e-002 1.6693e-002 9.3460e-004 8.8081e-003 1.4160e-002 4.8663e-005 1.4146e-002 9.9056e-003 2.9302e-003 2.3021e-002 1.3980e-003 1.7713e-002 1.4073e-002 3.1103e-004 1.0116e-002 8.7887e-003 2.8406e-003 3.1259e-002
          28 4.0552e-003 1.5638e-002 1.6956e-002 1.9435e-003 6.1879e-003 1.4767e-002 9.2489e-004 1.0110e-002 1.3165e-002 2.5125e-004 1.9769e-002 7.1330e-003 7.9906e-003 1.9629e-002 1.5626e-003 4.0477e-003 8.3728e-003 4.7841e-003 1.6850e-002
          29 3.4177e-003 1.3971e-002 1.6882e-002 3.0922e-003 4.0265e-003 1.4519e-002 2.5203e-003 6.3716e-003 1.4843e-002 3.3819e-004 1.4111e-002 1.3387e-002 1.5205e-003 1.8907e-002 7.1372e-003 3.0547e-004 4.9745e-003 4.4760e-003 3.0246e-002
          30 2.8812e-003 1.2424e-002 1.6524e-002 4.2513e-003 2.3690e-003 1.3597e-002 4.3802e-003 3.4004e-003 1.4899e-002 2.2061e-003 8.2725e-003 1.7221e-002 9.3544e-005 1.3515e-002 1.2514e-002 7.5860e-004 1.4786e-003 2.8355e-003 1.4244e-002
          31 2.4294e-003 1.1002e-002 1.5933e-002 5.3231e-003 1.2014e-003 1.2213e-002 6.1490e-003 1.3872e-003 1.3652e-002 4.7892e-003 3.7160e-003 1.7741e-002 2.5927e-003 6.9499e-003 1.4637e-002 4.1051e-003 9.6890e-006 9.7752e-004 2.3115e-002
          32 2.0482e-003 9.7019e-003 1.5160e-002 6.2388e-003 4.7003e-004 1.0571e-002 7.5900e-003 3.0716e-004 1.1577e-002 7.2415e-003 1.0046e-003 1.5559e-002 6.6903e-003 2.0834e-003 1.3091e-002 7.7896e-003 8.5208e-004 4.6375e-005 1.5341e-002
          33 1.7235e-003 8.5064e-003 1.4226e-002 6.9438e-003 9.8261e-005 8.8330e-003 8.5652e-003 3.9348e-008 9.1369e-003 9.0303e-003 2.6342e-005 1.1912e-002 1.0299e-002 7.4628e-005 9.2962e-003 9.8609e-003 2.9530e-003 2.5005e-004 1.5436e-002
          34 1.4446e-003 7.4015e-003 1.3151e-002 7.3972e-003 2.1586e-007 7.1311e-003 9.0218e-003 2.3859e-004 6.7195e-003 9.9251e-003 3.0458e-004 8.0108e-003 1.2256e-002 5.5930e-004 5.1552e-003 9.7329e-003 4.9567e-003 1.1601e-003 1.7095e-002
          35 1.2038e-003 6.3798e-003 1.1962e-002 7.5774e-003 8.6436e-005 5.5678e-003 8.9815e-003 7.7847e-004 4.5987e-003 9.9426e-003 1.2516e-003 4.6933e-003 1.2365e-002 2.3902e-003 2.0306e-003 7.9547e-003 5.9889e-003 2.1452e-003 1.0638e-002
          36 9.8965e-004 5.4056e-003 1.0626e-002 7.4357e-003 2.6878e-004 4.1870e-003 8.4676e-003 1.3889e-003 2.9042e-003 9.2044e-003 2.3304e-003 2.3204e-003 1.1004e-002 4.3580e-003 3.9216e-004 5.4946e-003 5.8507e-003 2.7368e-003 1.7671e-002
          37 7.9436e-004 4.4545e-003 9.1190e-003 6.9296e-003 4.6175e-004 3.0177e-003 7.5332e-003 1.8686e-003 1.6767e-003 7.9119e-003 3.1292e-003 9.0828e-004 8.8150e-003 5.6085e-003 1.4592e-006 3.2204e-003 4.8595e-003 2.7878e-003 8.8223e-003
          38 6.0290e-004 3.4558e-003 7.3156e-003 5.9378e-003 5.7808e-004 2.0384e-003 6.1564e-003 2.0312e-003 8.6679e-004 6.1953e-003 3.3417e-003 2.4292e-004 6.3215e-003 5.6887e-003 2.5378e-004 1.5769e-003 3.4709e-003 2.3589e-003 1.7089e-002
          39 3.9447e-004 2.2989e-003 4.9901e-003 4.2503e-003 5.2421e-004 1.1972e-003 4.2284e-003 1.6882e-003 3.8246e-004 4.0817e-003 2.7201e-003 3.0885e-005 3.8167e-003 4.4088e-003 4.9704e-004 6.2101e-004 2.0378e-003 1.5870e-003 9.6747e-003
