   v'->v''           0           1           2           3           4           5           6           7           8           9          10          11          12          13          14          15          16          17          18          19          20          21          22          23          24          25          26          27          28          29          30          31          32          33          34          35          36          37          38          39          40          41          42          43          44
           0 1.2643e-001 2.8752e-001 4.4510e-001 1.3114e-001 2.3574e-004 8.1939e-003 1.5887e-004 7.4463e-004 2.7721e-004 9.7841e-006 9.6194e-005 3.5997e-005 8.9005e-009 1.0368e-005 1.0613e-005 2.1568e-006 1.4084e-007 1.7048e-006 1.6740e-006 5.9618e-007 2.7423e-008 8.3406e-008 2.6648e-007 2.8263e-007 1.5508e-007 3.2828e-008 8.3120e-010 3.2352e-008 6.1497e-008 5.7589e-008 3.2965e-008 1.0617e-008 8.1958e-010 7.8519e-010 3.9821e-009 6.2782e-009 6.6788e-009 5.7600e-009 4.3319e-009 2.9278e-009 1.7893e-009 9.7989e-010 4.7115e-010 1.8768e-010 5.3150e-011
           1 4.9440e-001 3.5202e-001 6.0905e-002 7.9055e-002 9.6264e-003 2.0947e-003 1.2275e-003 5.4810e-004 1.1865e-004 8.1191e-006 1.2817e-007 3.3746e-007 1.1132e-006 1.1122e-006 4.6779e-007 3.8825e-008 2.9687e-008 9.0073e-008 4.9143e-008 4.3527e-009 3.1015e-009 1.1047e-008 1.0011e-008 5.1924e-009 1.6484e-009 1.2973e-010 2.1892e-010 1.2738e-009 2.2387e-009 2.2072e-009 1.2665e-009 3.0530e-010 2.4543e-012 2.7460e-010 6.1821e-010 6.9031e-010 5.0399e-010 2.5015e-010 7.4948e-011 6.6169e-012 2.7815e-012 1.5777e-011 2.1496e-011 1.6056e-011 6.2206e-012
           2 2.2853e-001 2.0903e-001 1.8282e-001 1.0796e-001 2.6437e-001 2.3180e-003 2.2169e-003 5.0297e-005 1.7597e-003 8.6719e-004 2.7756e-005 5.2970e-005 5.3316e-005 3.7958e-006 6.4314e-006 1.4946e-005 7.8666e-006 8.8836e-007 3.4904e-007 1.7794e-006 1.7268e-006 6.8066e-007 4.7059e-008 6.7165e-008 2.5504e-007 2.9175e-007 1.9006e-007 7.1026e-008 7.7347e-009 4.0286e-009 2.8209e-008 4.8023e-008 4.9111e-008 3.5204e-008 1.7669e-008 5.2569e-009 3.1371e-010 6.2069e-010 2.8348e-009 4.6596e-009 5.2639e-009 4.7631e-009 3.5826e-009 2.0780e-009 7.3333e-010
           3 1.2716e-001 9.3013e-003 1.9575e-001 4.7692e-001 3.5509e-002 1.1854e-001 3.4138e-002 1.4072e-003 1.6098e-005 1.3704e-004 5.8412e-004 3.8399e-004 6.6424e-005 9.5907e-007 1.8689e-005 1.0284e-005 4.3022e-007 1.6610e-006 4.1356e-006 3.1324e-006 9.0958e-007 4.2558e-009 3.0676e-007 6.2112e-007 5.0540e-007 2.2210e-007 3.9163e-008 1.2531e-009 3.9732e-008 8.3054e-008 9.4416e-008 7.2538e-008 3.7395e-008 1.0306e-008 1.9548e-010 3.0356e-009 9.8870e-009 1.4320e-008 1.4598e-008 1.1999e-008 8.4582e-009 5.2785e-009 2.9343e-009 1.3613e-009 4.2740e-010
           4 6.9878e-003 1.1280e-001 1.0250e-002 1.1133e-001 5.2321e-001 1.0627e-001 8.2146e-002 4.1067e-002 4.8111e-003 6.0998e-005 4.9932e-005 1.5858e-004 4.3809e-004 2.6494e-004 3.8128e-005 2.6503e-006 2.0887e-005 1.5379e-005 2.8382e-006 3.1191e-007 3.4974e-006 4.2667e-006 2.2889e-006 5.0061e-007 2.4067e-010 2.6516e-007 5.7952e-007 6.0301e-007 3.8077e-007 1.3225e-007 9.9873e-009 1.2601e-008 6.0077e-008 9.0588e-008 8.9430e-008 6.8630e-008 4.3292e-008 2.2287e-008 8.5838e-009 1.7974e-009 2.2652e-012 7.6711e-010 1.8759e-009 1.8770e-009 8.3150e-010
           5 1.4191e-002 1.3985e-002 7.4080e-002 1.1803e-003 8.6654e-002 6.2712e-001 7.7686e-002 5.3422e-002 3.7261e-002 1.3343e-002 4.4794e-004 3.4067e-005 1.6216e-007 1.5374e-004 2.7523e-004 1.5061e-004 2.7220e-005 3.1223e-007 1.2105e-005 1.2969e-005 4.5189e-006 1.4217e-007 8.3573e-007 2.4178e-006 2.5521e-006 1.4539e-006 3.7344e-007 1.5084e-009 1.3702e-007 3.3715e-007 3.9253e-007 3.1588e-007 1.8805e-007 7.5793e-008 1.2830e-008 9.5341e-010 1.9993e-008 4.4435e-008 5.7747e-008 5.6498e-008 4.5642e-008 3.1805e-008 1.9319e-008 9.5610e-009 3.1049e-009
           6 1.1838e-003 4.6083e-003 2.0882e-002 4.8323e-002 4.6152e-004 6.6099e-002 6.5603e-001 1.1102e-001 4.8086e-002 2.2492e-002 1.8915e-002 1.3880e-003 1.0743e-007 4.6780e-005 1.1989e-005 1.4676e-004 1.7718e-004 9.3388e-005 1.5602e-005 6.0365e-007 9.2568e-006 1.0839e-005 5.6612e-006 9.2418e-007 1.3928e-007 1.4531e-006 2.1223e-006 1.6878e-006 8.8273e-007 2.6173e-007 8.6555e-009 6.4971e-008 2.3470e-007 3.3512e-007 3.1139e-007 2.1518e-007 1.1543e-007 4.6812e-008 1.1952e-008 5.6847e-010 1.5521e-009 6.4654e-009 9.6676e-009 8.1632e-009 3.4036e-009
           7 2.2490e-004 7.5830e-003 7.3448e-007 3.0894e-002 2.8586e-002 1.1763e-006 8.3573e-002 5.8987e-001 1.4998e-001 7.5112e-002 6.9884e-003 2.5063e-002 1.4857e-003 1.8964e-004 7.2320e-005 1.5757e-007 4.3604e-005 1.2965e-004 1.1424e-004 4.5140e-005 5.7235e-006 1.1209e-006 7.7179e-006 8.3606e-006 4.5538e-006 1.0889e-006 1.7519e-009 7.0263e-007 1.4710e-006 1.5069e-006 1.0470e-006 5.0753e-007 1.3402e-007 1.5877e-009 4.8142e-008 1.4878e-007 2.1209e-007 2.1584e-007 1.7964e-007 1.2943e-007 8.2382e-008 4.6309e-008 2.2685e-008 9.1801e-009 2.6278e-009
           8 5.2345e-004 1.9208e-003 3.4825e-003 4.1259e-003 2.9334e-002 1.2321e-002 4.8900e-004 1.3985e-001 4.1053e-001 2.0661e-001 1.4600e-001 9.5388e-004 4.1796e-002 1.3847e-005 1.4280e-003 2.9119e-004 7.7539e-006 1.0709e-007 9.3907e-005 8.0799e-005 6.0389e-005 1.8856e-005 4.4375e-007 1.9151e-006 6.0550e-006 6.3468e-006 3.0751e-006 7.2459e-007 7.9580e-009 3.0679e-007 9.7451e-007 1.2223e-006 9.3922e-007 5.2890e-007 2.2692e-007 5.6788e-008 2.9116e-010 2.8297e-008 8.6724e-008 1.2574e-007 1.2967e-007 1.0889e-007 7.7682e-008 4.3745e-008 1.5259e-008
           9 2.1866e-004 6.0152e-005 3.2727e-003 6.4427e-005 1.1194e-002 1.8749e-002 3.4697e-003 5.5660e-003 2.4001e-001 1.1188e-001 1.8063e-001 2.4797e-001 4.2689e-002 1.0151e-001 1.3241e-002 1.2490e-002 4.5550e-003 1.2891e-003 5.0837e-004 4.5004e-004 1.2989e-006 1.4248e-004 2.1597e-006 1.1475e-005 1.7354e-006 2.7360e-006 4.3389e-006 4.2578e-006 1.1349e-006 2.5418e-007 1.5917e-009 2.9956e-007 7.0098e-007 6.9229e-007 6.1304e-007 5.0043e-007 2.7363e-007 7.3069e-008 3.0853e-009 5.4442e-009 1.9222e-008 2.9204e-008 3.2464e-008 2.4840e-008 1.0049e-008
          10 4.6517e-005 3.9838e-005 1.3408e-003 8.5594e-004 2.3369e-003 1.1280e-002 5.6120e-003 9.7198e-005 4.2580e-002 2.0061e-001 1.2277e-002 7.6052e-003 1.3091e-001 7.2502e-002 1.7107e-001 9.5910e-002 8.4537e-002 5.9142e-002 3.7504e-002 2.4097e-002 1.6672e-002 8.2775e-003 6.4297e-003 3.0629e-003 2.1572e-003 1.2321e-003 6.4885e-004 4.9704e-004 2.0571e-004 1.7445e-004 7.7964e-005 5.1714e-005 3.3279e-005 1.3327e-005 1.4225e-005 3.0749e-006 5.3781e-006 6.7375e-007 1.4343e-006 1.0829e-007 9.6343e-008 9.1236e-010 1.7837e-008 7.3026e-009 1.6056e-009
