   v'->v''           0           1           2           3           4           5           6           7           8           9          10          11          12          13          14          15          16          17          18          19          20          21          22
           0 9.9828e-001 1.5538e-003 1.3427e-004 3.0271e-005 2.3374e-006 5.4271e-009 5.1113e-007 2.8179e-007 8.8718e-008 1.9734e-008 1.8545e-010 1.6072e-008 2.5413e-008 1.7484e-008 7.6337e-009 2.5916e-009 8.1291e-010 2.6920e-010 9.5638e-011 3.3823e-011 1.1004e-011 3.0964e-012 7.0712e-013
           1 1.5962e-003 9.9472e-001 3.4534e-003 1.7755e-004 4.8509e-005 5.7076e-006 9.4227e-008 3.4949e-007 3.1436e-007 1.9186e-007 7.7473e-008 6.2224e-009 3.5783e-009 1.1442e-008 1.0455e-008 7.2518e-009 5.0002e-009 3.6750e-009 2.8349e-009 2.1488e-009 1.5107e-009 9.0339e-010 3.6542e-010
           2 7.6926e-005 3.5919e-003 9.8961e-001 6.4708e-003 1.6879e-004 6.6579e-005 1.2162e-005 1.2503e-006 7.3021e-008 2.0101e-007 2.5841e-007 2.2058e-007 7.5499e-008 7.3457e-009 6.1921e-011 1.0837e-009 1.2541e-009 1.2821e-009 1.4074e-009 1.5064e-009 1.4173e-009 1.0454e-009 4.7443e-010
           3 4.1828e-005 5.6316e-005 6.6822e-003 9.8280e-001 1.0162e-002 1.4983e-004 8.4401e-005 2.0724e-005 3.5663e-006 4.3854e-008 6.2732e-008 2.6599e-007 3.2258e-007 1.7054e-007 5.8327e-008 1.9594e-008 8.0400e-009 3.7368e-009 1.6634e-009 5.9305e-010 1.3917e-010 1.4906e-011 2.4597e-013
           4 6.2170e-006 6.4321e-005 1.0707e-005 1.0389e-002 9.7485e-001 1.4427e-002 1.1502e-004 9.6955e-005 2.9091e-005 7.0800e-006 5.4023e-007 8.9545e-009 1.2299e-007 3.0598e-007 2.3544e-007 1.2016e-007 6.1552e-008 3.7164e-008 2.5416e-008 1.7673e-008 1.1550e-008 6.5054e-009 2.5356e-009
           5 2.3843e-009 1.4152e-005 7.5685e-005 4.1586e-006 1.4554e-002 9.6577e-001 1.9353e-002 6.8404e-005 1.0334e-004 3.7746e-005 1.1041e-005 2.0632e-006 2.6217e-007 7.3978e-009 1.2432e-007 1.5218e-007 1.2492e-007 9.7152e-008 7.6600e-008 5.8647e-008 4.1445e-008 2.4860e-008 1.0073e-008
           6 2.7561e-007 7.1009e-007 2.7782e-005 7.5725e-005 7.3955e-005 1.9178e-002 9.5564e-001 2.4805e-002 2.3581e-005 1.0528e-004 4.5041e-005 1.6683e-005 4.0535e-006 1.1667e-006 1.4118e-007 4.4085e-009 5.0946e-008 6.3039e-008 5.8132e-008 4.9470e-008 3.8836e-008 2.5548e-008 1.0960e-008
           7 4.1932e-007 5.1127e-008 4.0351e-006 4.1955e-005 5.9503e-005 2.7064e-004 2.4035e-002 9.4485e-001 3.0549e-002 1.2391e-007 1.0093e-004 5.2230e-005 2.1392e-005 7.7580e-006 2.5312e-006 6.9236e-007 1.5647e-007 2.5114e-008 6.7316e-010 2.3471e-009 6.8970e-009 7.3947e-009 3.8496e-009
           8 2.8338e-007 4.4808e-007 2.4673e-007 1.0397e-005 5.1710e-005 3.2542e-005 6.4227e-004 2.8812e-002 9.3392e-001 3.6301e-002 3.1749e-005 9.0380e-005 5.5700e-005 2.7857e-005 1.0594e-005 4.8725e-006 2.1346e-006 8.4322e-007 3.2461e-007 1.2617e-007 5.0365e-008 1.9874e-008 6.3590e-009
           9 5.8033e-008 4.0376e-007 1.6167e-007 1.7641e-006 1.8425e-005 5.5379e-005 7.6602e-006 1.2290e-003 3.3163e-002 9.2352e-001 4.1623e-002 1.8735e-004 7.0718e-005 5.6674e-005 3.2323e-005 1.4279e-005 7.3967e-006 4.1219e-006 2.2834e-006 1.2272e-006 6.3993e-007 3.0900e-007 1.1145e-007
          10 8.5684e-011 1.3927e-007 4.3392e-007 2.9446e-009 5.0242e-006 2.6008e-005 5.0132e-005 1.1947e-006 2.0648e-003 3.6614e-002 9.1471e-001 4.5739e-002 6.1173e-004 4.0807e-005 5.3216e-005 3.4448e-005 1.7622e-005 1.0202e-005 6.5360e-006 4.1665e-006 2.5054e-006 1.3312e-006 5.0422e-007
          11 1.3739e-008 2.5209e-008 2.7543e-007 2.2305e-007 5.0110e-007 1.0426e-005 3.2421e-005 3.5827e-005 3.5564e-005 3.1783e-003 3.8461e-002 9.0918e-001 4.7293e-002 1.6083e-003 6.3280e-006 4.1645e-005 3.4046e-005 2.0300e-005 1.2763e-005 8.5469e-006 5.5927e-006 3.1998e-006 1.2642e-006
          12 1.6217e-008 2.0605e-009 1.2889e-007 2.8914e-007 4.9586e-009 2.2948e-006 1.6774e-005 3.5733e-005 1.7352e-005 1.3936e-004 4.5797e-003 3.7674e-002 9.0951e-001 4.4075e-002 3.7673e-003 2.9717e-005 1.7381e-005 2.7818e-005 2.1273e-005 1.4312e-005 9.3024e-006 5.3911e-006 2.1624e-006
          13 1.1976e-008 4.2049e-010 6.3776e-008 2.4517e-007 1.2528e-007 2.2869e-007 5.6055e-006 2.2215e-005 3.1851e-005 2.1171e-006 3.4396e-004 6.2490e-003 3.2893e-002 9.1893e-001 3.3008e-002 7.8826e-003 4.8533e-004 5.0822e-006 8.4129e-006 1.4053e-005 1.1564e-005 7.2088e-006 2.9620e-006
          14 9.1068e-009 5.0610e-009 2.6567e-008 1.8925e-007 2.1712e-007 5.5425e-010 1.4179e-006 9.9519e-006 2.5830e-005 2.1589e-005 4.8858e-006 6.7871e-004 8.1462e-003 2.2770e-002 9.3898e-001 1.3295e-002 1.2902e-002 2.6273e-003 3.7789e-004 3.2827e-005 2.9485e-007 9.7598e-007 9.4438e-007
          15 7.4626e-009 1.1128e-008 5.0591e-009 1.1852e-007 2.4600e-007 4.5509e-008 3.2555e-007 3.9826e-006 1.4436e-005 2.4853e-005 8.0322e-006 4.6269e-005 1.1503e-003 1.0253e-002 8.1753e-003 9.5870e-001 3.8203e-005 1.1625e-002 6.4858e-003 2.2919e-003 6.9415e-004 2.0052e-004 5.1559e-005
          16 5.7518e-009 1.3861e-008 5.4701e-011 5.5005e-008 2.0533e-007 1.3114e-007 3.8614e-008 1.5440e-006 7.2565e-006 1.7203e-005 1.8015e-005 7.9112e-012 1.5318e-004 1.7401e-003 1.2623e-002 1.6541e-004 9.3769e-001 2.9545e-002 1.8851e-003 5.9159e-003 4.1272e-003 1.9711e-003 6.6980e-004
          17 3.8239e-009 1.2433e-008 3.3731e-009 1.8483e-008 1.3629e-007 1.8076e-007 3.5912e-009 5.2942e-007 3.6860e-006 1.0416e-005 1.6283e-005 7.3343e-006 1.4525e-005 3.3828e-004 2.4277e-003 1.5190e-002 2.4389e-002 8.3320e-001 1.0423e-001 5.6473e-003 2.3130e-004 1.2673e-003 7.6217e-004
          18 2.0488e-009 8.6626e-009 6.2597e-009 4.0673e-009 7.5110e-008 1.6453e-007 4.2763e-008 1.3604e-007 1.7728e-006 6.0089e-006 1.1229e-005 1.0296e-005 1.3547e-008 7.2496e-005 5.7538e-004 3.0241e-003 1.7825e-002 9.7947e-002 6.9686e-001 1.3607e-001 3.0066e-002 5.3689e-003 8.2606e-004
          19 9.2671e-010 5.1718e-009 6.1951e-009 4.9831e-010 3.8077e-008 1.1706e-007 6.4121e-008 2.4409e-008 8.1594e-007 3.3700e-006 7.1032e-006 8.2277e-006 1.9974e-006 1.2805e-005 1.7011e-004 8.4352e-004 4.0309e-003 1.2717e-002 1.7295e-001 6.3987e-001 8.9424e-002 3.6709e-002 1.0427e-002
          20 3.3667e-010 2.4853e-009 3.9925e-009 8.8536e-012 1.6605e-008 6.3174e-008 4.9140e-008 2.2905e-009 3.2730e-007 1.6038e-006 3.7045e-006 4.7767e-006 2.1916e-006 1.7581e-006 5.0388e-005 2.7454e-004 9.4625e-004 5.7395e-003 1.7121e-004 1.7043e-001 7.4313e-001 5.4886e-003 1.3157e-002
          21 6.5268e-011 5.7753e-010 1.0601e-009 2.2299e-012 3.7054e-009 1.5547e-008 1.3936e-008 7.7120e-011 6.9495e-008 3.7400e-007 9.0632e-007 1.2254e-006 6.7792e-007 1.6404e-007 9.2597e-006 5.3361e-005 1.7085e-004 1.0091e-003 9.8593e-004 1.3155e-002 1.3101e-002 6.3335e-001 2.7114e-001
