   v'->v''           0           1           2           3           4
           0 9.9784e-001 1.7518e-003 2.9810e-004 9.2864e-005 1.4933e-005
           1 1.6457e-003 9.9124e-001 6.4856e-003 3.7646e-004 2.0030e-004
           2 4.6327e-004 5.8660e-003 9.7397e-001 1.9068e-002 1.6690e-004
           3 4.3635e-005 1.0667e-003 1.7006e-002 9.3598e-001 4.5185e-002
           4 5.4157e-006 6.2063e-005 2.1524e-003 3.9682e-002 8.6144e-001
           5 1.4954e-007 1.2572e-005 5.2861e-005 4.7290e-003 8.1441e-002
           6 3.3740e-007 9.2547e-007 2.6016e-005 1.2108e-005 1.1375e-002
           7 2.2719e-007 1.2526e-007 2.7786e-006 4.9038e-005 5.7783e-005
           8 1.0483e-007 1.4071e-007 7.3386e-008 5.6309e-006 1.0878e-004
           9 4.7467e-008 1.7189e-007 5.7150e-008 4.7383e-007 5.6096e-006
          10 2.4716e-009 1.2063e-007 1.9089e-007 2.4472e-008 1.5961e-006
          11 1.0081e-008 1.5404e-008 1.2588e-007 1.6501e-007 2.3022e-007
          12 2.4197e-008 2.3495e-009 5.2643e-008 1.7124e-007 8.8376e-008
          13 1.7986e-008 9.4215e-009 1.9306e-008 6.7544e-008 7.8044e-008
          14 8.0516e-009 7.0123e-009 3.7590e-009 4.4282e-008 5.5076e-008
          15 3.0698e-009 4.8121e-009 3.4768e-011 3.6102e-008 8.6432e-008
          16 1.3672e-009 4.6840e-009 2.5323e-009 1.7528e-008 8.2501e-008
          17 8.0392e-010 5.2048e-009 4.9250e-009 3.3897e-009 4.2473e-008
          18 5.1854e-010 4.9503e-009 5.1008e-009 1.0303e-013 1.3399e-008
          19 3.1782e-010 3.8409e-009 3.9767e-009 8.0234e-010 3.2632e-009
          20 1.5587e-010 2.2069e-009 2.3092e-009 1.0934e-009 6.8447e-010
          21 3.6279e-011 5.5809e-010 5.9143e-010 3.6292e-010 9.7504e-011
