   v'->v''           0           1
           0 9.9446e-001 5.3705e-003
           1 5.5126e-003 9.8329e-001
           2 2.5967e-005 1.1263e-002
           3 9.5266e-007 6.9802e-005
           4 7.4041e-008 3.0697e-006
           5 9.8664e-009 1.0041e-006
           6 2.1127e-008 7.7924e-008
           7 5.0975e-009 1.1609e-009
           8 9.8273e-010 6.4434e-009
           9 3.9685e-009 1.6537e-009
          10 1.8606e-009 1.6946e-008
          11 1.5388e-010 9.8171e-009
          12 1.1037e-009 1.0685e-009
          13 4.5898e-010 3.4531e-010
          14 1.5305e-010 5.6062e-011
          15 7.6716e-011 1.8408e-011
