   v'->v''           0           1           2           3           4
           0 9.9683e-001 3.1627e-003 7.5758e-006 7.8454e-010 4.1075e-008
           1 3.1639e-003 9.8855e-001 8.2434e-003 4.0317e-005 2.9201e-008
           2 5.6788e-006 8.2544e-003 9.7516e-001 1.6398e-002 1.7914e-004
           3 2.7126e-008 2.9742e-005 1.6509e-002 9.5465e-001 2.8239e-002
           4 1.1790e-009 3.9989e-008 7.6846e-005 2.8694e-002 9.2106e-001
           5 4.3992e-008 2.9772e-008 1.7998e-007 2.1780e-004 4.9514e-002
           6 2.1615e-008 5.7273e-009 2.9716e-008 1.7442e-006 9.4683e-004
           7 1.8858e-009 8.5812e-009 5.1652e-008 1.5037e-006 4.8668e-005
           8 3.8179e-011 7.2985e-009 8.5674e-008 1.9067e-008 8.1486e-006
           9 3.7448e-009 4.5659e-012 1.5848e-008 2.5977e-007 4.1770e-008
          10 4.4907e-009 1.8251e-008 3.7774e-009 5.3553e-009 1.6790e-008
          11 9.4821e-011 1.2174e-008 6.6764e-009 2.8259e-009 2.1443e-008
          12 6.1362e-010 6.9593e-010 4.1153e-009 1.3076e-009 4.1331e-008
          13 2.7403e-010 1.9286e-010 1.5036e-009 4.1809e-010 1.6036e-008
          14 1.0660e-010 1.5208e-011 3.5226e-010 5.1858e-011 4.3334e-009
          15 5.7054e-011 2.1232e-012 1.4576e-010 1.0830e-011 1.9094e-009
