   v'->v''           0           1           2           3           4           5           6           7           8           9          10          11          12          13          14          15          16          17          18          19          20          21
           0 9.9982e-001 1.7412e-004 1.0543e-005 8.7526e-010 2.8892e-008 2.3759e-008 9.3996e-009 6.8635e-011 2.3844e-009 5.7136e-011 5.9259e-010 1.4219e-011 6.1913e-010 4.3764e-010 2.4023e-011 6.2211e-011 1.4913e-010 1.0492e-010 3.5759e-011 4.7460e-012 9.3764e-015 6.0236e-013
           1 1.7489e-004 9.9963e-001 1.2505e-004 7.0502e-005 4.3118e-007 9.5860e-009 2.8034e-007 2.2204e-009 8.3133e-010 2.3161e-010 4.9836e-010 1.0029e-012 2.2748e-009 3.0918e-009 5.4437e-010 2.0142e-010 1.1831e-009 1.2874e-009 7.4100e-010 2.7809e-010 7.2882e-011 1.3275e-011
           2 9.7629e-006 1.2409e-004 9.9948e-001 6.1826e-005 3.1715e-004 4.7060e-007 1.2043e-006 4.0645e-007 2.1636e-007 5.2456e-008 5.4840e-009 4.2837e-008 9.7533e-009 2.3239e-009 1.0438e-008 5.8864e-009 9.6078e-010 9.2874e-013 1.9872e-010 2.3944e-010 1.4873e-010 5.7174e-011
           3 1.5963e-008 7.2800e-005 7.3950e-005 9.9706e-001 2.0610e-003 7.1878e-004 7.8396e-006 4.7993e-006 4.5825e-007 3.1448e-007 5.4233e-007 8.5131e-008 3.2243e-009 2.7366e-008 2.2790e-008 9.6483e-009 1.7443e-009 1.1942e-011 9.6519e-010 1.7549e-009 1.6148e-009 8.1668e-010
           4 6.2733e-008 2.4045e-007 3.0270e-004 2.2583e-003 9.8982e-001 6.6995e-003 8.5498e-004 5.8170e-005 1.3158e-006 2.6131e-006 2.9346e-007 3.6538e-007 4.6811e-007 1.1852e-007 1.1792e-008 1.1050e-010 7.3639e-009 1.6827e-008 1.9214e-008 1.4730e-008 8.4900e-009 3.2978e-009
           5 9.0479e-010 1.0912e-008 1.1940e-006 4.9639e-004 7.3156e-003 9.7861e-001 1.2602e-002 8.4264e-004 1.2658e-004 1.0461e-006 2.4772e-006 1.8210e-006 1.3365e-008 1.7033e-007 2.2184e-007 1.7552e-007 9.9135e-008 3.1959e-008 3.3687e-009 3.3004e-010 2.4153e-009 1.9506e-009
           6 4.7710e-009 1.0496e-007 1.7605e-006 4.8966e-005 3.1646e-004 1.3619e-002 9.6484e-001 2.0209e-002 7.5590e-004 1.9477e-004 1.2976e-005 3.9357e-007 2.8481e-006 7.3112e-007 3.7142e-008 2.5168e-008 1.3979e-007 2.0268e-007 1.6526e-007 9.5633e-008 4.4319e-008 1.5029e-008
           7 1.6930e-011 4.9766e-008 1.0413e-008 1.4430e-006 1.5937e-004 7.9766e-005 2.1359e-002 9.4814e-001 2.9332e-002 6.4221e-004 2.3766e-004 3.6846e-005 9.1360e-007 1.4430e-006 1.3021e-006 6.2179e-007 1.8984e-007 7.4627e-009 2.4523e-008 6.6957e-008 6.5673e-008 3.3315e-008
           8 3.6071e-009 3.6571e-009 5.0025e-007 2.3166e-006 4.6014e-006 2.3102e-004 7.5292e-006 3.0154e-002 9.2801e-001 4.0716e-002 5.3818e-004 2.5169e-004 6.9464e-005 8.1058e-006 3.9095e-008 7.6955e-007 9.4880e-007 7.1115e-007 3.2847e-007 9.8701e-008 2.0350e-008 2.9065e-009
           9 8.5578e-011 9.3458e-009 1.1657e-007 1.8206e-010 2.9555e-006 3.7081e-005 2.2651e-004 2.6967e-004 4.0471e-002 9.0307e-001 5.5075e-002 5.0341e-004 2.1941e-004 1.0163e-004 2.2239e-005 2.0874e-006 5.1320e-010 4.8414e-007 7.1373e-007 5.2878e-007 2.8953e-007 1.1051e-007
          10 2.0499e-009 1.3969e-014 3.1247e-009 3.4664e-007 1.3689e-006 1.2908e-008 9.0061e-005 1.4040e-004 1.0254e-003 5.2671e-002 8.7002e-001 7.5091e-002 6.2997e-004 1.4554e-004 1.3317e-004 3.6511e-005 9.4868e-006 2.1756e-006 1.0108e-007 7.2067e-008 1.7687e-007 1.0905e-007
          11 1.5981e-009 2.4533e-009 1.5583e-008 2.6152e-007 5.9243e-008 1.7381e-006 9.4210e-006 1.3216e-004 3.5588e-005 2.4418e-003 6.8728e-002 8.2087e-001 1.0603e-001 1.4393e-003 1.0244e-005 2.3666e-004 3.5995e-005 1.7628e-005 7.5709e-006 2.4061e-006 7.2385e-007 1.8912e-007
          12 2.9355e-011 1.4814e-009 5.3981e-009 6.6285e-008 8.5827e-008 1.2650e-006 8.1010e-009 3.5339e-005 1.2489e-004 1.0809e-005 4.8381e-003 9.1117e-002 7.1972e-001 1.7086e-001 9.8492e-003 1.7068e-003 1.5558e-003 2.6506e-005 1.1237e-004 3.8780e-007 6.4704e-006 2.2355e-006
