   v'->v''           0           1           2           3           4           5           6           7           8           9          10          11          12          13          14          15          16
           0 9.9261e-001 7.3856e-003 4.0070e-010 3.1979e-007 2.2453e-008 6.2384e-009 1.6042e-008 1.6398e-009 1.4529e-009 8.5203e-010 5.1557e-010 1.5977e-010 5.5938e-010 1.4431e-010 5.7483e-012 9.0621e-011 9.1637e-011
           1 7.2600e-003 9.7556e-001 1.7168e-002 1.0929e-005 5.5999e-006 7.1707e-008 1.9205e-007 4.5017e-008 1.2585e-009 2.1324e-010 4.2981e-010 1.7009e-010 2.3116e-009 1.3797e-009 2.1228e-011 3.5393e-010 5.8599e-010
           2 1.2076e-004 1.6638e-002 9.4978e-001 3.3249e-002 1.8648e-004 2.4197e-005 8.2166e-007 9.8218e-007 7.8588e-008 2.0844e-010 4.8588e-008 3.9965e-008 4.6778e-010 9.9206e-009 1.2426e-008 5.2732e-009 1.2014e-009
           3 5.3542e-006 3.9018e-004 3.2076e-002 9.0658e-001 6.0095e-002 8.1950e-004 1.7815e-005 1.1618e-005 1.0390e-008 9.1100e-007 3.2534e-007 6.2953e-010 6.4286e-008 4.9887e-008 1.8031e-008 4.0080e-009 4.7197e-010
           4 1.6736e-007 2.9861e-005 8.9224e-004 5.7904e-002 8.4797e-001 9.1734e-002 1.4393e-003 2.3165e-008 1.9795e-005 2.3521e-006 4.4666e-008 9.4396e-007 3.6540e-007 1.6526e-008 5.7384e-009 1.4203e-008 1.1281e-008
           5 1.5070e-008 2.0562e-006 7.1890e-005 2.1133e-003 8.6370e-002 7.8660e-001 1.2300e-001 1.7952e-003 2.5561e-005 1.4927e-005 7.4981e-006 8.4576e-007 2.2145e-007 4.8450e-007 2.5436e-007 1.0403e-007 3.7149e-008
           6 3.3156e-011 8.2233e-008 1.2489e-005 1.0273e-004 5.1054e-003 1.1003e-001 7.2777e-001 1.5497e-001 1.8728e-003 1.1124e-004 4.5509e-006 1.0194e-005 4.4051e-006 2.6744e-007 3.7579e-008 1.3168e-007 1.1395e-007
           7 3.4784e-010 2.5909e-009 1.3186e-006 2.5350e-005 2.1968e-004 1.0096e-002 1.2927e-001 6.7275e-001 1.8580e-001 1.5627e-003 2.5753e-004 4.3735e-007 6.9934e-006 7.0801e-006 2.2331e-006 4.8996e-007 9.3355e-008
           8 9.7916e-010 1.7017e-009 1.3787e-008 8.6947e-006 2.3946e-005 6.2966e-004 1.6781e-002 1.4206e-001 6.2390e-001 2.1518e-001 9.1812e-004 4.5668e-004 2.1327e-005 1.0889e-006 6.0259e-006 3.8863e-006 1.6359e-006
           9 4.1656e-012 1.1838e-008 3.1881e-008 7.7817e-007 1.3962e-005 4.0405e-005 1.5722e-003 2.4661e-002 1.4832e-001 5.8310e-001 2.4136e-001 2.0399e-004 6.1695e-004 9.3340e-005 3.6041e-006 6.5958e-007 1.4531e-006
          10 3.7414e-010 1.6200e-009 4.6018e-009 4.8859e-009 5.2197e-006 1.1844e-005 1.1874e-004 3.3227e-003 3.2874e-002 1.4703e-001 5.5151e-001 2.6416e-001 8.0815e-005 5.8359e-004 2.3463e-004 4.0034e-005 4.5272e-006
          11 1.7947e-010 1.1454e-009 1.7105e-008 6.1307e-008 1.0553e-006 6.9675e-006 1.5043e-005 3.6481e-004 6.0079e-003 4.0379e-002 1.3910e-001 5.2807e-001 2.8402e-001 1.2673e-003 1.3925e-004 3.9475e-004 1.2937e-004
          12 3.4304e-012 2.0229e-009 5.5766e-009 3.0690e-008 6.7800e-008 3.7964e-006 5.6129e-006 4.2161e-005 9.4427e-004 9.4553e-003 4.4884e-002 1.2268e-001 4.9578e-001 3.2302e-001 5.6518e-004 1.4995e-003 4.4792e-004
