   v'->v''           0           1           2           3           4           5           6           7           8           9          10          11          12          13          14          15          16          17          18          19          20          21          22          23          24          25          26          27          28          29          30          31          32          33          34          35          36          37          38          39
           0 9.6762e-001 1.2024e-009 1.0970e-008 3.2355e-002 8.5894e-007 3.4889e-007 1.4223e-005 3.6913e-008 7.4564e-007 3.5937e-006 3.7018e-007 5.6965e-009 3.8288e-010 1.7007e-010 1.4257e-009 3.5842e-010 2.8922e-010 1.4283e-009 1.2390e-009 3.8746e-010 2.6014e-011 3.0694e-013 7.0672e-012 9.7229e-011 2.4750e-010 2.9551e-010 1.9551e-010 6.1411e-011 1.2565e-012 1.7891e-011 5.2228e-011 6.1448e-011 4.4777e-011 2.1827e-011 6.8114e-012 1.1494e-012 8.5536e-014 4.3918e-014 2.9833e-013 7.9541e-013
           1 3.0146e-002 4.6960e-008 1.5386e-006 9.1050e-001 9.0144e-006 2.0919e-005 5.7875e-002 7.7079e-004 2.5058e-004 3.9616e-004 3.0939e-006 1.4395e-005 1.5209e-005 2.8978e-006 2.7545e-008 1.0624e-007 5.6619e-008 2.5395e-011 2.5276e-008 3.0227e-008 8.7959e-009 2.0011e-010 9.7251e-009 1.8641e-008 1.6419e-008 7.6473e-009 1.1110e-009 3.0117e-010 2.8709e-009 5.0416e-009 5.0178e-009 3.3395e-009 1.4339e-009 2.7654e-010 3.1521e-012 2.2642e-010 5.0851e-010 6.1965e-010 5.4123e-010 3.5215e-010
           2 2.0338e-003 1.0416e-006 1.2292e-005 5.0260e-002 1.3751e-004 1.3989e-003 8.6956e-001 5.1521e-003 1.5357e-003 4.6461e-002 1.6950e-002 5.0985e-003 1.2568e-003 1.4009e-005 5.9702e-005 5.5041e-005 1.0507e-005 6.4030e-008 2.6388e-006 1.9015e-006 2.2771e-007 1.1232e-007 5.3049e-007 5.0430e-007 1.9876e-007 1.3829e-008 2.1780e-008 8.7125e-008 1.0726e-007 7.6873e-008 3.4138e-008 7.0675e-009 7.3857e-012 4.2496e-009 1.0331e-008 1.3414e-008 1.2891e-008 1.0195e-008 6.8720e-009 3.8298e-009
           3 1.7098e-004 2.3029e-005 1.8660e-004 6.1398e-003 8.3892e-004 3.0021e-003 4.3467e-002 2.1325e-002 1.1147e-001 6.7194e-001 8.0405e-002 2.6823e-004 2.3811e-002 2.4742e-002 9.9322e-003 1.8363e-003 1.3188e-005 1.6351e-004 1.7632e-004 5.2299e-005 9.1056e-007 7.5479e-006 1.3247e-005 7.3591e-006 1.2599e-006 9.2187e-008 1.3752e-006 2.0712e-006 1.5696e-006 6.7848e-007 1.1414e-007 6.3302e-009 1.3557e-007 2.6830e-007 3.0251e-007 2.5010e-007 1.6376e-007 8.7145e-008 3.7427e-008 1.2594e-008
           4 2.1018e-005 2.9062e-004 1.7679e-003 5.6287e-004 6.0778e-003 1.5974e-002 1.8859e-002 2.7129e-002 4.5746e-002 7.9761e-003 1.8170e-001 3.2166e-001 2.7094e-001 5.0380e-002 2.3794e-004 1.7003e-002 2.0666e-002 1.0033e-002 2.1476e-003 4.0196e-005 1.9122e-004 3.1854e-004 1.6766e-004 3.0382e-005 4.0508e-007 1.6461e-005 2.3831e-005 1.5761e-005 5.2393e-006 3.3858e-007 5.2612e-007 2.2081e-006 3.0300e-006 2.6301e-006 1.6506e-006 7.5149e-007 2.1689e-007 1.9936e-008 6.1903e-009 3.2797e-008
           5 3.3676e-006 2.5657e-003 1.1316e-002 1.5491e-004 2.7778e-002 4.9901e-002 2.2682e-005 7.3451e-002 8.3491e-002 9.8016e-003 2.7966e-002 4.2279e-004 1.0086e-001 2.5367e-001 2.1573e-001 9.1597e-002 1.0265e-002 2.4497e-003 1.3883e-002 1.4411e-002 7.4214e-003 1.8997e-003 8.9005e-005 1.0846e-004 2.9975e-004 2.4443e-004 9.9561e-005 1.4291e-005 1.0941e-006 1.4848e-005 2.2999e-005 1.9375e-005 1.0696e-005 3.6165e-006 4.0670e-007 1.1477e-007 9.4124e-007 1.6364e-006 1.7491e-006 1.3141e-006
           6 4.6792e-007 1.5549e-002 4.6923e-002 6.7158e-006 7.7685e-002 8.9724e-002 1.1320e-003 7.1164e-002 2.6219e-002 1.6427e-002 2.0876e-002 9.1010e-004 1.0084e-002 2.2684e-003 7.6112e-002 1.8987e-001 1.9494e-001 1.0160e-001 2.3594e-002 1.2450e-004 5.9650e-003 1.1841e-002 9.8842e-003 4.8687e-003 1.3345e-003 9.1253e-005 5.5323e-005 2.2271e-004 2.3896e-004 1.4485e-004 5.1351e-005 6.4170e-006 9.8648e-007 9.9874e-006 1.6785e-005 1.6985e-005 1.2846e-005 7.8268e-006 3.9323e-006 1.6079e-006
           7 1.2390e-007 6.4012e-002 1.1556e-001 7.6844e-006 1.0742e-001 5.7543e-002 2.9885e-004 1.1574e-002 2.6724e-003 9.1897e-003 1.3337e-002 3.9934e-002 7.3940e-003 7.0197e-003 8.2642e-003 3.9242e-003 6.9973e-002 1.5357e-001 1.6143e-001 9.9799e-002 3.3609e-002 2.9775e-003 1.4807e-003 7.5544e-003 9.4752e-003 6.8858e-003 3.2907e-003 9.4833e-004 8.5554e-005 2.5462e-005 1.5324e-004 2.0525e-004 1.6451e-004 9.2265e-005 3.5462e-005 7.1991e-006 3.2840e-008 2.0823e-006 5.0365e-006 5.2979e-006
           8 5.8067e-008 1.7473e-001 1.3897e-001 1.5622e-006 3.7738e-002 1.8656e-005 5.1081e-004 2.3206e-002 4.3384e-002 1.0737e-004 2.7823e-002 8.5631e-004 2.3064e-002 2.0106e-002 3.4720e-006 8.7868e-003 2.9323e-003 8.6584e-003 6.5391e-002 1.2808e-001 1.3555e-001 9.0055e-002 3.6752e-002 6.5483e-003 5.1660e-005 3.8673e-003 7.2635e-003 7.0750e-003 4.7102e-003 2.2483e-003 7.0720e-004 9.2518e-005 4.9941e-006 8.3505e-005 1.4471e-004 1.4723e-004 1.1227e-004 6.9754e-005 3.6337e-005 1.5666e-005
           9 1.5364e-008 3.0009e-001 3.4782e-002 3.8237e-007 1.3238e-002 6.0598e-002 1.4733e-004 4.5899e-002 4.1298e-003 1.2734e-002 2.2944e-004 2.1449e-002 5.0876e-003 1.1751e-002 2.6359e-002 5.4804e-003 2.4295e-003 8.0895e-003 3.2777e-004 1.4428e-002 6.4629e-002 1.0963e-001 1.1193e-001 7.7460e-002 3.5905e-002 9.0936e-003 2.4810e-004 1.5623e-003 4.8006e-003 6.0521e-003 5.1304e-003 3.2937e-003 1.6345e-003 5.9235e-004 1.2390e-004 2.3674e-006 2.0759e-005 5.9468e-005 7.3936e-005 5.9348e-005
          10 1.4654e-009 2.9480e-001 4.5036e-002 1.5987e-006 9.7839e-002 2.4385e-002 4.7044e-004 2.9017e-003 3.2663e-002 5.7712e-004 2.9550e-002 2.9448e-003 1.3448e-002 9.0694e-003 2.7885e-003 2.1526e-002 1.2181e-002 1.4377e-006 5.9099e-003 4.4839e-003 5.6856e-004 2.1780e-002 6.3620e-002 9.3756e-002 9.1625e-002 6.4226e-002 3.1995e-002 9.8897e-003 9.0519e-004 4.5443e-004 2.8021e-003 4.4936e-003 4.6154e-003 3.6434e-003 2.3538e-003 1.2700e-003 5.6609e-004 2.0039e-004 5.0877e-005 7.4208e-006
          11 2.1365e-010 1.3325e-001 3.1374e-001 9.9212e-007 1.9212e-003 3.6087e-002 2.3748e-004 5.2918e-002 4.7690e-003 1.0771e-002 1.1440e-003 2.3661e-002 2.6178e-003 1.2305e-002 1.1974e-002 2.5906e-004 1.5373e-002 1.5116e-002 1.5337e-003 2.3364e-003 5.8723e-003 8.8888e-004 4.4092e-003 2.9132e-002 6.1689e-002 7.9348e-002 7.2956e-002 5.0568e-002 2.6184e-002 9.1498e-003 1.3744e-003 6.5226e-005 1.4550e-003 2.9542e-003 3.5401e-003 3.2465e-003 2.4889e-003 1.6651e-003 9.8482e-004 4.9748e-004
          12 5.4531e-010 1.2906e-002 2.6536e-001 5.3475e-006 2.7951e-001 6.9600e-003 2.1921e-004 8.3873e-004 4.7627e-002 4.6304e-004 1.5601e-002 6.4061e-005 2.0074e-002 6.0527e-004 8.6362e-003 1.1383e-002 5.1995e-005 1.0100e-002 1.4331e-002 2.9289e-003 5.6669e-004 4.7607e-003 2.4413e-003 3.0335e-004 1.1464e-002 3.4615e-002 5.5777e-002 6.2206e-002 5.2939e-002 3.5491e-002 1.8423e-002 6.7991e-003 1.2734e-003 7.7798e-007 6.8180e-004 1.6676e-003 2.2051e-003 2.1867e-003 1.7738e-003 1.1498e-003
