   v'->v''           0           1           2           3           4
           0 9.9944e-001 5.6253e-004 1.9336e-007 1.4510e-011 2.8048e-008
           1 5.6209e-004 9.9791e-001 1.5295e-003 7.0102e-007 2.1086e-008
           2 2.1269e-007 1.5274e-003 9.9511e-001 3.3600e-003 2.6502e-006
           3 6.6926e-009 1.9458e-006 3.3506e-003 9.8985e-001 6.7827e-003
           4 3.2825e-010 1.0629e-008 9.6853e-006 6.7516e-003 9.7956e-001
           5 3.0590e-008 3.2709e-009 5.9233e-008 3.5667e-005 1.3517e-002
           6 1.4394e-008 3.4696e-008 1.8447e-008 3.5264e-007 1.3509e-004
           7 2.5490e-009 1.1195e-008 1.4816e-008 5.2765e-008 8.4018e-007
           8 1.3285e-009 1.5966e-009 1.8101e-008 2.8196e-008 1.6512e-007
           9 1.3100e-009 1.1834e-009 6.3727e-009 9.7118e-009 3.2459e-010
          10 2.5724e-011 5.6850e-010 1.6476e-009 9.8084e-009 5.2418e-013
          11 1.5811e-009 1.0453e-009 3.5034e-009 1.5410e-009 5.3831e-009
          12 2.2235e-009 4.9382e-009 3.9200e-011 7.0323e-009 7.7235e-009
          13 1.1535e-009 5.0033e-009 1.5817e-009 1.8710e-009 9.4613e-010
          14 2.2577e-010 2.3712e-009 2.5570e-009 2.2856e-012 1.3411e-010
          15 7.6517e-014 5.6824e-010 1.4703e-009 3.4231e-010 2.7062e-010
          16 5.4868e-011 4.3008e-011 4.6894e-010 2.6544e-010 2.8692e-011
          17 9.0008e-011 3.7993e-012 9.5412e-011 8.8167e-011 1.5007e-011
          18 8.2170e-011 2.4450e-011 1.3362e-011 2.0198e-011 6.1144e-011
          19 6.4239e-011 3.2042e-011 5.8381e-013 3.1201e-012 7.8698e-011
          20 4.0711e-011 2.5523e-011 2.1412e-013 1.3977e-013 6.3177e-011
