   v'->v''           0           1           2           3           4           5           6           7           8           9          10          11          12          13          14          15          16          17          18          19          20          21          22
           0 9.9464e-001 5.1483e-003 1.8665e-004 2.3974e-005 1.5568e-006 1.7487e-008 5.5324e-007 2.3109e-007 6.1623e-008 1.4429e-008 7.9143e-010 2.0590e-008 2.8340e-008 1.6091e-008 5.0274e-009 9.2589e-010 8.3207e-011 1.7800e-014 1.5030e-011 2.7000e-011 2.8114e-011 2.1019e-011 9.5416e-012
           1 5.2887e-003 9.8218e-001 1.2153e-002 3.3971e-004 3.5924e-005 3.6490e-006 2.8005e-008 4.8130e-007 2.2454e-007 1.3004e-007 7.3529e-008 5.7417e-009 6.4004e-009 1.4427e-008 8.6119e-009 3.4538e-009 1.5550e-009 1.0043e-009 8.4111e-010 7.4420e-010 6.0571e-010 4.0281e-010 1.7254e-010
           2 2.1983e-005 1.2594e-002 9.6380e-001 2.3016e-002 5.1597e-004 4.4228e-005 8.9531e-006 5.5746e-007 1.8354e-007 1.9797e-007 2.7032e-007 2.0102e-007 5.0042e-008 3.5723e-009 1.9869e-011 2.4302e-011 1.2845e-010 4.4354e-010 9.4569e-010 1.3925e-009 1.5101e-009 1.1798e-009 5.4612e-010
           3 4.1757e-005 4.5939e-007 2.3656e-002 9.3744e-001 3.7941e-002 8.6302e-004 4.1627e-005 1.6765e-005 1.5626e-006 3.9279e-009 1.4825e-007 3.9481e-007 3.0184e-007 1.1693e-007 4.3849e-008 2.0881e-008 9.8101e-009 3.6756e-009 8.7913e-010 4.3600e-011 5.9972e-011 1.7747e-010 1.2160e-010
           4 9.1452e-006 5.5335e-005 1.1469e-004 3.8524e-002 9.0043e-001 5.9183e-002 1.6346e-003 1.8204e-005 2.9114e-005 2.5872e-006 6.6825e-008 3.7172e-009 3.3986e-007 3.8486e-007 1.6824e-007 7.5413e-008 4.8959e-008 3.6205e-008 2.5630e-008 1.6195e-008 8.9986e-009 4.2908e-009 1.4947e-009
           5 2.2325e-007 1.9916e-005 4.4826e-005 5.7034e-004 5.9212e-002 8.4444e-001 9.1835e-002 3.7870e-003 8.3123e-006 6.9946e-005 1.9941e-006 4.7594e-007 8.8291e-008 1.3625e-007 2.1179e-007 1.4848e-007 1.1871e-007 9.9369e-008 7.8187e-008 5.5393e-008 3.5001e-008 1.8924e-008 7.1882e-009
           6 1.0106e-007 2.4240e-006 3.5080e-005 1.5263e-005 1.7748e-003 9.0220e-002 7.4800e-001 1.4730e-001 1.1774e-002 6.0039e-004 2.7907e-004 5.5584e-008 4.8923e-007 4.1452e-007 1.3601e-008 2.6439e-008 9.1320e-008 1.1686e-007 1.0725e-007 8.2815e-008 5.6496e-008 3.2769e-008 1.3038e-008
           7 2.6195e-007 9.1909e-008 9.2622e-006 3.9707e-005 6.4274e-006 4.9000e-003 1.4109e-001 5.5417e-001 2.4381e-001 4.6742e-002 7.5346e-003 1.6843e-003 1.1062e-005 4.5754e-007 7.3905e-007 2.8444e-007 1.2223e-007 1.5599e-008 6.3797e-009 4.0545e-008 5.6302e-008 4.4409e-008 1.9948e-008
           8 2.5015e-007 4.2054e-008 2.1723e-006 1.8927e-005 1.9857e-005 2.6156e-004 1.5034e-002 2.2823e-001 2.3071e-001 3.2537e-001 1.4903e-001 4.3419e-002 7.8127e-003 4.8803e-005 1.8863e-005 1.4537e-007 1.5501e-007 5.2577e-007 4.7801e-007 2.2943e-007 7.1569e-008 1.6143e-008 2.8757e-009
           9 1.8758e-007 1.8160e-007 4.5429e-007 9.1241e-006 2.5399e-005 2.4870e-006 2.0397e-003 5.4706e-002 3.2415e-001 1.4001e-002 2.4659e-001 2.4355e-001 9.9566e-002 1.5311e-002 4.3551e-007 5.1164e-005 1.1444e-005 1.7064e-006 2.3859e-008 1.2172e-007 2.1755e-007 1.6410e-007 6.9944e-008
          10 9.6520e-008 2.3908e-007 9.7395e-009 3.7866e-006 1.8581e-005 1.1038e-005 2.2906e-004 9.7784e-003 1.4151e-001 2.4458e-001 2.9623e-002 1.1129e-001 2.8318e-001 1.5950e-001 1.9816e-002 3.8948e-004 2.1091e-005 3.0232e-005 1.5811e-005 5.7956e-006 1.7312e-006 4.7048e-007 1.1334e-007
          11 2.9930e-008 1.8994e-007 6.3267e-008 1.1452e-006 1.0876e-005 1.9501e-005 1.0135e-005 1.6111e-003 3.7582e-002 2.2167e-001 7.5772e-002 1.0092e-001 2.7300e-002 2.9407e-001 2.2151e-001 1.7084e-002 2.2793e-003 8.7966e-005 2.9501e-006 1.8175e-005 1.5513e-005 8.3618e-006 3.0339e-006
          12 3.5991e-009 1.1303e-007 1.5832e-007 1.8994e-007 5.3825e-006 1.7299e-005 2.6824e-006 2.6807e-004 8.0518e-003 9.9726e-002 1.8817e-001 9.4118e-004 1.1510e-001 4.5209e-004 2.9668e-001 2.7821e-001 6.4051e-003 4.5914e-003 1.1106e-003 1.8983e-004 1.8461e-005 3.4174e-007 1.0917e-007
          13 1.6879e-010 5.7472e-008 1.7012e-007 2.4157e-009 2.2890e-006 1.1942e-005 1.1361e-005 3.7571e-005 1.7141e-003 3.2764e-002 1.5144e-001 7.4078e-002 2.3448e-002 7.5150e-002 6.1226e-003 3.1476e-001 3.1356e-001 2.8603e-005 2.9067e-003 2.1721e-003 9.7370e-004 3.4987e-004 1.0051e-004
          14 2.4813e-009 2.7420e-008 1.3492e-007 2.1000e-008 8.6088e-007 7.1328e-006 1.3296e-005 1.7159e-006 4.1338e-004 9.6066e-003 8.0535e-002 1.1668e-001 3.7985e-003 5.5093e-002 2.7600e-002 1.6177e-002 3.6107e-001 3.1778e-001 6.6772e-003 2.4500e-005 8.1286e-004 7.5438e-004 3.2294e-004
          15 3.8070e-009 1.2936e-008 9.3167e-008 4.7458e-008 2.9573e-007 3.8909e-006 1.0649e-005 7.9942e-007 1.1407e-004 2.8669e-003 3.5808e-002 9.6140e-002 3.2677e-002 1.1312e-002 4.5323e-002 3.7122e-003 1.9912e-002 4.0960e-001 3.2861e-001 9.2137e-003 1.6783e-003 8.1892e-005 9.1031e-007
          16 3.5130e-009 6.1723e-009 5.9464e-008 5.0017e-008 9.6977e-008 2.0235e-006 7.0574e-006 2.7967e-006 3.4643e-005 9.4904e-004 1.5133e-002 6.0332e-002 4.4026e-002 2.9379e-005 2.8110e-002 1.6119e-002 8.1820e-005 2.8965e-002 3.8933e-001 4.0913e-001 1.1105e-003 2.6686e-003 7.7973e-004
          17 2.4955e-009 2.9569e-009 3.5189e-008 3.8189e-008 3.1870e-008 1.0205e-006 4.1406e-006 2.9161e-006 1.1320e-005 3.5494e-004 6.4631e-003 3.3047e-002 3.5459e-002 1.8121e-003 1.2037e-002 1.5620e-002 1.5032e-003 2.3676e-003 6.0906e-002 2.4155e-001 5.7619e-001 7.8366e-003 5.6171e-005
          18 1.6490e-009 1.5404e-009 2.1175e-008 2.6368e-008 1.1958e-008 5.4921e-007 2.4436e-006 2.2646e-006 4.3475e-006 1.5899e-004 3.0983e-003 1.8432e-002 2.4474e-002 3.1843e-003 4.9496e-003 1.0925e-002 2.6202e-003 1.2443e-004 1.2105e-002 9.7710e-002 6.1462e-002 7.3621e-001 1.4435e-002
          19 1.0997e-009 8.8233e-010 1.3395e-008 1.8092e-008 5.2166e-009 3.2171e-007 1.5178e-006 1.6399e-006 1.9598e-006 8.2943e-005 1.6766e-003 1.0978e-002 1.6579e-002 3.2280e-003 2.1919e-003 7.2133e-003 2.5697e-003 9.4670e-006 3.3443e-003 3.7606e-002 6.3414e-002 6.4011e-003 8.1437e-001
          20 6.4084e-010 4.6733e-010 7.5738e-009 1.0736e-008 2.2483e-009 1.7299e-007 8.4656e-007 9.9928e-007 8.7198e-007 4.1525e-005 8.5632e-004 5.9495e-003 9.7121e-003 2.3298e-003 9.2849e-004 4.1037e-003 1.8029e-003 5.8417e-005 1.0350e-003 1.4721e-002 3.5051e-002 1.0205e-002 6.8989e-002
