   v'->v''           0           1           2           3           4           5           6           7           8           9          10          11          12          13          14          15          16          17          18          19          20          21
           0 9.9875e-001 1.2508e-003 9.2965e-007 4.0925e-009 3.8739e-009 1.0935e-008 2.3074e-008 6.5830e-011 1.3664e-009 1.5496e-009 2.2465e-009 8.6291e-011 2.2892e-009 1.7246e-009 1.9056e-010 7.7928e-011 2.9468e-010 2.1793e-010 7.2320e-011 8.6526e-012 6.4650e-015 3.0158e-013
           1 1.2512e-003 9.9533e-001 3.4068e-003 7.0336e-006 1.6980e-007 1.0885e-008 2.6982e-009 2.9115e-008 1.9794e-009 7.1664e-010 3.7948e-009 8.0426e-010 1.3219e-009 2.1392e-009 2.5374e-010 1.4793e-010 4.1120e-010 1.8679e-010 1.1192e-011 1.6207e-011 4.1823e-011 1.4248e-011
           2 1.1358e-006 3.4094e-003 9.8926e-001 7.2926e-003 3.4888e-005 1.1342e-006 1.4045e-009 1.0423e-009 3.0123e-008 7.2051e-009 1.3216e-013 6.9347e-009 1.5586e-010 2.6660e-009 1.5725e-009 1.1260e-012 5.8266e-010 5.3094e-010 1.2704e-010 2.4842e-013 2.0259e-011 1.0155e-011
           3 2.4163e-008 5.2453e-006 7.3125e-003 9.7813e-001 1.4387e-002 1.5835e-004 6.4775e-006 8.0162e-008 5.9533e-009 2.5750e-008 7.8016e-009 6.9611e-010 2.8493e-009 1.1587e-010 6.4444e-010 5.8349e-013 3.0312e-010 1.7323e-010 1.2814e-012 5.7691e-011 9.6429e-011 2.9652e-011
           4 1.3058e-008 1.6762e-007 1.8558e-005 1.4509e-002 9.5665e-001 2.8084e-002 6.9301e-004 4.0388e-005 1.0721e-006 1.4416e-009 1.1797e-007 8.2481e-009 1.7181e-009 2.2178e-009 3.4402e-009 3.7079e-009 3.4075e-011 2.5594e-009 2.8464e-009 1.2769e-009 3.3813e-010 4.1461e-011
           5 2.5104e-008 5.5981e-011 5.4608e-007 5.9208e-005 2.8700e-002 9.1141e-001 5.6553e-002 3.0357e-003 2.3625e-004 6.4112e-006 4.6007e-008 4.6266e-008 2.2475e-009 2.3791e-008 1.8078e-009 2.5439e-009 2.1960e-009 5.5556e-010 2.1841e-010 1.8319e-010 1.3316e-010 3.2530e-011
           6 8.9644e-010 4.7132e-008 2.0458e-008 1.3565e-006 2.2245e-004 5.9210e-002 8.1323e-001 1.1403e-001 1.2088e-002 1.1839e-003 3.4370e-005 3.0343e-007 1.4293e-007 2.3594e-008 4.2243e-010 8.1803e-010 8.6083e-010 3.0326e-009 2.1974e-009 8.0761e-010 1.8891e-010 2.1249e-011
           7 1.4116e-009 7.4201e-011 4.5076e-008 1.2825e-007 4.0032e-006 1.1199e-003 1.2289e-001 6.2624e-001 2.0566e-001 3.9157e-002 4.8013e-003 1.2531e-004 5.3128e-006 2.1199e-007 1.8018e-007 2.1462e-007 9.0583e-010 3.7087e-008 2.2206e-008 3.5346e-009 1.5737e-010 2.7872e-014
           8 2.7775e-009 1.6342e-009 5.0563e-010 4.8871e-008 5.1630e-007 1.3474e-005 6.4895e-003 2.2671e-001 3.7013e-001 2.9354e-001 9.0218e-002 1.2637e-002 2.3161e-004 1.9258e-005 2.3222e-007 1.2368e-007 5.3971e-007 1.0102e-007 1.0121e-010 2.9647e-009 1.5001e-009 2.4143e-010
           9 7.0736e-009 2.2235e-009 6.4110e-010 5.9070e-009 1.9511e-007 1.6512e-006 1.3718e-004 2.8329e-002 3.2101e-001 1.4753e-001 3.2567e-001 1.5294e-001 2.4064e-002 2.8776e-004 4.1852e-005 4.4164e-006 6.9753e-008 5.2252e-007 3.7275e-007 1.2183e-007 3.9058e-008 6.8742e-009
          10 2.2150e-009 6.4331e-009 1.5650e-009 1.3217e-009 1.6521e-008 1.0874e-006 1.4971e-006 1.5842e-003 8.0039e-002 3.2521e-001 2.6840e-002 3.0622e-001 2.2102e-001 3.8751e-002 2.7366e-004 5.5326e-005 1.3952e-005 2.7417e-006 2.7433e-009 1.1352e-007 8.9049e-008 2.0347e-008
          11 2.4206e-011 1.6334e-009 4.6065e-009 3.1857e-009 1.5913e-010 1.9256e-007 1.3644e-006 2.9135e-005 1.0150e-002 1.4921e-001 2.4227e-001 7.3572e-004 2.4952e-001 2.8984e-001 5.7879e-002 2.4001e-004 5.0300e-005 2.4351e-005 1.0169e-005 1.9457e-006 3.5062e-007 4.3877e-008
          12 1.1380e-009 1.3101e-010 1.4556e-009 2.7592e-009 1.5730e-009 7.1890e-010 1.2564e-006 2.1871e-007 6.7094e-004 3.7171e-002 1.9327e-001 1.2582e-001 3.0985e-002 1.7323e-001 3.5508e-001 8.3433e-002 2.5068e-004 2.5618e-005 2.3924e-005 1.6133e-005 6.1245e-006 1.0795e-006
          13 1.2530e-009 1.2942e-009 1.2997e-012 5.6315e-010 1.1380e-008 2.6828e-009 4.2125e-007 5.4402e-007 1.6125e-005 6.1725e-003 8.1479e-002 1.7595e-001 3.4072e-002 7.6099e-002 9.2501e-002 4.1127e-001 1.2196e-001 4.6564e-004 5.8149e-006 7.9394e-006 8.7118e-006 2.0368e-006
          14 5.3960e-010 1.1165e-009 3.9627e-010 1.1169e-013 1.1451e-008 3.4837e-012 7.9975e-008 8.5912e-007 3.9655e-010 7.4667e-004 2.5333e-002 1.1442e-001 1.0394e-001 8.6213e-005 1.0069e-001 2.5198e-002 4.4097e-001 1.8703e-001 1.4493e-003 7.2514e-008 4.5372e-007 4.6098e-007
          15 1.0175e-010 4.0057e-010 3.8867e-010 7.8358e-011 4.6632e-009 2.0834e-009 1.0768e-008 5.8466e-007 1.2709e-009 6.7205e-005 6.8638e-003 5.4353e-002 9.6925e-002 2.6390e-002 1.8487e-002 8.0141e-002 4.4130e-004 4.0496e-001 3.0368e-001 7.6809e-003 5.6665e-007 1.8110e-006
          16 4.1723e-012 7.0074e-011 1.5544e-010 5.7456e-011 1.0047e-009 2.6654e-009 1.0549e-009 2.6394e-007 5.8884e-008 4.3695e-006 1.7596e-003 2.1173e-002 5.5164e-002 3.3776e-002 1.9958e-004 3.8474e-002 2.2132e-002 4.2041e-002 2.2768e-001 5.0432e-001 5.3012e-002 1.0175e-004
          17 1.1880e-013 6.4704e-012 3.1308e-011 1.4079e-011 1.2849e-010 9.6371e-010 7.4325e-011 6.6256e-008 4.3832e-008 2.2449e-007 3.3697e-004 5.0571e-003 1.5627e-002 1.2589e-002 2.4749e-004 8.5701e-003 1.0666e-002 1.7794e-003 5.6163e-002 6.5810e-003 5.1250e-001 3.3400e-001
