   v'->v''           0           1           2           3           4           5           6           7           8           9          10          11          12          13          14          15
           0 9.9894e-001 1.0638e-003 4.5273e-007 3.1415e-008 3.0209e-010 2.6365e-008 1.0215e-008 5.9376e-010 2.2431e-010 1.7252e-009 2.5916e-009 4.1131e-011 4.8021e-010 2.1396e-010 8.3202e-011 4.4641e-011
           1 1.0635e-003 9.9622e-001 2.7134e-003 1.6116e-006 2.3570e-007 3.7928e-008 3.2572e-009 9.3024e-009 8.1517e-009 4.3476e-009 5.3796e-009 9.4800e-009 1.3189e-009 4.2386e-010 6.5275e-011 2.0111e-011
           2 1.0429e-006 2.7092e-003 9.9218e-001 5.1089e-003 2.7608e-007 1.1021e-006 3.9226e-008 1.5817e-008 7.3346e-008 6.4684e-009 7.1324e-009 3.2826e-009 5.0414e-009 1.9487e-009 5.3400e-010 2.4109e-010
           3 7.6302e-009 6.1103e-006 5.0718e-003 9.8697e-001 7.9548e-003 4.4783e-008 1.5508e-007 9.8005e-007 4.4539e-011 1.9488e-007 3.1703e-008 7.7899e-009 2.1633e-009 7.5519e-010 1.4927e-010 5.3815e-011
           4 1.4626e-008 4.9731e-008 3.5078e-005 7.8181e-003 9.7980e-001 1.2335e-002 6.8508e-006 4.4273e-006 1.9724e-006 1.4564e-007 1.1131e-007 1.6935e-008 1.7704e-008 7.6727e-009 2.9156e-009 1.5733e-009
           5 3.6936e-010 3.5497e-009 6.2779e-008 1.0254e-004 1.2058e-002 9.6589e-001 2.1723e-002 1.6760e-004 5.4171e-005 6.6704e-006 2.2338e-007 4.3417e-008 2.8325e-010 1.1431e-010 8.6992e-011 8.0951e-011
           6 5.1480e-009 3.8754e-008 2.4702e-007 1.2106e-006 1.7486e-004 2.1428e-002 9.3066e-001 4.5299e-002 1.9358e-003 4.6506e-004 3.1353e-005 1.0235e-006 5.0907e-008 1.9959e-008 4.9085e-009 1.9636e-009
           7 6.0661e-011 6.8485e-009 4.3716e-008 4.6622e-007 1.5307e-005 2.9220e-004 4.6475e-002 8.1804e-001 1.1493e-001 1.6442e-002 3.6154e-003 1.5701e-004 1.6542e-005 4.6316e-006 4.3828e-007 9.2854e-008
           8 4.1724e-009 7.1109e-009 7.7575e-009 1.4023e-007 1.2594e-007 4.5858e-005 9.9934e-004 1.2653e-001 5.2707e-001 2.4924e-001 7.9133e-002 1.6559e-002 3.5572e-005 3.3415e-005 2.5547e-005 1.4616e-005
           9 3.9380e-009 2.5154e-011 6.6336e-011 5.7375e-009 7.8013e-008 9.5851e-006 8.0599e-005 9.5381e-003 2.9646e-001 1.9212e-001 3.1291e-001 1.6329e-001 1.5000e-002 5.6647e-003 1.2396e-003 4.5515e-004
          10 1.0211e-009 1.6087e-009 9.9580e-010 1.8639e-008 1.2893e-007 7.7463e-007 3.7035e-005 3.2465e-004 5.4913e-002 3.5853e-001 2.8246e-002 3.1329e-001 1.6995e-001 4.9844e-002 4.8977e-003 9.7256e-004
          11 3.9830e-012 1.1136e-009 3.3545e-009 5.2554e-008 7.9629e-008 2.0826e-008 1.5140e-005 2.9633e-005 4.4228e-003 1.4885e-001 2.5036e-001 8.7907e-005 3.4431e-001 5.8809e-002 1.7195e-004 2.0599e-003
          12 1.5132e-010 9.3219e-011 1.7861e-009 4.7505e-008 9.2933e-009 1.8627e-007 2.6173e-006 3.0125e-005 1.3791e-004 3.0448e-002 2.0864e-001 1.0748e-001 3.3183e-002 1.5984e-002 7.1836e-002 4.2888e-002
          13 1.6632e-010 1.3480e-011 8.3158e-011 2.4793e-008 7.2443e-009 1.2107e-007 3.4531e-008 2.1795e-005 5.6851e-006 3.5918e-003 8.5274e-002 1.7720e-001 6.3230e-003 1.0498e-001 1.1328e-001 3.8556e-002
          14 5.7676e-011 7.3065e-012 1.5358e-010 9.1280e-009 3.2626e-008 2.8521e-008 1.3051e-007 8.1656e-006 9.9344e-006 2.3463e-004 2.4282e-002 1.1668e-001 2.5831e-001 7.8738e-002 4.7249e-002 3.3954e-003
          15 5.0783e-012 2.1384e-011 2.6321e-010 2.6933e-009 3.7714e-008 1.1333e-009 1.7739e-007 1.8173e-006 1.4780e-005 5.4656e-006 5.7147e-003 5.6195e-002 9.5241e-005 5.0722e-001 5.7439e-003 3.3405e-003
          16 8.3238e-013 1.1630e-010 1.1264e-010 7.2252e-010 2.7518e-008 1.0300e-009 1.0569e-007 2.4485e-007 1.2004e-005 5.4441e-009 1.2704e-003 2.3781e-002 1.0703e-001 1.0956e-001 3.4832e-001 6.5156e-002
          17 4.2497e-012 1.6712e-010 1.7718e-011 1.9882e-010 1.6129e-008 2.5675e-009 4.9070e-008 1.3996e-008 7.1769e-006 2.0141e-009 3.0113e-004 9.7639e-003 1.4917e-002 3.5771e-002 3.6069e-001 8.9247e-002
          18 4.8517e-012 1.5675e-010 1.4610e-013 6.5988e-011 9.2780e-009 2.4957e-009 2.3380e-008 3.3005e-010 4.0829e-006 3.6279e-008 8.9189e-005 4.4676e-003 8.3901e-003 9.5278e-003 3.1725e-002 5.2917e-001
          19 4.1247e-012 1.2742e-010 2.2151e-012 2.6659e-011 5.6132e-009 1.9756e-009 1.2282e-008 4.1003e-009 2.4257e-006 1.0068e-007 3.2975e-005 2.3210e-003 5.1957e-003 4.4750e-003 2.2696e-003 2.0366e-001
          20 2.7133e-012 8.3263e-011 4.2265e-012 1.1009e-011 3.0676e-009 1.2536e-009 6.0897e-009 4.8070e-009 1.3042e-006 1.0751e-007 1.2756e-005 1.1499e-003 2.8363e-003 2.1788e-003 1.5476e-003 1.4140e-002
