   v'->v''           0           1           2           3           4           5           6           7           8           9          10          11          12          13          14          15          16          17          18          19          20          21
           0 9.9993e-001 7.1770e-005 2.9645e-011 2.1358e-009 2.0407e-010 1.2091e-008 3.3473e-009 7.2894e-010 6.7671e-010 2.3715e-009 6.3777e-010 2.3555e-010 1.0082e-009 5.2859e-010 6.0429e-011 1.7597e-012 8.1078e-012 2.4415e-013 4.8045e-012 1.2979e-011 1.2366e-011 3.2990e-012
           1 7.1866e-005 9.9973e-001 1.9681e-004 8.2041e-008 1.9562e-008 1.6351e-007 3.0401e-009 2.4311e-009 3.6973e-009 6.9875e-010 6.3959e-009 5.3074e-009 8.4770e-013 1.8092e-009 1.1384e-009 4.2485e-011 1.4928e-010 2.6696e-010 1.3809e-010 2.8539e-011 1.1739e-012 3.7959e-014
           2 1.0460e-008 1.9714e-004 9.9942e-001 3.8364e-004 1.3906e-006 1.1744e-006 9.8327e-008 1.2140e-007 3.0007e-008 4.2783e-008 1.6824e-008 7.0088e-009 1.1850e-008 5.7635e-010 8.7867e-010 6.6816e-010 8.0588e-013 2.5966e-010 3.8033e-010 2.2699e-010 8.4180e-011 1.3529e-011
           3 1.1140e-008 1.3789e-009 3.8320e-004 9.9923e-001 3.6230e-004 2.2910e-005 1.1781e-006 1.0502e-006 2.6426e-007 4.6355e-007 5.4998e-010 5.8209e-008 2.6125e-008 5.6122e-010 3.9760e-009 7.7829e-009 5.2038e-009 1.6748e-009 1.8519e-010 8.0249e-012 7.2590e-011 2.7944e-011
           4 1.2631e-008 3.2332e-009 2.3853e-006 3.5908e-004 9.9939e-001 1.9962e-004 3.3467e-005 4.3565e-006 3.1013e-006 1.3162e-006 6.1368e-007 6.9499e-007 6.1479e-008 2.8855e-008 1.0673e-007 7.7010e-008 1.6566e-008 1.6138e-010 8.8578e-009 1.3472e-008 9.8082e-009 2.3341e-009
           5 7.5217e-009 5.0470e-008 8.4650e-007 2.5858e-005 1.9417e-004 9.9932e-001 4.2980e-004 3.3739e-008 1.9524e-005 1.1940e-006 3.5954e-006 1.3830e-006 4.1382e-008 9.2617e-007 7.1255e-007 8.8671e-008 2.8309e-008 1.3943e-007 1.4579e-007 9.1366e-008 4.2323e-008 8.2712e-009
           6 1.1940e-008 4.8137e-008 1.6933e-008 6.7301e-007 3.5712e-005 4.2717e-004 9.9796e-001 1.5575e-003 4.8716e-006 3.2378e-007 7.8184e-006 4.0358e-007 9.3742e-007 1.7224e-006 2.3741e-007 1.4650e-007 5.1913e-007 4.2255e-007 1.9885e-007 6.6185e-008 1.7336e-008 2.3413e-009
           7 1.0882e-009 3.6932e-008 3.1780e-007 1.1797e-006 6.1500e-006 1.6361e-007 1.5614e-003 9.9661e-001 1.8111e-003 9.1853e-006 2.7992e-007 1.1669e-006 1.1853e-006 1.4882e-007 3.9852e-007 6.6518e-007 2.1471e-007 1.0716e-008 1.0531e-008 3.2848e-008 3.0647e-008 8.1051e-009
           8 1.5997e-008 2.7862e-011 1.7905e-009 2.5020e-007 2.9546e-006 1.9377e-005 4.3098e-007 1.8016e-003 9.9612e-001 2.0295e-003 1.7096e-005 2.1382e-007 2.8361e-007 1.1415e-006 1.1872e-006 1.4503e-008 2.7504e-007 4.1638e-007 2.9925e-007 1.6093e-007 6.9829e-008 1.3263e-008
           9 1.3616e-009 1.0905e-008 8.2234e-009 3.4185e-007 9.8324e-007 1.7481e-006 2.9542e-007 2.4203e-005 1.9915e-003 9.9550e-001 2.4364e-003 4.5676e-005 2.0019e-007 9.6969e-009 3.8552e-008 5.4950e-007 3.1515e-007 6.8182e-008 2.2759e-009 7.2814e-009 1.7283e-008 5.9432e-009
          10 1.8297e-009 2.8473e-010 8.5595e-010 2.2326e-008 1.4027e-007 2.3470e-006 7.2406e-006 6.0033e-008 4.0277e-005 2.3704e-003 9.9451e-001 2.9977e-003 6.5152e-005 2.6152e-007 1.4851e-008 4.7200e-009 2.5747e-007 2.6964e-007 1.8357e-007 1.0448e-007 4.5603e-008 8.4220e-009
          11 1.2013e-009 8.6719e-010 3.1883e-010 4.2015e-008 9.1884e-007 2.1933e-006 1.2344e-006 7.6747e-007 3.3564e-008 8.7541e-005 2.8943e-003 9.9361e-001 3.2742e-003 1.2592e-004 2.4805e-006 1.3468e-008 1.3334e-008 2.7919e-008 3.5306e-008 2.4943e-008 1.7891e-008 4.6893e-009
          12 2.8478e-011 1.9124e-011 4.3690e-010 4.8829e-008 1.9382e-007 1.8275e-008 9.8666e-007 1.8617e-006 9.3313e-008 2.0186e-006 1.2151e-004 3.1243e-003 9.9292e-001 3.5984e-003 2.2316e-004 7.4300e-006 8.7539e-008 2.2898e-007 1.6243e-008 5.7384e-010 6.1997e-010 9.4227e-011
          13 5.0231e-010 1.3507e-009 3.4431e-009 2.2301e-009 4.4858e-008 8.9127e-007 1.5073e-006 1.6746e-007 1.6792e-006 1.8059e-008 3.3242e-006 2.0603e-004 3.3894e-003 9.9250e-001 3.5358e-003 3.3903e-004 1.9866e-005 1.0752e-006 3.9159e-008 2.7436e-008 4.2968e-009 5.4687e-010
          14 1.1952e-010 8.7509e-010 2.9229e-009 7.2747e-009 1.6475e-007 6.3386e-007 3.1552e-007 1.3916e-007 8.1011e-007 1.6154e-007 5.7116e-009 1.0781e-005 3.2372e-004 3.2760e-003 9.9269e-001 3.1208e-003 5.1882e-004 5.3763e-005 6.3424e-006 4.4551e-007 4.1449e-008 3.9584e-009
          15 9.9844e-011 2.3004e-013 4.0453e-010 1.1684e-008 7.0699e-008 1.1282e-007 2.2135e-008 5.0074e-007 1.3488e-007 2.0813e-007 7.7981e-008 3.4337e-007 2.4013e-005 4.4196e-004 2.8357e-003 9.9344e-001 2.3504e-003 7.4636e-004 1.2080e-004 2.6855e-005 5.0862e-006 6.2477e-007
          16 6.0186e-010 5.8803e-010 1.3978e-010 4.7913e-009 4.9977e-009 2.6115e-009 3.2682e-007 3.7184e-007 4.3451e-008 4.1350e-007 6.7524e-008 4.7581e-008 7.7144e-007 4.6603e-005 6.0495e-004 2.0889e-003 9.9482e-001 1.1087e-003 9.6484e-004 2.3057e-004 6.2690e-005 9.4420e-006
          17 8.0397e-010 1.1586e-009 7.1489e-010 5.8146e-010 2.6121e-009 7.0813e-008 4.4351e-007 8.8552e-008 3.5039e-007 2.7844e-007 2.4654e-007 1.6504e-011 9.3063e-008 3.8164e-006 9.1529e-005 7.8312e-004 9.6107e-004 9.9646e-001 2.0320e-006 8.4977e-004 3.4620e-004 6.1485e-005
          18 5.9863e-010 1.0001e-009 7.2178e-010 1.6246e-011 9.1639e-009 1.1031e-007 3.0111e-007 5.9542e-011 4.3601e-007 3.7412e-008 3.2300e-007 1.2548e-008 2.8120e-008 6.2355e-007 1.3813e-005 1.6219e-004 9.4020e-004 2.7330e-007 9.9508e-001 2.3780e-003 1.2520e-004 6.2281e-005
          19 3.0955e-010 5.6577e-010 4.0893e-010 2.2871e-010 9.2229e-009 9.3659e-008 1.3352e-007 2.5020e-008 2.8345e-007 5.8607e-009 1.9112e-007 4.7863e-008 3.2295e-008 1.2194e-008 3.0518e-006 3.5205e-005 2.4854e-004 9.3771e-004 2.2704e-003 9.7786e-001 1.6178e-002 6.6184e-004
          20 1.2299e-010 2.4403e-010 1.6633e-010 2.5635e-010 6.1080e-009 5.7213e-008 4.3277e-008 4.2406e-008 1.2935e-007 3.6158e-008 7.2484e-008 4.7907e-008 1.6553e-009 8.1556e-009 5.6287e-007 1.0720e-005 6.2520e-005 3.4525e-004 4.9051e-004 1.7493e-002 9.0244e-001 3.0204e-002
          21 3.7938e-011 8.1459e-011 5.1717e-011 1.4232e-010 2.8180e-009 2.4947e-008 1.0760e-008 2.8725e-008 4.4344e-008 3.1252e-008 2.0590e-008 2.5256e-008 7.9830e-010 6.2639e-009 9.6754e-008 2.9983e-006 1.9845e-005 1.0409e-004 2.6964e-004 5.3835e-007 7.7092e-002 5.1428e-001
