   v'->v''           0           1           2           3           4           5           6           7           8           9
           0 9.6113e-001 3.5923e-002 2.5964e-003 2.9674e-004 4.3436e-005 8.6067e-006 1.6952e-006 3.9540e-007 1.4097e-007 5.6693e-008
           1 3.8868e-002 8.8578e-001 6.7001e-002 7.0365e-003 1.0570e-003 1.9547e-004 4.6418e-005 1.1491e-005 3.1880e-006 1.0855e-006
           2 8.3972e-007 7.8279e-002 8.1042e-001 9.5159e-002 1.2983e-002 2.4073e-003 5.3685e-004 1.4621e-004 4.3020e-005 1.3709e-005
           3 4.5571e-007 1.5868e-005 1.1987e-001 7.3158e-001 1.2199e-001 2.0297e-002 4.4574e-003 1.1675e-003 3.6310e-004 1.2055e-004
           4 1.3746e-010 2.6790e-006 1.0048e-004 1.6543e-001 6.4456e-001 1.4924e-001 2.9425e-002 7.4192e-003 2.2267e-003 7.5536e-004
           5 7.2944e-009 1.9293e-009 1.0791e-005 4.5319e-004 2.1760e-001 5.4300e-001 1.7787e-001 4.1368e-002 1.1640e-002 3.7968e-003
           6 7.8671e-010 6.0158e-009 8.5813e-011 3.6381e-005 1.6443e-003 2.7918e-001 4.1952e-001 2.0585e-001 5.7803e-002 1.7541e-002
           7 2.6772e-009 5.8880e-010 1.6319e-008 1.0749e-008 1.1931e-004 5.2640e-003 3.5106e-001 2.6864e-001 2.2130e-001 7.8134e-002
           8 1.2692e-010 1.5556e-008 7.7161e-010 1.0990e-008 2.8828e-007 3.9773e-004 1.5607e-002 4.2539e-001 1.0218e-001 1.8301e-001
           9 1.0667e-009 2.3044e-010 3.3159e-008 6.4400e-010 4.0444e-010 3.6424e-006 1.4317e-003 4.3861e-002 4.6062e-001 3.8844e-004
          10 1.1586e-010 2.6885e-010 1.7538e-010 5.1607e-008 3.9275e-009 1.0515e-007 3.6833e-005 5.7636e-003 1.1454e-001 3.3030e-001
          11 1.0011e-009 1.0306e-009 2.9992e-010 1.7242e-010 4.1140e-008 1.7725e-008 1.7478e-006 3.5372e-004 2.5442e-002 2.3245e-001
          12 2.7821e-010 1.2147e-009 3.5490e-009 5.8979e-011 6.8380e-010 3.3342e-008 6.0451e-008 2.3714e-005 3.3974e-003 1.0778e-001
          13 2.2912e-012 9.2732e-015 3.5189e-009 9.4075e-009 5.8109e-009 1.6401e-009 5.3009e-008 6.4076e-007 3.9293e-004 3.3974e-002
          14 2.9895e-011 4.3383e-010 3.4682e-011 5.9565e-009 1.1734e-008 1.3724e-008 4.9428e-011 4.9495e-008 3.3227e-005 9.1376e-003
          15 2.2192e-013 2.2140e-010 6.2617e-010 7.3352e-011 2.7532e-009 1.1512e-008 1.9750e-008 3.8560e-009 2.2568e-006 2.0985e-003
          16 4.7604e-011 2.8085e-012 3.6093e-010 5.6409e-010 4.4458e-011 2.2012e-009 1.4162e-008 8.2092e-008 6.3254e-008 4.0829e-004
          17 8.6051e-011 1.9376e-010 9.5332e-013 2.3938e-010 7.4900e-012 5.3666e-010 2.1645e-009 2.5654e-008 1.3815e-007 6.5125e-005
          18 6.3723e-011 3.1602e-010 2.4749e-010 1.8550e-011 2.4246e-010 7.9190e-010 8.7100e-010 3.8579e-010 1.2937e-009 6.4592e-006
          19 2.6943e-011 2.5273e-010 4.2574e-010 2.9324e-010 5.7363e-010 1.1671e-009 1.6505e-009 2.3279e-009 2.8639e-009 1.0240e-007
          20 6.7042e-012 1.3693e-010 3.4095e-010 3.9275e-010 5.5175e-010 1.0111e-009 2.0388e-009 1.6199e-010 1.0965e-008 2.0194e-007
          21 1.0036e-012 5.4256e-011 1.6850e-010 2.4180e-010 2.9888e-010 5.3374e-010 1.3006e-009 1.0429e-010 8.1965e-009 1.4892e-008
          22 3.2900e-014 2.9893e-012 9.9324e-012 1.5120e-011 1.8069e-011 3.2138e-011 8.2462e-011 1.6272e-011 5.1763e-010 2.4550e-010
