   v'->v''           0           1           2           3           4           5           6           7           8           9          10          11          12          13          14          15          16          17          18          19          20          21          22          23          24          25          26          27          28          29          30          31          32          33          34
           0 9.2461e-001 6.8883e-002 5.8375e-003 5.8670e-004 6.9320e-005 9.6137e-006 1.4833e-006 2.7969e-007 5.4563e-008 1.0194e-008 2.7227e-009 8.5008e-010 1.1891e-010 1.8392e-012 2.0799e-012 1.9287e-011 2.2099e-011 5.3587e-012 1.4929e-014 7.3938e-013 1.9399e-015 1.5322e-012 4.2244e-012 4.4334e-012 2.4528e-012 6.3687e-013 8.1996e-015 1.6420e-013 4.3905e-013 5.2248e-013 4.2639e-013 2.7922e-013 1.6658e-013 9.5731e-014 5.2625e-014
           1 7.4699e-002 7.8726e-001 1.2022e-001 1.5385e-002 2.0704e-003 3.0325e-004 5.1493e-005 8.7366e-006 1.8824e-006 4.7075e-007 8.1977e-008 1.6136e-008 1.0104e-008 5.1799e-009 4.4942e-010 8.8293e-011 2.0790e-011 1.9714e-010 5.0547e-010 2.3659e-010 2.0640e-012 8.7262e-011 1.5711e-010 8.8567e-011 1.2268e-011 4.2743e-012 3.3169e-011 5.4268e-011 5.4780e-011 4.2355e-011 2.7280e-011 1.5653e-011 8.6847e-012 4.7950e-012 2.5788e-012
           2 6.8710e-004 1.4190e-001 6.6788e-001 1.5700e-001 2.6984e-002 4.5461e-003 8.0023e-004 1.5650e-004 3.0828e-005 7.3048e-006 1.9120e-006 4.1594e-007 1.0954e-007 5.1958e-008 2.0021e-008 2.6476e-009 5.2457e-011 1.6922e-010 1.0096e-009 1.1926e-009 3.8716e-010 1.8885e-013 1.3735e-010 1.9011e-010 8.0045e-011 3.8596e-012 1.4920e-011 5.2626e-011 6.9922e-011 6.2250e-011 4.3392e-011 2.6013e-011 1.4782e-011 8.2687e-012 4.4788e-012
           3 8.8727e-008 1.9528e-003 2.0237e-001 5.6447e-001 1.8180e-001 3.9347e-002 7.9568e-003 1.6428e-003 3.6050e-004 8.2661e-005 2.1141e-005 5.6290e-006 1.5375e-006 4.9854e-007 1.7708e-007 5.4130e-008 1.5489e-008 6.6347e-009 4.2577e-009 2.3244e-009 7.4161e-010 1.0589e-010 5.7441e-012 4.7045e-012 2.7487e-011 6.5292e-011 8.4739e-011 7.6058e-011 5.3930e-011 3.2654e-011 1.7763e-011 9.1524e-012 4.7645e-012 2.5359e-012 1.3361e-012
           4 3.6715e-009 5.1141e-007 3.6949e-003 2.5674e-001 4.7538e-001 1.9667e-001 5.1492e-002 1.2185e-002 2.8678e-003 7.1225e-004 1.7926e-004 5.0492e-005 1.4955e-005 4.2824e-006 1.4319e-006 5.8675e-007 2.1519e-007 6.1008e-008 1.9766e-008 1.2437e-008 1.0096e-008 5.8948e-009 1.8878e-009 2.2854e-010 1.2534e-013 1.5745e-011 1.1308e-012 1.1522e-011 4.4086e-011 6.2010e-011 5.5273e-011 3.7907e-011 2.3167e-011 1.3485e-011 7.4644e-012
           5 2.8960e-009 3.1149e-009 1.9482e-006 5.8097e-003 3.0551e-001 3.9915e-001 2.0353e-001 6.2739e-002 1.6999e-002 4.5174e-003 1.2346e-003 3.4807e-004 1.0523e-004 3.2953e-005 1.0793e-005 3.9078e-006 1.4864e-006 5.5413e-007 2.1649e-007 9.9044e-008 5.0700e-008 2.4951e-008 1.0892e-008 4.5150e-009 2.0752e-009 1.2181e-009 8.7715e-010 6.7636e-010 5.0413e-010 3.4468e-010 2.1192e-010 1.1966e-010 6.6045e-011 3.6401e-011 1.9565e-011
           6 1.2134e-008 1.6263e-012 9.7638e-009 5.7649e-006 8.1675e-003 3.4930e-001 3.3430e-001 2.0403e-001 7.2552e-002 2.2203e-002 6.5522e-003 1.9786e-003 6.0396e-004 1.9867e-004 6.7643e-005 2.3256e-005 8.8558e-006 3.7171e-006 1.5166e-006 5.9458e-007 2.6199e-007 1.4326e-007 8.5836e-008 4.7984e-008 2.3264e-008 1.0196e-008 4.4308e-009 2.1293e-009 1.1833e-009 7.1638e-010 4.2913e-010 2.4394e-010 1.3615e-010 7.5680e-011 4.0896e-011
           7 1.2940e-008 2.1953e-009 3.0201e-009 1.1255e-008 1.4480e-005 1.0645e-002 3.8868e-001 2.7954e-001 1.9953e-001 8.0641e-002 2.7521e-002 8.9587e-003 2.9437e-003 9.7937e-004 3.4520e-004 1.2536e-004 4.6809e-005 1.8957e-005 8.1621e-006 3.5124e-006 1.5403e-006 7.4358e-007 4.0113e-007 2.2799e-007 1.2660e-007 6.8117e-008 3.6288e-008 1.9829e-008 1.1278e-008 6.5121e-009 3.6598e-009 1.9793e-009 1.0704e-009 5.8407e-010 3.1233e-010
           8 3.1390e-009 3.2453e-009 1.5232e-008 2.6087e-012 1.5917e-008 3.2264e-005 1.3111e-002 4.2417e-001 2.3369e-001 1.9123e-001 8.6813e-002 3.2728e-002 1.1649e-002 4.1504e-003 1.4900e-003 5.6238e-004 2.1830e-004 8.7118e-005 3.7246e-005 1.6835e-005 7.7155e-006 3.6200e-006 1.8197e-006 1.0043e-006 5.8211e-007 3.4161e-007 1.9843e-007 1.1461e-007 6.6309e-008 3.7945e-008 2.0951e-008 1.1159e-008 5.9732e-009 3.2392e-009 1.7261e-009
           9 8.0455e-010 2.3255e-009 2.1584e-008 2.1437e-009 3.5741e-011 1.0618e-008 6.5614e-005 1.5421e-002 4.5632e-001 1.9572e-001 1.8011e-001 9.0969e-002 3.7597e-002 1.4527e-002 5.5962e-003 2.1514e-003 8.6758e-004 3.5983e-004 1.5195e-004 6.8336e-005 3.2838e-005 1.6093e-005 7.9186e-006 4.0995e-006 2.2889e-006 1.3721e-006 8.4704e-007 5.2295e-007 3.1818e-007 1.8742e-007 1.0484e-007 5.6105e-008 3.0079e-008 1.6319e-008 8.6973e-009
          10 3.4091e-009 6.2772e-010 1.4434e-008 3.3046e-009 2.5733e-009 1.7169e-009 2.6641e-009 1.2417e-004 1.7415e-002 4.8559e-001 1.6477e-001 1.6696e-001 9.3161e-002 4.1917e-002 1.7506e-002 7.2366e-003 2.9804e-003 1.2778e-003 5.6182e-004 2.5240e-004 1.2002e-004 6.0361e-005 3.0982e-005 1.6252e-005 8.8391e-006 5.1030e-006 3.0852e-006 1.9086e-006 1.1801e-006 7.0865e-007 4.0269e-007 2.1774e-007 1.1745e-007 6.3941e-008 3.4142e-008
          11 6.2338e-011 5.5695e-010 4.5657e-010 5.0120e-009 5.0001e-009 6.5575e-010 7.9088e-010 1.1004e-008 2.2305e-004 1.8915e-002 5.1244e-001 1.4007e-001 1.5246e-001 9.3443e-002 4.5490e-002 2.0456e-002 9.0252e-003 3.9786e-003 1.8056e-003 8.3826e-004 4.0152e-004 2.0166e-004 1.0507e-004 5.6552e-005 3.1254e-005 1.8000e-005 1.0735e-005 6.5491e-006 4.0154e-006 2.4039e-006 1.3659e-006 7.3917e-007 3.9900e-007 2.1734e-007 1.1609e-007
          12 1.7830e-009 7.2578e-010 5.9502e-009 1.8803e-009 7.6290e-009 1.0403e-009 1.0761e-008 4.0642e-009 1.5605e-007 3.8497e-004 1.9709e-002 5.3730e-001 1.2098e-001 1.3716e-001 9.1939e-002 4.8198e-002 2.3224e-002 1.0916e-002 5.1214e-003 2.4584e-003 1.2080e-003 6.1237e-004 3.2172e-004 1.7582e-004 9.8602e-005 5.7157e-005 3.4054e-005 2.0704e-005 1.2664e-005 7.5767e-006 4.3068e-006 2.3320e-006 1.2594e-006 6.8620e-007 3.6658e-007
          13 1.4801e-010 1.3089e-010 1.8639e-009 3.1490e-010 2.2966e-009 2.5934e-009 1.7355e-008 7.5367e-009 1.0581e-008 7.0928e-007 6.3953e-004 1.9596e-002 5.6049e-001 1.0709e-001 1.2147e-001 8.8820e-002 4.9920e-002 2.5638e-002 1.2849e-002 6.3586e-003 3.2411e-003 1.6882e-003 8.9149e-004 4.9043e-004 2.8037e-004 1.6563e-004 9.9400e-005 6.0254e-005 3.6622e-005 2.1801e-005 1.2358e-005 6.6835e-006 3.6076e-006 1.9653e-006 1.0498e-006
          14 7.7340e-010 3.5762e-010 2.2314e-009 1.2674e-009 3.5264e-010 1.1387e-009 1.8821e-008 1.0177e-008 2.0516e-009 7.1944e-009 2.5460e-006 1.0294e-003 1.8355e-002 5.8219e-001 9.8252e-002 1.0560e-001 8.4344e-002 5.0507e-002 2.7598e-002 1.4666e-002 7.6853e-003 4.1310e-003 2.2555e-003 1.2572e-003 7.1990e-004 4.2808e-004 2.6030e-004 1.5985e-004 9.8000e-005 5.8587e-005 3.3265e-005 1.7998e-005 9.7160e-006 5.2928e-006 2.8273e-006
          15 5.0492e-010 1.1504e-010 9.3163e-010 3.3265e-012 1.8316e-009 1.4295e-011 3.3124e-009 1.1529e-008 1.8233e-010 1.4411e-008 2.6861e-009 7.9317e-006 1.6084e-003 1.5789e-002 6.0228e-001 9.4806e-002 8.9577e-002 7.8766e-002 4.9903e-002 2.8912e-002 1.6246e-002 9.0476e-003 5.0660e-003 2.8974e-003 1.6923e-003 1.0173e-003 6.2234e-004 3.8423e-004 2.3685e-004 1.4228e-004 8.1058e-005 4.3948e-005 2.3753e-005 1.2948e-005 6.9188e-006
          16 6.4558e-011 1.3372e-010 1.7961e-009 7.4551e-010 6.1642e-012 4.6754e-010 2.4489e-009 2.9616e-009 1.0226e-009 9.5867e-009 2.6943e-008 1.0126e-010 2.2074e-005 2.4473e-003 1.1797e-002 6.1992e-001 9.7886e-002 7.3455e-002 7.2059e-002 4.8254e-002 2.9414e-002 1.7470e-002 1.0187e-002 6.0327e-003 3.5943e-003 2.1763e-003 1.3408e-003 8.3692e-004 5.2190e-004 3.1631e-004 1.8123e-004 9.8571e-005 5.3364e-005 2.9115e-005 1.5565e-005
          17 6.2457e-010 2.3497e-010 3.9648e-011 3.1123e-012 1.1824e-009 2.3619e-010 4.1648e-009 8.9945e-010 7.5001e-010 1.3109e-008 1.5495e-008 2.0026e-008 3.1609e-008 5.6758e-005 3.6200e-003 6.6533e-003 6.3281e-001 1.0873e-001 5.7864e-002 6.4455e-002 4.5567e-002 2.9264e-002 1.8101e-002 1.1055e-002 6.8301e-003 4.2695e-003 2.6725e-003 1.6767e-003 1.0478e-003 6.3632e-004 3.6528e-004 1.9896e-004 1.0781e-004 5.8853e-005 3.1473e-005
          18 3.1112e-010 5.6185e-012 1.4612e-009 4.9609e-010 3.6484e-011 4.1795e-010 5.1578e-010 3.3257e-009 2.0227e-011 1.7179e-009 1.8605e-008 2.8823e-009 1.8740e-008 4.9092e-007 1.3995e-004 5.0898e-003 1.8221e-003 6.3740e-001 1.2848e-001 4.2884e-002 5.7078e-002 4.1809e-002 2.8152e-002 1.8270e-002 1.1580e-002 7.4298e-003 4.7694e-003 3.0450e-003 1.9233e-003 1.1760e-003 6.7808e-004 3.7032e-004 2.0097e-004 1.0980e-004 5.8746e-005
          19 6.3120e-013 9.3314e-011 6.9490e-010 2.5782e-010 5.5411e-010 1.4406e-011 2.3474e-009 2.6104e-010 3.5181e-010 2.6169e-009 2.7346e-010 8.3830e-009 5.1475e-011 4.4457e-008 2.3638e-006 3.4345e-004 6.3990e-003 8.2633e-005 6.2792e-001 1.6255e-001 2.7419e-002 5.0107e-002 3.6838e-002 2.6097e-002 1.7528e-002 1.1530e-002 7.5862e-003 4.9511e-003 3.1746e-003 1.9590e-003 1.1356e-003 6.2203e-004 3.3812e-004 1.8490e-004 9.8974e-005
          20 2.1313e-010 1.3154e-010 1.3406e-011 1.1481e-011 4.0086e-010 2.2511e-010 1.3545e-009 1.5727e-009 2.2715e-011 2.0519e-009 6.0731e-009 6.4588e-011 2.9961e-009 1.5238e-009 3.3817e-010 9.6649e-006 8.2373e-004 6.8710e-003 6.2760e-003 5.9139e-001 2.1772e-001 1.2725e-002 4.4386e-002 3.0984e-002 2.2876e-002 1.6045e-002 1.0822e-002 7.2026e-003 4.6851e-003 2.9161e-003 1.6987e-003 9.3313e-004 5.0802e-004 2.7806e-004 1.4891e-004
          21 3.2453e-010 3.2931e-011 5.4848e-010 2.1408e-010 4.0728e-014 4.8439e-011 1.2761e-010 9.5355e-010 1.5024e-010 1.8027e-009 5.3355e-010 1.8708e-009 9.3474e-012 1.0640e-008 7.1639e-010 7.2432e-008 4.6946e-005 1.6776e-003 5.6128e-003 2.8787e-002 5.0883e-001 3.0114e-001 1.3649e-003 4.1793e-002 2.4595e-002 1.8942e-002 1.3599e-002 9.2598e-003 6.1672e-003 3.9084e-003 2.2997e-003 1.2694e-003 6.9274e-004 3.7961e-004 2.0343e-004
          22 1.8802e-010 1.3495e-012 6.4657e-010 1.8102e-010 2.0071e-010 1.6677e-011 1.2111e-009 1.8118e-011 2.6097e-012 1.0945e-010 3.7371e-009 1.4409e-010 1.0508e-010 3.8592e-009 2.1756e-008 5.6160e-008 1.0285e-006 2.1228e-004 2.8913e-003 1.9697e-003 7.7160e-002 3.5963e-001 4.1087e-001 4.9927e-003 4.5173e-002 1.7331e-002 1.4531e-002 1.0449e-002 7.0853e-003 4.5717e-003 2.7242e-003 1.5146e-003 8.2968e-004 4.5558e-004 2.4441e-004
          23 4.7902e-011 2.9180e-011 2.8888e-010 4.2671e-011 2.5677e-010 7.1284e-011 7.9379e-010 5.4225e-010 4.9141e-011 1.1167e-009 6.0263e-010 1.3249e-009 1.4517e-010 1.4671e-009 1.8601e-008 1.6251e-009 3.3949e-008 1.7032e-005 6.8624e-004 3.5026e-003 5.0199e-004 1.4614e-001 1.5714e-001 4.9962e-001 4.9771e-002 6.4524e-002 8.8576e-003 1.0124e-002 7.1370e-003 4.5933e-003 2.7726e-003 1.5578e-003 8.5846e-004 4.7289e-004 2.5412e-004
          24 1.8665e-012 4.2835e-011 5.2196e-011 1.0693e-013 1.2695e-010 5.1132e-011 1.4299e-010 5.1091e-010 6.1692e-011 6.3541e-010 1.5644e-010 5.3927e-010 4.2138e-010 2.4460e-009 8.0070e-010 1.6201e-008 1.0922e-008 1.3045e-006 1.3171e-004 1.5714e-003 1.6354e-003 1.8495e-002 1.7593e-001 7.6444e-003 4.4664e-001 1.6326e-001 1.2864e-001 6.5569e-004 6.5789e-003 4.1170e-003 2.4387e-003 1.3776e-003 7.6269e-004 4.2117e-004 2.2662e-004
          25 2.8076e-012 3.3632e-011 5.8794e-013 8.0919e-012 3.5422e-011 1.8281e-011 9.1215e-014 2.1744e-010 2.7038e-011 1.1638e-010 6.1682e-010 3.9728e-011 2.3130e-010 4.2051e-010 8.8566e-010 2.0314e-008 3.9412e-009 1.4777e-007 2.7205e-005 5.5466e-004 1.7131e-003 9.2534e-004 6.4983e-002 8.5549e-002 6.1156e-002 1.7454e-001 2.6585e-001 2.9054e-001 1.2868e-002 5.3707e-003 2.0650e-003 1.0766e-003 5.9140e-004 3.2612e-004 1.7534e-004
          26 6.6877e-012 1.9461e-011 3.8110e-012 1.2382e-011 6.6089e-012 4.4786e-012 1.9205e-011 6.5072e-011 7.5467e-012 4.3378e-012 5.0070e-010 3.4791e-012 7.1855e-011 4.9544e-015 1.4735e-009 1.0685e-008 1.2185e-009 2.4849e-008 6.9373e-006 1.9697e-004 9.4380e-004 6.3213e-006 1.9993e-002 6.4485e-002 9.7610e-005 1.3343e-001 5.9038e-005 1.3500e-001 4.8264e-001 1.2903e-001 1.1277e-002 1.2418e-003 4.9490e-004 2.5831e-004 1.3641e-004
          27 5.5785e-012 9.6748e-012 5.7601e-012 9.0591e-012 9.9947e-013 9.8818e-013 2.3946e-011 1.8337e-011 1.8944e-012 1.1460e-012 2.6974e-010 1.4349e-011 1.9772e-011 4.3632e-011 9.3479e-010 4.5407e-009 4.0569e-010 5.5716e-009 2.2031e-006 7.5352e-005 4.4349e-004 8.4384e-005 6.5622e-003 3.2798e-002 2.8256e-003 5.2317e-002 1.4738e-002 6.0858e-002 1.6592e-003 3.5922e-001 4.0967e-001 4.4233e-002 1.8295e-003 3.8280e-004 1.5636e-004
          28 4.0541e-012 5.5319e-012 5.0265e-012 6.2100e-012 1.7079e-013 2.8814e-013 1.9652e-011 6.9175e-012 6.3246e-013 3.4676e-012 1.5667e-010 1.4557e-011 7.2241e-012 5.9899e-011 5.7244e-010 2.3154e-009 1.8483e-010 1.9183e-009 9.9475e-007 3.7631e-005 2.4513e-004 8.9938e-005 2.9373e-003 1.8540e-002 3.8217e-003 2.3985e-002 1.7108e-002 2.2501e-002 6.6377e-003 1.1083e-001 7.3332e-002 6.3067e-001 6.7721e-002 9.6248e-003 2.2113e-003
          29 3.7776e-012 4.3883e-012 5.1831e-012 5.5656e-012 2.0359e-014 1.1227e-013 1.9531e-011 3.7566e-012 2.9620e-013 5.4786e-012 1.2426e-010 1.5871e-011 3.7824e-012 7.4877e-011 4.6618e-010 1.6689e-009 1.2396e-010 9.9325e-010 6.6728e-007 2.7157e-005 1.8967e-004 9.8377e-005 1.9321e-003 1.4469e-002 4.6032e-003 1.5536e-002 1.8649e-002 1.0860e-002 1.3970e-002 3.9402e-002 1.0296e-001 2.7058e-003 7.3301e-001 4.7470e-003 7.8285e-003
          30 3.2888e-012 3.3681e-012 4.8374e-012 4.7003e-012 1.6355e-015 3.5240e-014 1.7736e-011 1.9580e-012 1.2621e-013 6.4745e-012 9.4681e-011 1.5184e-011 1.8864e-012 7.8159e-011 3.6066e-010 1.1738e-009 8.2689e-011 5.0629e-010 4.4698e-007 1.9326e-005 1.4263e-004 9.3543e-005 1.2617e-003 1.0910e-002 4.6314e-003 9.7882e-003 1.7281e-002 4.6811e-003 1.5454e-002 1.1646e-002 7.1135e-002 2.7448e-002 1.8689e-002 7.2433e-001 5.3220e-002
          31 2.6116e-012 2.4337e-012 4.0266e-012 3.6483e-012 2.1076e-014 7.7942e-015 1.4470e-011 9.7727e-013 4.8459e-014 6.1986e-012 6.7730e-011 1.2759e-011 8.9612e-013 6.9544e-011 2.6008e-010 7.8835e-010 5.3511e-011 2.5253e-010 2.9096e-007 1.3188e-005 1.0147e-004 7.7995e-005 8.0019e-004 7.7571e-003 3.9972e-003 5.9370e-003 1.3975e-002 1.8187e-003 1.2994e-002 2.7829e-003 4.0945e-002 3.0371e-002 4.4772e-003 1.6264e-001 3.9014e-001
          32 1.8998e-012 1.6562e-012 3.0212e-012 2.6114e-012 3.4871e-014 8.7394e-016 1.0707e-011 4.8134e-013 1.7415e-014 5.0601e-012 4.5648e-011 9.5957e-012 4.1978e-013 5.4291e-011 1.7597e-010 5.0731e-010 3.3595e-011 1.2615e-010 1.8371e-007 8.6178e-006 6.8291e-005 5.8281e-005 4.9398e-004 5.2117e-003 3.0506e-003 3.5111e-003 1.0164e-002 6.6874e-004 9.3935e-003 5.0711e-004 2.2198e-002 2.3002e-002 7.4474e-003 5.0711e-004 4.6022e-001
          33 1.2861e-012 1.0723e-012 2.0858e-012 1.7488e-012 3.5046e-014 2.1562e-020 7.3240e-012 2.4108e-013 6.2024e-015 3.6754e-012 2.9327e-011 6.6234e-012 2.0090e-013 3.8372e-011 1.1325e-010 3.1574e-010 2.0583e-011 6.4488e-011 1.1307e-007 5.4301e-006 4.3889e-005 4.0041e-005 2.9885e-004 3.3434e-003 2.1229e-003 2.0512e-003 6.8417e-003 2.4714e-004 6.2166e-003 5.6800e-005 1.1948e-002 1.4920e-002 6.9054e-003 1.3311e-003 3.3489e-002
