   v'->v''           0           1           2           3           4           5           6           7           8           9          10          11          12          13          14          15          16          17          18          19          20          21          22          23          24          25
           0 5.9529e-003 3.8932e-002 1.1468e-001 2.0218e-001 2.3869e-001 1.9949e-001 1.2158e-001 5.4753e-002 1.8247e-002 4.4609e-003 7.8282e-004 9.4725e-005 7.2832e-006 2.6216e-007 1.4529e-009 2.4244e-008 1.9037e-008 7.2226e-010 5.1952e-009 6.6855e-010 2.7198e-009 1.0489e-010 6.2422e-010 9.5547e-010 4.6868e-010 1.2818e-010
           1 2.1209e-002 9.2333e-002 1.5115e-001 9.9810e-002 8.8146e-003 3.1467e-002 1.4303e-001 1.9702e-001 1.5060e-001 7.3934e-002 2.4437e-002 5.4645e-003 8.0501e-004 7.3110e-005 3.4877e-006 3.4425e-008 1.6892e-008 2.9993e-008 1.1245e-008 1.1290e-009 5.2231e-009 1.1973e-009 6.6676e-010 1.7056e-009 8.4595e-010 2.0900e-010
           2 4.2223e-002 1.1822e-001 8.8577e-002 2.9870e-003 4.9007e-002 1.0663e-001 3.5305e-002 8.4848e-003 1.1450e-001 1.9072e-001 1.4991e-001 6.9397e-002 2.0104e-002 3.6283e-003 3.8458e-004 2.0647e-005 3.4595e-007 4.8168e-009 1.9909e-008 1.6631e-008 4.0646e-010 5.3553e-009 2.3485e-011 1.4120e-009 1.2794e-009 4.2438e-010
           3 6.2371e-002 1.0690e-001 2.2034e-002 2.2594e-002 8.2143e-002 1.6952e-002 2.5962e-002 9.6439e-002 3.5002e-002 1.0915e-002 1.2721e-001 1.9324e-001 1.3353e-001 5.1559e-002 1.1560e-002 1.4357e-003 8.4595e-005 1.4940e-006 2.2256e-009 2.3558e-008 2.7070e-008 1.2096e-009 7.5398e-009 1.9262e-010 8.8845e-010 8.7920e-010
           4 7.6455e-002 7.4619e-002 1.3770e-005 5.8757e-002 3.3706e-002 1.0072e-002 7.1222e-002 1.4816e-002 2.9624e-002 9.1365e-002 1.9329e-002 3.0357e-002 1.6310e-001 1.9013e-001 1.0250e-001 2.9225e-002 4.3145e-003 2.8301e-004 5.3618e-006 6.5144e-010 1.9319e-008 3.5321e-008 1.8557e-009 8.7732e-009 1.0425e-009 8.6734e-012
           5 8.2382e-002 4.0983e-002 1.0937e-002 5.6964e-002 1.0906e-003 4.6796e-002 2.7264e-002 1.3405e-002 6.4945e-002 5.0547e-003 4.7579e-002 7.9977e-002 2.2337e-003 7.7328e-002 2.0304e-001 1.6552e-001 6.2359e-002 1.1254e-002 8.5163e-004 1.8584e-005 2.5243e-008 4.5875e-008 7.2456e-008 6.3089e-011 9.1743e-009 4.1780e-009
           6 8.0504e-002 1.6946e-002 2.8257e-002 3.2429e-002 7.8333e-003 4.5690e-002 4.4190e-005 4.6643e-002 1.4638e-002 2.5218e-002 5.3600e-002 1.1314e-004 7.1966e-002 5.1834e-002 7.4099e-003 1.5200e-001 2.1902e-001 1.1628e-001 2.6958e-002 2.5179e-003 7.0253e-005 2.0900e-007 5.1113e-008 3.7325e-008 1.3972e-011 2.9986e-009
           7 7.2335e-002 4.4323e-003 3.6778e-002 1.0907e-002 2.3878e-002 2.1267e-002 1.1946e-002 3.4819e-002 1.7420e-003 4.5770e-002 3.2069e-003 4.0893e-002 3.2895e-002 1.1809e-002 8.5354e-002 1.4973e-002 5.9397e-002 2.2664e-001 1.9086e-001 6.1956e-002 7.8360e-003 3.0644e-004 2.8345e-006 2.4241e-008 4.9862e-008 1.7607e-010
           8 5.9187e-002 3.1539e-004 3.4256e-002 1.3952e-003 2.8619e-002 4.3022e-003 2.4237e-002 1.0612e-002 1.7701e-002 2.1908e-002 8.1427e-003 3.7568e-002 2.2087e-004 4.9621e-002 1.0950e-002 3.8456e-002 7.1919e-002 4.3656e-004 1.5028e-001 2.6199e-001 1.3819e-001 2.7539e-002 2.1111e-003 5.7353e-005 4.6327e-007 1.2390e-007
           9 4.0457e-002 1.3966e-004 2.3727e-002 3.9743e-005 2.1133e-002 4.7876e-005 2.0728e-002 8.1854e-004 2.0381e-002 3.6276e-003 1.8383e-002 1.0538e-002 1.2988e-002 2.3738e-002 4.2964e-003 4.2777e-002 8.4864e-004 5.6493e-002 4.3382e-002 2.0000e-002 2.2268e-001 2.6673e-001 1.1956e-001 2.4620e-002 1.9250e-003 1.5937e-006
          10 9.8517e-003 1.5897e-004 5.6600e-003 1.5907e-004 5.0337e-003 7.9368e-005 5.0796e-003 1.8897e-006 5.3713e-003 1.1763e-004 5.6099e-003 8.3263e-004 5.3524e-003 2.8597e-003 4.0455e-003 7.1793e-003 1.4976e-003 1.4715e-002 3.7554e-004 2.2060e-002 2.3693e-002 2.7798e-003 1.0037e-001 2.4504e-001 3.1867e-001 2.0851e-001
          11 7.5032e-003 1.5541e-004 4.2762e-003 1.7013e-004 3.7880e-003 1.0848e-004 3.8325e-003 2.0723e-005 4.1014e-003 2.7860e-005 4.3963e-003 4.0402e-004 4.4100e-003 1.6687e-003 3.7059e-003 4.6331e-003 1.9233e-003 1.0411e-002 1.7327e-006 1.8441e-002 1.0944e-002 9.0665e-003 7.8712e-002 7.8561e-002 6.4649e-005 4.2565e-001
          12 5.5345e-003 1.4154e-004 3.1269e-003 1.6519e-004 2.7558e-003 1.2280e-004 2.7905e-003 4.3910e-005 3.0143e-003 1.2471e-006 3.3014e-003 1.7044e-004 3.4518e-003 9.0764e-004 3.1526e-003 2.8225e-003 2.0464e-003 6.9247e-003 2.3768e-004 1.4007e-002 4.1121e-003 1.2822e-002 4.9782e-002 1.3511e-002 4.2733e-002 5.0626e-002
          13 4.0681e-003 1.2100e-004 2.2810e-003 1.4698e-004 2.0004e-003 1.1940e-004 2.0248e-003 5.6209e-005 2.2001e-003 1.7902e-006 2.4461e-003 6.9459e-005 2.6324e-003 5.0125e-004 2.5429e-003 1.7372e-003 1.8890e-003 4.5807e-003 5.0023e-004 1.0160e-002 1.3960e-003 1.2771e-002 2.8969e-002 6.0112e-004 5.2613e-002 5.7722e-003
          14 2.9435e-003 9.7181e-005 1.6405e-003 1.2106e-004 1.4327e-003 1.0372e-004 1.4488e-003 5.6396e-005 1.5800e-003 6.6258e-006 1.7743e-003 2.7956e-005 1.9470e-003 2.8370e-004 1.9516e-003 1.0828e-003 1.5754e-003 3.0216e-003 5.9996e-004 7.1399e-003 4.3224e-004 1.0738e-002 1.6491e-002 4.0414e-004 4.0400e-002 7.6859e-005
          15 2.1916e-003 7.7875e-005 1.2158e-003 9.8622e-005 1.0582e-003 8.7425e-005 1.0690e-003 5.1784e-005 1.1684e-003 9.8042e-006 1.3211e-003 1.1658e-005 1.4692e-003 1.7208e-004 1.5102e-003 7.1418e-004 1.2869e-003 2.0835e-003 5.9880e-004 5.1489e-003 1.2200e-004 8.6556e-003 9.8685e-003 1.6080e-003 2.8253e-002 2.0076e-003
