   v'->v''           0           1           2           3           4           5           6           7           8           9          10          11          12          13          14          15          16          17          18          19          20          21          22          23          24          25
           0 1.1203e-002 6.4227e-002 1.6342e-001 2.4460e-001 2.4024e-001 1.6311e-001 7.8453e-002 2.6896e-002 6.5142e-003 1.0868e-003 1.1866e-004 7.5828e-006 1.8472e-007 5.4988e-009 2.8149e-008 2.0384e-008 1.0129e-009 4.9173e-009 1.5284e-009 2.8239e-009 2.0135e-011 1.5033e-009 1.0566e-009 1.5457e-010 3.2529e-012 3.2782e-011
           1 3.6584e-002 1.2920e-001 1.5584e-001 5.4084e-002 3.2082e-003 1.0443e-001 2.0367e-001 1.8042e-001 9.4098e-002 3.1122e-002 6.5862e-003 8.5994e-004 6.2682e-005 1.9268e-006 1.4795e-009 1.7470e-008 2.3087e-008 9.2281e-009 3.8552e-010 4.8400e-009 2.4714e-010 1.6041e-009 1.4915e-009 1.8001e-010 2.0500e-011 7.4127e-011
           2 6.7171e-002 1.3698e-001 5.1341e-002 7.9426e-003 1.0213e-001 7.6880e-002 2.5222e-005 8.6216e-002 1.9686e-001 1.7038e-001 7.9130e-002 2.1400e-002 3.3241e-003 2.6750e-004 8.1381e-006 5.6057e-009 2.8566e-008 3.0256e-008 1.7566e-008 1.6382e-011 7.1276e-009 1.2476e-010 2.3174e-009 2.0871e-009 4.8588e-010 3.9695e-011
           3 9.2177e-002 9.7771e-002 7.9388e-004 6.8107e-002 5.8991e-002 2.7403e-003 9.0617e-002 6.2858e-002 2.1729e-003 1.1785e-001 2.0558e-001 1.4093e-001 4.9385e-002 9.1137e-003 7.9472e-004 2.1886e-005 4.0539e-010 4.8095e-008 2.5511e-008 2.1471e-008 4.7179e-011 8.3273e-009 3.3659e-010 1.6328e-009 2.0827e-009 8.3319e-010
           4 1.0579e-001 4.8443e-002 1.6173e-002 7.3061e-002 1.2531e-003 6.1589e-002 4.1917e-002 1.1777e-002 9.6995e-002 3.0254e-002 2.7926e-002 1.7687e-001 1.9543e-001 9.0684e-002 1.9861e-002 1.8341e-003 4.0830e-005 1.3700e-007 3.0363e-008 2.7616e-011 4.2135e-009 7.1648e-010 8.5016e-010 2.1387e-011 2.6468e-010 1.4460e-010
           5 1.0772e-001 1.4141e-002 4.6489e-002 3.2620e-002 1.9392e-002 5.6038e-002 1.0882e-003 6.9668e-002 1.4400e-002 4.2783e-002 8.6413e-002 7.4787e-004 1.0539e-001 2.2216e-001 1.4087e-001 3.6565e-002 3.4628e-003 5.0648e-005 1.5139e-006 4.5196e-008 3.9489e-009 2.8116e-008 1.5392e-009 4.5452e-009 3.4978e-009 7.4468e-010
           6 1.5576e-057 4.9604e-059 8.5536e-058 1.5792e-058 6.1396e-058 3.8525e-058 3.4421e-058 7.6021e-058 5.1989e-059 1.1208e-057 1.5124e-058 8.5446e-058 1.5384e-057 1.9852e-059 2.1936e-057 8.4703e-057 2.9637e-056 3.2411e-055 1.6101e-053 4.3833e-051 1.7116e-047 1.4463e-042 4.1632e-037 7.8060e-029 2.8156e-018 2.3548e-005
           7 3.2905e-054 4.8510e-056 1.8830e-054 1.9038e-055 1.4787e-054 5.4580e-055 1.0251e-054 1.2518e-054 3.7405e-055 2.2306e-054 2.4540e-056 2.5047e-054 1.9991e-054 3.5976e-055 6.7654e-054 1.1774e-053 1.7047e-053 9.6354e-053 3.6809e-051 8.4219e-049 2.7420e-045 1.9296e-040 4.7394e-035 6.4933e-027 1.2812e-016 4.7634e-005
           8 8.2328e-042 5.5342e-044 4.8077e-042 2.8368e-043 3.9616e-042 9.5663e-043 3.0622e-042 2.4834e-042 1.5515e-042 5.0378e-042 3.8527e-044 6.9894e-042 2.9080e-042 2.9020e-042 1.7363e-041 1.5734e-041 4.8278e-042 4.4853e-043 2.6973e-045 7.6743e-046 9.8007e-044 6.1192e-039 1.3433e-033 1.4740e-025 1.8936e-015 9.9654e-005
           9 4.4276e-051 1.9353e-053 2.6020e-051 1.1811e-052 2.1798e-051 4.3472e-052 1.7488e-051 1.1962e-051 9.7995e-052 2.5612e-051 7.4087e-053 3.8397e-051 1.1691e-051 2.0852e-051 9.0217e-051 5.8654e-051 1.8511e-052 8.8662e-051 3.9677e-049 7.6121e-047 2.0600e-043 1.2065e-038 2.5297e-033 2.5354e-025 2.7325e-015 6.9847e-005
          10 4.0744e-050 6.7171e-054 2.4276e-050 3.1477e-052 2.1258e-050 1.9399e-051 1.8899e-050 6.9417e-051 1.3689e-050 1.8182e-050 4.2741e-051 3.4769e-050 2.1424e-051 3.5366e-050 6.1484e-050 4.7409e-051 7.1028e-050 9.7513e-049 2.7207e-047 4.3045e-045 9.6631e-042 4.7125e-037 8.4471e-032 6.2139e-024 3.6670e-014 1.0631e-004
          11 2.4083e-048 3.7460e-051 1.4384e-048 4.2845e-052 1.2955e-048 3.5725e-050 1.2396e-048 2.1345e-049 1.0665e-048 7.3162e-049 5.8603e-049 1.7769e-048 7.1263e-051 2.7369e-048 1.9459e-048 3.7307e-049 1.1116e-047 7.2778e-047 1.4524e-045 1.8682e-043 3.4567e-040 1.3993e-035 2.1412e-030 1.1532e-022 3.6944e-013 1.6099e-004
          12 2.6854e-046 2.2022e-048 1.5907e-046 9.5493e-049 1.4527e-046 1.8069e-049 1.4624e-046 8.5505e-048 1.4188e-046 4.6684e-047 1.0707e-046 1.4973e-046 2.6869e-047 3.2080e-046 6.7366e-047 2.4455e-046 1.4367e-045 4.8065e-045 6.1888e-044 6.3070e-042 9.5541e-039 3.2016e-034 4.1783e-029 1.6454e-021 2.8424e-012 2.2290e-004
          13 9.3975e-044 1.8459e-045 5.4669e-044 1.5903e-045 4.9966e-044 4.2614e-046 5.1932e-044 3.2725e-046 5.4827e-044 6.9975e-045 5.0687e-044 3.3755e-044 2.7393e-044 9.8947e-044 7.8686e-046 1.5826e-043 3.6840e-043 4.4943e-043 2.3345e-042 1.7336e-040 2.1364e-037 5.9173e-033 6.5880e-028 1.8989e-020 1.7657e-011 3.0040e-004
          14 4.0015e-030 1.1318e-031 2.2938e-030 1.1511e-031 2.0858e-030 5.7357e-032 2.1920e-030 3.3075e-034 2.4007e-030 1.4052e-031 2.4202e-030 1.0109e-030 1.6807e-030 3.6273e-030 7.1415e-032 7.8183e-030 1.0778e-029 3.8818e-030 3.3013e-031 4.6988e-035 6.8054e-034 3.6132e-032 3.8973e-027 9.3821e-020 6.0913e-011 4.6552e-004
          15 8.8401e-042 3.1489e-043 5.0026e-042 3.4798e-043 4.5202e-042 2.2024e-043 4.7741e-042 3.0745e-044 5.3473e-042 1.3489e-043 5.6897e-042 1.6103e-042 4.5535e-042 6.8952e-042 7.4744e-043 1.8047e-041 1.6068e-041 2.4073e-043 5.0686e-041 4.0778e-039 4.0511e-036 9.2389e-032 8.7633e-027 1.8454e-019 9.1658e-011 4.0004e-004
          16 4.4909e-041 2.4988e-042 2.4502e-041 3.1226e-042 2.1630e-041 2.6697e-042 2.2876e-041 1.3301e-042 2.6630e-041 2.6966e-044 3.1310e-041 2.6181e-042 3.1916e-041 2.1112e-041 1.6863e-041 8.4802e-041 1.6537e-041 8.1770e-041 1.5768e-039 8.1959e-038 6.4925e-035 1.2164e-030 9.8307e-026 1.5140e-018 4.0098e-010 5.2106e-004
          17 1.0587e-039 8.4179e-041 5.5188e-040 1.1268e-040 4.7030e-040 1.1194e-040 4.9101e-040 8.2560e-041 5.8392e-040 2.9812e-041 7.3781e-040 2.8305e-042 8.8754e-040 2.1672e-040 7.8086e-040 1.4626e-039 1.2422e-041 5.1322e-039 4.1807e-038 1.4796e-036 9.2013e-034 1.4102e-029 9.6987e-025 1.0910e-017 1.5313e-009 6.6512e-004
          18 5.1141e-038 5.4614e-039 2.5255e-038 7.6014e-039 2.0519e-038 8.2161e-039 2.0839e-038 7.3173e-039 2.4912e-038 4.6586e-039 3.3113e-038 9.0270e-040 4.4888e-038 2.1238e-039 5.3140e-038 3.9554e-038 2.5185e-038 3.0084e-037 1.1313e-036 2.3931e-035 1.1407e-032 1.4248e-028 8.3368e-024 6.8549e-017 5.0884e-009 8.2961e-004
          19 1.0184e-035 1.3983e-036 4.7222e-036 1.9872e-036 3.6078e-036 2.2562e-036 3.5064e-036 2.2341e-036 4.1454e-036 1.8326e-036 5.6972e-036 9.5429e-037 8.4528e-036 2.0657e-038 1.2212e-035 2.8494e-036 1.2988e-035 4.7879e-035 5.7342e-035 3.8252e-034 1.2815e-031 1.2977e-027 6.4523e-023 3.8748e-016 1.5143e-008 1.0307e-003
          20 3.3371e-024 5.1140e-025 1.4956e-024 7.3067e-025 1.1030e-024 8.4255e-025 1.0421e-024 8.6359e-025 1.2174e-024 7.6515e-025 1.6910e-024 4.9362e-025 2.6020e-024 8.7559e-026 4.0567e-024 4.0940e-025 5.4007e-024 1.2331e-023 5.1245e-024 3.5197e-025 3.5094e-027 8.9905e-027 2.1084e-022 1.0883e-015 3.1077e-008 1.4323e-003
          21 2.2881e-034 3.9047e-035 9.8740e-035 5.5954e-035 6.9875e-035 6.5281e-035 6.3740e-035 6.8793e-035 7.3162e-035 6.4812e-035 1.0236e-034 4.8798e-035 1.6298e-034 1.7855e-035 2.7251e-034 6.1140e-036 4.3346e-034 5.9309e-034 5.6273e-036 4.0323e-033 1.2952e-030 1.0553e-026 4.4555e-022 1.9552e-015 4.0178e-008 1.2597e-003
          22 7.6199e-034 1.5751e-034 3.0318e-034 2.2553e-034 1.9517e-034 2.6634e-034 1.6298e-034 2.9084e-034 1.7736e-034 2.9736e-034 2.4865e-034 2.7106e-034 4.1974e-034 1.8246e-034 7.8979e-034 2.6768e-035 1.6125e-033 6.3653e-034 1.6901e-033 5.7246e-032 1.2069e-029 7.8607e-026 2.8143e-021 9.0186e-015 9.7188e-008 1.5261e-003
          23 9.9241e-033 2.4323e-033 3.6064e-033 3.4557e-033 2.0670e-033 4.0852e-033 1.5269e-033 4.5384e-033 1.5216e-033 4.8672e-033 2.0968e-033 4.9566e-033 3.7330e-033 4.4091e-033 7.8241e-033 2.4751e-033 1.9135e-032 4.4376e-034 5.7924e-032 7.4591e-031 1.0332e-028 5.3257e-025 1.6151e-020 3.7817e-014 2.1388e-007 1.8214e-003
          24 2.7487e-031 7.8536e-032 9.0285e-032 1.1009e-031 4.4814e-032 1.2913e-031 2.7791e-032 1.4396e-031 2.3867e-032 1.5830e-031 3.1352e-032 1.7219e-031 5.9232e-032 1.7883e-031 1.4007e-031 1.5785e-031 4.0187e-031 4.6826e-032 1.9853e-030 1.0564e-029 8.3245e-028 3.3425e-024 8.5705e-020 1.4653e-013 4.3496e-007 2.1601e-003
          25 3.2425e-029 1.0644e-029 9.5226e-030 1.4651e-029 3.9488e-030 1.6928e-029 1.8826e-030 1.8733e-029 1.2218e-030 2.0761e-029 1.4257e-030 2.3422e-029 2.9661e-030 2.6644e-029 8.4375e-030 2.9419e-029 2.9251e-029 2.6666e-029 1.9682e-028 2.8685e-028 6.4692e-027 1.9385e-023 4.1963e-019 5.2417e-013 8.2002e-007 2.5420e-003
          26 1.2609e-017 4.4019e-018 3.4968e-018 5.9984e-018 1.3094e-018 6.8659e-018 5.2288e-019 7.5456e-018 2.6711e-019 8.3525e-018 2.7489e-019 9.5123e-018 6.2692e-019 1.1135e-017 2.0842e-018 1.3161e-017 8.2233e-018 1.4974e-017 6.3137e-017 2.9117e-017 1.2039e-018 1.2694e-019 1.0903e-018 1.1595e-012 1.3404e-006 3.3922e-003
          27 3.8659e-028 1.4405e-028 1.0027e-028 1.9393e-028 3.3013e-029 2.1933e-028 1.0136e-029 2.3866e-028 3.2343e-030 2.6293e-028 2.3899e-030 3.0107e-028 6.9514e-030 3.6076e-028 3.2284e-029 4.5128e-028 1.5880e-028 6.0616e-028 1.4375e-027 3.3488e-030 4.1866e-026 1.0500e-022 1.9123e-018 1.7444e-012 1.4447e-006 2.9629e-003
          28 8.0311e-028 3.3614e-028 1.8155e-028 4.4100e-028 4.4012e-029 4.8547e-028 5.3946e-030 5.1509e-028 1.0310e-031 5.5731e-028 2.1696e-030 6.3641e-028 9.5610e-031 7.8115e-028 3.1675e-030 1.0471e-027 7.7643e-029 1.6836e-027 1.2470e-027 2.9577e-027 2.9873e-025 5.3313e-022 8.1536e-018 5.4333e-012 2.4038e-006 3.4344e-003
          29 6.4482e-027 3.0044e-027 1.2510e-027 3.8290e-027 1.9717e-028 4.0814e-027 1.9020e-032 4.1888e-027 8.2271e-029 4.4003e-027 2.0796e-028 4.9324e-027 2.5403e-028 6.0641e-027 1.6215e-028 8.3930e-027 1.9640e-030 1.4651e-026 1.8797e-027 5.7139e-026 2.0543e-024 2.5412e-021 3.2506e-017 1.5820e-011 3.7807e-006 3.9353e-003
          30 1.0935e-025 5.6270e-026 1.7889e-026 6.9461e-026 1.4437e-027 7.1336e-026 6.6587e-028 7.0267e-026 4.9156e-027 7.0846e-026 9.9567e-027 7.6739e-026 1.3655e-026 9.2566e-026 1.4685e-026 1.2849e-025 1.1580e-026 2.3004e-025 1.2608e-027 1.1415e-024 1.4968e-023 1.1514e-020 1.2258e-016 4.3570e-011 5.7108e-006 4.5012e-003
          31 7.0429e-024 3.9748e-024 9.5166e-025 4.7397e-024 2.0966e-026 4.6673e-024 1.7276e-025 4.3770e-024 6.6529e-025 4.1840e-024 1.2213e-024 4.3055e-024 1.7296e-024 4.9862e-024 2.1613e-024 6.7536e-024 2.5247e-024 1.1905e-023 2.9641e-024 6.0308e-023 1.6881e-022 4.9510e-020 4.3494e-016 1.1293e-010 8.2777e-006 5.0997e-003
          32 4.0322e-013 2.3851e-013 4.8679e-014 2.7888e-013 1.9686e-016 2.6796e-013 1.5831e-014 2.4390e-013 5.1290e-014 2.2530e-013 9.0726e-014 2.2374e-013 1.2903e-013 2.5089e-013 1.6744e-013 3.3126e-013 2.1348e-013 5.7015e-013 3.1787e-013 2.7634e-012 1.2904e-012 1.1628e-014 2.1036e-014 2.2951e-010 1.2482e-005 6.8075e-003
          33 8.9686e-023 5.5176e-023 9.7596e-024 6.3392e-023 3.1935e-027 5.9564e-023 4.8937e-024 5.2725e-023 1.4214e-023 4.7118e-023 2.4452e-023 4.5135e-023 3.4751e-023 4.8879e-023 4.6009e-023 6.2602e-023 6.1467e-023 1.0453e-022 1.0160e-022 4.7563e-022 1.5844e-023 2.0124e-019 1.4676e-015 2.7821e-010 1.1664e-005 5.7524e-003
          34 1.0320e-022 6.8824e-023 8.7688e-024 7.6005e-023 4.5380e-025 6.7812e-023 9.8102e-024 5.6130e-023 2.4105e-023 4.6123e-023 3.9348e-023 4.0054e-023 5.5269e-023 3.9099e-023 7.4475e-023 4.5255e-023 1.0450e-022 6.7928e-023 1.8819e-022 2.4885e-022 1.3217e-021 7.9830e-019 4.7065e-015 6.5161e-010 1.6055e-005 6.4517e-003
          35 5.2578e-022 3.7826e-022 3.3512e-023 4.0058e-022 8.3924e-024 3.3763e-022 7.6122e-023 2.5855e-022 1.6632e-022 1.9127e-022 2.5881e-022 1.4496e-022 3.5562e-022 1.2004e-022 4.7644e-022 1.1533e-022 6.7295e-022 1.3953e-022 1.2060e-021 3.3998e-022 1.2159e-020 3.0632e-018 1.4369e-014 1.4523e-009 2.1659e-005 7.1764e-003
          36 5.6159e-021 4.3390e-021 2.5450e-022 4.3965e-021 1.9388e-022 3.4819e-021 1.1358e-021 2.4362e-021 2.2640e-021 1.5776e-021 3.3625e-021 9.8198e-022 4.4825e-021 6.1078e-022 5.8724e-021 3.8757e-022 8.1237e-021 2.4537e-022 1.3830e-020 9.6749e-023 1.2380e-019 1.1720e-017 4.2089e-014 3.1046e-009 2.8931e-005 7.9662e-003
          37 1.8672e-019 1.5431e-019 5.5778e-021 1.4927e-019 1.1161e-020 1.1045e-019 4.9646e-020 6.9563e-020 9.1586e-020 3.7892e-020 1.2976e-019 1.7339e-020 1.6658e-019 5.7727e-021 2.1050e-019 5.3080e-022 2.7906e-019 1.5703e-021 4.3704e-019 3.4774e-020 2.7678e-018 4.9894e-017 1.1788e-013 6.3452e-009 3.8185e-005 8.7797e-003
          38 1.4172e-005 1.2229e-005 3.0082e-007 1.1452e-005 1.1385e-006 8.0673e-006 4.4125e-006 4.6868e-006 7.7655e-006 2.2007e-006 1.0649e-005 7.2349e-007 1.3275e-005 7.1453e-008 1.6255e-005 1.0475e-007 2.0703e-005 1.1470e-006 3.0150e-005 7.8265e-006 1.3754e-004 5.3596e-005 3.8981e-007 6.3128e-007 5.1539e-005 1.1995e-002
          39 5.1073e-018 4.4984e-018 8.9463e-020 4.1450e-018 4.6678e-019 2.8474e-018 1.7068e-018 1.5847e-018 2.9384e-018 6.8308e-019 3.9643e-018 1.7839e-019 4.8652e-018 1.9893e-021 5.8542e-018 1.1954e-019 7.2863e-018 7.1775e-019 1.0186e-017 3.9212e-018 3.8491e-017 5.4602e-017 3.1832e-013 1.2466e-008 5.0037e-005 9.6288e-003
          40 2.4747e-018 2.3152e-018 2.0731e-020 2.0278e-018 3.1904e-019 1.2844e-018 1.0035e-018 6.1690e-019 1.6202e-018 1.8987e-019 2.0761e-018 1.1070e-020 2.4175e-018 4.4926e-020 2.7336e-018 3.0298e-019 3.1236e-018 9.8287e-019 3.7571e-018 3.6037e-018 6.9349e-018 3.7915e-016 8.2813e-013 2.3626e-008 6.5275e-005 1.0527e-002
          41 7.9703e-018 7.8961e-018 2.0250e-020 6.5594e-018 1.3701e-018 3.8018e-018 3.8124e-018 1.5272e-018 5.7880e-018 2.7404e-019 7.0206e-018 2.2736e-020 7.6939e-018 6.4509e-019 8.0543e-018 2.2595e-018 8.2204e-018 5.7635e-018 8.0478e-018 1.6372e-017 4.7631e-018 1.5168e-015 2.0806e-012 4.3102e-008 8.4416e-005 1.1422e-002
          42 5.4307e-017 5.6815e-017 4.4088e-021 4.4665e-017 1.1940e-017 2.3482e-017 2.9935e-017 7.5518e-018 4.2787e-017 4.5975e-019 4.8931e-017 1.6125e-018 4.9998e-017 9.8973e-018 4.7588e-017 2.6359e-017 4.1767e-017 5.7651e-017 3.0109e-017 1.3332e-016 3.0120e-019 6.6462e-015 5.0921e-012 7.6166e-008 1.0861e-004 1.2350e-002
          43 9.4903e-016 1.0457e-015 1.0065e-018 7.7626e-016 2.5833e-016 3.6654e-016 5.9096e-016 8.8533e-017 7.9540e-016 4.4980e-021 8.5359e-016 7.8801e-017 8.0444e-016 2.9712e-016 6.8019e-016 6.6869e-016 4.8436e-016 1.2922e-015 2.0532e-016 2.4836e-015 1.8709e-016 4.6775e-014 1.2315e-011 1.3054e-007 1.3890e-004 1.3306e-002
          44 1.2595e-004 1.4494e-004 6.0187e-007 1.0213e-004 4.0465e-005 4.3479e-005 8.6053e-005 7.5306e-006 1.0982e-004 9.0270e-007 1.1097e-004 1.8776e-005 9.6375e-005 5.5914e-005 7.1582e-005 1.1251e-004 3.9120e-005 1.9681e-004 5.7741e-006 3.2321e-004 7.7345e-005 1.7895e-003 3.9610e-004 7.6046e-005 1.9563e-004 1.8379e-002
          45 2.2152e-013 2.5647e-013 1.2232e-015 1.7937e-013 7.2759e-014 7.5190e-014 1.5321e-013 1.2317e-014 1.9404e-013 2.0537e-015 1.9433e-013 3.5379e-014 1.6669e-013 1.0262e-013 1.2125e-013 2.0355e-013 6.3234e-014 3.5117e-013 7.0684e-015 5.6394e-013 1.5069e-013 2.5158e-012 1.9529e-011 2.1721e-007 1.7595e-004 1.4241e-002
          46 1.5211e-014 1.8463e-014 2.0532e-016 1.2136e-014 5.9023e-015 4.4549e-015 1.1512e-014 4.1151e-016 1.3701e-014 5.4631e-016 1.2721e-014 3.8883e-015 9.7661e-015 9.4620e-015 5.8272e-015 1.6863e-014 1.7872e-015 2.5998e-014 1.6448e-016 3.4645e-014 1.8648e-014 9.9886e-015 5.9588e-011 3.5135e-007 2.2151e-004 1.5194e-002
          47 2.9827e-014 3.7879e-014 7.4571e-016 2.3346e-014 1.3433e-014 7.3821e-015 2.4377e-014 2.5253e-016 2.7211e-014 2.3558e-015 2.3245e-014 1.0916e-014 1.5628e-014 2.3237e-014 7.0793e-015 3.7531e-014 6.3506e-016 5.1468e-014 4.1484e-015 5.5800e-014 5.1863e-014 1.1386e-014 1.3654e-010 5.5532e-007 2.7692e-004 1.6149e-002
          48 1.2982e-013 1.7216e-013 5.1980e-015 9.9244e-014 6.6846e-014 2.6492e-014 1.1323e-013 4.5860e-017 1.1824e-013 1.7794e-014 9.2076e-014 6.3052e-014 5.2624e-014 1.2007e-013 1.5676e-014 1.7626e-013 3.3904e-016 2.1296e-013 4.9971e-014 1.8095e-013 2.8193e-013 1.8679e-013 3.1582e-010 8.5653e-007 3.4299e-004 1.7051e-002
          49 1.2462e-012 1.7227e-012 7.3049e-014 9.2644e-013 7.2427e-013 2.0353e-013 1.1476e-012 3.7399e-015 1.1178e-012 2.5973e-013 7.8448e-013 7.5983e-013 3.6523e-013 1.3106e-012 5.1221e-014 1.7469e-012 7.3963e-014 1.8326e-012 8.7979e-013 1.1425e-012 3.1004e-012 2.0863e-012 8.2625e-010 1.2973e-006 4.2242e-004 1.7945e-002
          50 2.4529e-010 3.5285e-010 1.9795e-011 1.7655e-010 1.5908e-010 3.0896e-011 2.3616e-010 4.0363e-012 2.1375e-010 7.1347e-011 1.3334e-010 1.7979e-010 4.7380e-011 2.8286e-010 7.6104e-013 3.4099e-010 4.4807e-011 3.0418e-010 2.5896e-010 1.2317e-010 6.5093e-010 3.5294e-010 1.1186e-008 1.9621e-006 5.1665e-004 1.8821e-002
          51 2.3691e-002 3.4280e-002 1.9983e-003 1.6962e-002 1.5608e-002 2.8577e-003 2.2944e-002 4.6029e-004 2.0531e-002 7.2065e-003 1.2562e-002 1.7798e-002 4.2505e-003 2.7624e-002 2.6385e-005 3.2781e-002 4.8888e-003 2.8465e-002 2.6260e-002 1.0612e-002 6.3114e-002 3.3103e-002 4.8721e-001 1.5185e-002 3.0418e-002 3.5838e-003
          52 3.2174e-011 4.8084e-011 3.4190e-012 2.2322e-011 2.3054e-011 2.9782e-012 3.2092e-011 1.3046e-012 2.6878e-011 1.2296e-011 1.4641e-011 2.7377e-011 3.5583e-012 3.9415e-011 2.6748e-013 4.2691e-011 1.1547e-011 3.1420e-011 4.4741e-011 6.3426e-012 8.5185e-011 3.9292e-011 6.5911e-010 2.8061e-006 6.2930e-004 1.9612e-002
          53 3.4068e-011 5.2820e-011 4.6092e-012 2.2682e-011 2.6734e-011 2.1694e-012 3.4909e-011 2.5528e-012 2.6919e-011 1.6351e-011 1.2513e-011 3.2687e-011 1.6784e-012 4.3097e-011 1.8928e-012 4.1542e-011 1.9466e-011 2.4114e-011 5.7035e-011 1.0217e-012 8.4123e-011 4.0768e-011 2.6781e-009 4.0753e-006 7.6142e-004 2.0363e-002
          54 9.3436e-011 1.5008e-010 1.5671e-011 5.9427e-011 7.9659e-011 3.7155e-012 9.7578e-011 1.1125e-011 6.8875e-011 5.4354e-011 2.6498e-011 9.8591e-011 1.1127e-012 1.1891e-010 1.3196e-011 1.0068e-010 7.4944e-011 4.2931e-011 1.7564e-010 8.3961e-013 2.0029e-010 1.2874e-010 6.9456e-009 5.9033e-006 9.1809e-004 2.1071e-002
          55 5.1250e-010 8.5167e-010 1.0429e-010 3.0995e-010 4.7131e-010 1.0869e-011 5.4139e-010 8.8295e-011 3.4743e-010 3.5113e-010 1.0600e-010 5.8183e-010 1.1196e-014 6.4004e-010 1.3317e-010 4.6783e-010 5.2964e-010 1.2937e-010 1.0211e-009 6.3543e-011 8.8016e-010 8.8145e-010 1.9845e-008 8.6999e-006 1.1005e-003 2.1676e-002
          56 1.1252e-008 1.9322e-008 2.7296e-009 6.4399e-009 1.1090e-008 9.3438e-011 1.1938e-008 2.6309e-009 6.9095e-009 8.8656e-009 1.5696e-009 1.3478e-008 1.5751e-010 1.3462e-008 4.5523e-009 8.2918e-009 1.4060e-008 1.1478e-009 2.2590e-008 3.9479e-009 1.4064e-008 2.4005e-008 1.3413e-007 1.5201e-005 1.3081e-003 2.2184e-002
          57 1.9633e-002 3.4264e-002 5.1774e-003 1.0905e-002 1.9996e-002 7.8378e-005 2.0819e-002 5.2619e-003 1.1393e-002 1.6477e-002 2.1510e-003 2.3999e-002 6.0606e-004 2.2770e-002 9.5370e-003 1.2700e-002 2.6487e-002 9.9130e-004 3.8864e-002 9.7913e-003 1.9948e-002 4.5789e-002 9.9091e-002 4.6713e-001 3.1684e-002 1.2602e-004
          58 3.6472e-008 6.4636e-008 1.0390e-008 1.9655e-008 3.8291e-008 4.7515e-011 3.8593e-008 1.1042e-008 1.9956e-008 3.2381e-008 3.0541e-009 4.5275e-008 1.9405e-009 4.0807e-008 2.0705e-008 2.0477e-008 5.2403e-008 6.4437e-010 7.0432e-008 2.3934e-008 2.9257e-008 9.1051e-008 6.1579e-008 9.7058e-006 1.5928e-003 2.2633e-002
          59 1.4418e-008 2.6341e-008 4.7625e-009 7.2786e-009 1.6037e-008 5.3718e-012 1.5115e-008 5.4515e-009 6.9048e-009 1.4173e-008 5.9509e-010 1.8244e-008 1.6737e-009 1.4719e-008 1.0685e-008 5.7271e-009 2.2851e-008 4.0818e-011 2.5605e-008 1.4458e-008 6.1485e-009 3.8881e-008 1.2483e-010 1.8623e-005 1.8891e-003 2.2962e-002
          60 2.3460e-008 4.4139e-008 8.8877e-009 1.1034e-008 2.7508e-008 1.3176e-010 2.4210e-008 1.0767e-008 9.6368e-009 2.5143e-008 3.1272e-010 2.9796e-008 4.7009e-009 2.1292e-008 2.1512e-008 5.9446e-009 3.9579e-008 1.3039e-009 3.6606e-008 3.1769e-008 3.7414e-009 6.2702e-008 1.4978e-009 2.8661e-005 2.2546e-003 2.3141e-002
          61 7.5255e-008 1.4566e-007 3.2387e-008 3.2789e-008 9.2589e-008 1.2854e-009 7.5961e-008 4.0957e-008 2.5906e-008 8.6732e-008 5.4277e-011 9.4515e-008 2.2820e-008 5.9027e-008 8.1866e-008 1.0342e-008 1.3093e-007 1.2763e-008 9.8246e-008 1.2629e-007 1.5391e-009 1.8276e-007 1.1326e-011 4.6267e-005 2.7207e-003 2.3167e-002
          62 5.6979e-007 1.1335e-006 2.7622e-007 2.2856e-007 7.3237e-007 1.9798e-008 5.5901e-007 3.6062e-007 1.5994e-007 6.9745e-007 2.1930e-009 6.9752e-007 2.4005e-007 3.7414e-007 7.1048e-007 3.1260e-008 9.9288e-007 1.9092e-007 5.8882e-007 1.1103e-006 6.7199e-009 1.1518e-006 1.4858e-007 9.8072e-005 3.4249e-003 2.2821e-002
          63 1.4857e-002 3.0317e-002 8.0174e-003 5.4709e-003 1.9840e-002 8.5401e-004 1.4100e-002 1.0701e-002 3.3226e-003 1.9064e-002 3.2185e-004 1.7510e-002 8.1067e-003 7.9438e-003 2.0551e-002 1.5241e-004 2.5266e-002 7.8918e-003 1.1519e-002 3.1813e-002 1.7191e-003 2.3077e-002 1.6416e-002 2.5514e-001 1.6964e-001 7.3789e-002
          64 6.9876e-004 1.4275e-003 3.7879e-004 2.5632e-004 9.3459e-004 4.0946e-005 6.6212e-004 5.0596e-004 1.5461e-004 8.9829e-004 1.5906e-005 8.2195e-004 3.8519e-004 3.6997e-004 9.7043e-004 6.3705e-006 1.1864e-003 3.7758e-004 5.3416e-004 1.5010e-003 8.5569e-005 1.0708e-003 8.0459e-004 1.0237e-002 6.9656e-004 4.6181e-002
          65 2.8531e-006 5.9791e-006 1.7173e-006 9.5052e-007 3.9553e-006 2.5216e-007 2.5951e-006 2.3290e-006 4.7749e-007 3.8116e-006 1.6257e-007 3.1798e-006 1.9649e-006 1.1652e-006 4.3028e-006 5.3034e-009 4.5957e-006 2.1998e-006 1.4793e-006 6.4630e-006 9.4351e-007 2.9805e-006 6.5815e-006 9.4002e-006 3.9119e-003 2.4224e-002
          66 2.3754e-006 5.1028e-006 1.5783e-006 7.1306e-007 3.4015e-006 2.9473e-007 2.0607e-006 2.1594e-006 2.8429e-007 3.2664e-006 2.5175e-007 2.4721e-006 1.9731e-006 7.0593e-007 3.8061e-006 7.7600e-008 3.5338e-006 2.4100e-006 7.3525e-007 5.4595e-006 1.4513e-006 1.4692e-006 7.5481e-006 4.1184e-005 5.1255e-003 2.3559e-002
          67 4.4221e-006 9.7298e-006 3.2258e-006 1.1859e-006 6.5190e-006 7.3155e-007 3.6354e-006 4.4280e-006 3.5008e-007 6.2030e-006 7.4632e-007 4.2339e-006 4.3038e-006 8.8391e-007 7.3799e-006 4.4080e-007 5.9103e-006 5.5610e-006 6.6083e-007 9.9527e-006 4.1320e-006 1.3005e-006 1.5273e-005 7.6901e-005 6.8120e-003 2.2959e-002
          68 1.5889e-005 3.5779e-005 1.2661e-005 3.7710e-006 2.4038e-005 3.3713e-006 1.2298e-005 1.7352e-005 7.3906e-007 2.2542e-005 3.8790e-006 1.3778e-005 1.7684e-005 1.9006e-006 2.7119e-005 3.1712e-006 1.8527e-005 2.3642e-005 7.2555e-007 3.3858e-005 2.0230e-005 1.4110e-006 5.0262e-005 1.3222e-004 1.0294e-002 2.1913e-002
          69 2.2086e-004 5.0852e-004 1.9127e-004 4.5935e-005 3.4183e-004 5.8249e-005 1.5990e-004 2.6063e-004 4.9364e-006 3.1436e-004 7.2926e-005 1.7069e-004 2.7522e-004 1.3035e-005 3.7902e-004 7.2278e-005 2.1774e-004 3.7423e-004 3.7637e-007 4.3129e-004 3.5349e-004 8.1698e-007 5.5927e-004 3.0128e-004 3.0168e-002 1.7564e-002
          70 1.1460e-002 2.6677e-002 1.0332e-002 2.2209e-003 1.7923e-002 3.3403e-003 8.0025e-003 1.4019e-002 1.5429e-004 1.6291e-002 4.3224e-003 8.3036e-003 1.5013e-002 4.1660e-004 1.9603e-002 4.5900e-003 1.0247e-002 2.0481e-002 2.2974e-005 2.1152e-002 2.0110e-002 3.4479e-005 2.4810e-002 1.2186e-003 3.9728e-001 1.6064e-002
          71 3.8025e-004 8.9524e-004 3.5734e-004 6.8144e-005 6.0080e-004 1.2246e-004 2.5507e-004 4.8215e-004 2.4651e-006 5.3872e-004 1.6322e-004 2.5601e-004 5.2278e-004 6.9416e-006 6.4541e-004 1.8389e-004 3.0330e-004 7.1328e-004 6.9250e-006 6.5495e-004 7.2515e-004 1.1518e-005 6.7602e-004 8.7357e-005 2.8823e-004 2.9617e-002
          72 1.0509e-004 2.5264e-004 1.0648e-004 1.6078e-005 1.6895e-004 4.0258e-005 6.4985e-005 1.4182e-004 1.8741e-008 1.4712e-004 5.6057e-005 6.0645e-005 1.5643e-004 9.4839e-008 1.7376e-004 6.8629e-005 6.5300e-005 2.1169e-004 9.5628e-006 1.5453e-004 2.2662e-004 1.5891e-005 1.1783e-004 2.8911e-004 2.9905e-003 2.6399e-002
          73 1.0546e-004 2.5872e-004 1.1482e-004 1.3545e-005 1.7208e-004 4.7301e-005 5.9625e-005 1.5050e-004 3.0976e-007 1.4482e-004 6.7968e-005 5.0929e-005 1.6766e-004 5.9891e-007 1.6730e-004 8.8087e-005 4.8241e-005 2.2281e-004 2.2634e-005 1.2707e-004 2.4765e-004 3.6735e-005 6.4924e-005 5.7969e-004 6.3669e-003 2.6577e-002
          74 1.9495e-004 4.8771e-004 2.2725e-004 2.0647e-005 3.2209e-004 1.0086e-004 9.9998e-005 2.9237e-004 2.8648e-006 2.6084e-004 1.4811e-004 7.6766e-005 3.2681e-004 6.2698e-006 2.9242e-004 1.9938e-004 6.1114e-005 4.2277e-004 7.4122e-005 1.8388e-004 4.8232e-004 1.1702e-004 5.4285e-005 1.2911e-003 1.0848e-002 2.8675e-002
          75 6.5555e-004 1.6704e-003 8.1410e-004 5.6327e-005 1.0938e-003 3.8512e-004 3.0332e-004 1.0261e-003 2.2683e-005 8.4960e-004 5.7345e-004 2.0523e-004 1.1445e-003 5.1022e-005 9.1806e-004 7.9042e-004 1.2871e-004 1.4309e-003 3.7599e-004 4.6137e-004 1.6597e-003 5.7703e-004 5.8490e-005 3.9756e-003 2.0789e-002 3.4935e-002
          76 3.3234e-003 8.5969e-003 4.3446e-003 2.3452e-004 5.5830e-003 2.1567e-003 1.3996e-003 5.3732e-003 1.9200e-004 4.1721e-003 3.2342e-003 8.3251e-004 5.9589e-003 4.3483e-004 4.3430e-003 4.5115e-003 3.8983e-004 7.1958e-003 2.5104e-003 1.7303e-003 8.4151e-003 3.7595e-003 4.9052e-005 1.6037e-002 4.2786e-002 3.9747e-002
          77 3.6548e-003 9.5567e-003 4.9546e-003 2.2026e-004 6.1649e-003 2.5401e-003 1.4306e-003 6.0379e-003 2.8605e-004 4.4701e-003 3.8204e-003 7.6208e-004 6.6541e-003 6.4819e-004 4.5108e-003 5.3550e-003 2.6311e-004 7.8080e-003 3.2734e-003 1.4661e-003 9.1577e-003 4.8135e-003 1.8388e-009 1.3785e-002 1.5544e-002 4.5284e-003
          78 1.2199e-003 3.2378e-003 1.7382e-003 5.7360e-005 2.0672e-003 9.2927e-004 4.2762e-004 2.0720e-003 1.3696e-004 1.4321e-003 1.3994e-003 1.8898e-004 2.2567e-003 3.0940e-004 1.3747e-003 1.9655e-003 3.2311e-005 2.5303e-003 1.3427e-003 3.1206e-004 2.9676e-003 1.9229e-003 3.1025e-005 2.8917e-003 1.0162e-005 2.2436e-003
          79 6.9529e-004 1.8764e-003 1.0470e-003 2.3438e-005 1.1823e-003 5.8460e-004 2.1220e-004 1.2145e-003 1.1022e-004 7.7372e-004 8.7834e-004 7.1052e-005 1.2998e-003 2.4715e-004 6.9455e-004 1.2291e-003 1.1536e-006 1.3727e-003 9.3197e-004 8.8026e-005 1.6006e-003 1.2931e-003 7.6338e-005 7.9251e-004 1.9922e-003 6.0576e-003
          80 6.4060e-004 1.7577e-003 1.0184e-003 1.4319e-005 1.0913e-003 5.9161e-004 1.6738e-004 1.1469e-003 1.3654e-004 6.7040e-004 8.8366e-004 3.7894e-005 1.2005e-003 3.0290e-004 5.5528e-004 1.2247e-003 4.4385e-006 1.1825e-003 1.0128e-003 2.5954e-005 1.3619e-003 1.3583e-003 1.5720e-004 2.5019e-004 5.2349e-003 7.3932e-003
          81 7.9721e-004 2.2226e-003 1.3345e-003 1.0642e-005 1.3582e-003 8.0304e-004 1.7569e-004 1.4571e-003 2.1864e-004 7.7947e-004 1.1888e-003 2.2149e-005 1.4860e-003 4.7875e-004 5.8780e-004 1.6235e-003 3.3451e-005 1.3534e-003 1.4418e-003 1.8425e-006 1.5296e-003 1.8656e-003 3.3548e-004 5.0687e-005 9.1081e-003 7.1424e-003
          82 1.1643e-003 3.2952e-003 2.0456e-003 7.9119e-006 1.9805e-003 1.2692e-003 2.1358e-004 2.1639e-003 3.9564e-004 1.0582e-003 1.8576e-003 9.8435e-006 2.1436e-003 8.5377e-004 7.1690e-004 2.4899e-003 1.1996e-004 1.7917e-003 2.3434e-003 1.1493e-005 1.9745e-003 2.9221e-003 7.2593e-004 1.6962e-006 1.3303e-002 5.2794e-003
          83 1.6218e-003 4.6548e-003 2.9792e-003 4.1694e-006 2.7508e-003 1.8979e-003 2.4471e-004 3.0536e-003 6.6126e-004 1.3655e-003 2.7417e-003 6.7262e-007 2.9318e-003 1.4051e-003 8.1982e-004 3.5963e-003 2.9936e-004 2.2346e-003 3.5485e-003 9.1828e-005 2.3869e-003 4.2610e-003 1.3637e-003 1.0340e-004 1.4941e-002 2.0745e-003
          84 1.7273e-003 5.0241e-003 3.3094e-003 6.6521e-007 2.9177e-003 2.1580e-003 2.1045e-004 3.2851e-003 8.2690e-004 1.3404e-003 3.0721e-003 4.2416e-006 3.0491e-003 1.7283e-003 6.9987e-004 3.9323e-003 4.9104e-004 2.1004e-003 4.0374e-003 2.3694e-004 2.1587e-003 4.6610e-003 1.8469e-003 2.9135e-004 1.0687e-002 5.2365e-005
          85 1.4206e-003 4.1879e-003 2.8388e-003 2.2351e-007 2.3864e-003 1.8919e-003 1.3473e-004 2.7229e-003 7.9051e-004 1.0058e-003 2.6479e-003 2.0999e-005 2.4320e-003 1.6224e-003 4.4154e-004 3.2938e-003 5.7651e-004 1.4891e-003 3.5039e-003 3.5980e-004 1.4558e-003 3.8730e-003 1.8675e-003 4.0243e-004 4.6520e-003 6.3755e-004
          86 1.1036e-003 3.2985e-003 2.3017e-003 2.3714e-006 1.8406e-003 1.5657e-003 7.7178e-005 2.1268e-003 7.0895e-004 7.0339e-004 2.1487e-003 4.2730e-005 1.8174e-003 1.4256e-003 2.4653e-004 2.5848e-003 6.0801e-004 9.6635e-004 2.8390e-003 4.4881e-004 8.8357e-004 2.9879e-003 1.7365e-003 4.3403e-004 1.2713e-003 1.9262e-003
          87 9.2751e-004 2.8108e-003 2.0186e-003 6.1232e-006 1.5333e-003 1.3994e-003 4.4584e-005 1.7924e-003 6.8188e-004 5.2501e-004 1.8784e-003 6.9466e-005 1.4572e-003 1.3408e-003 1.3642e-004 2.1749e-003 6.6430e-004 6.5460e-004 2.4569e-003 5.5024e-004 5.4681e-004 2.4485e-003 1.6989e-003 4.5867e-004 1.2469e-004 2.7218e-003
          88 8.6709e-004 2.6637e-003 1.9674e-003 1.1793e-005 1.4186e-003 1.3874e-003 2.5999e-005 1.6756e-003 7.2221e-004 4.3007e-004 1.8177e-003 1.0667e-004 1.2891e-003 1.3865e-003 7.3913e-005 2.0170e-003 7.7722e-004 4.7347e-004 2.3342e-003 6.9839e-004 3.4918e-004 2.1911e-003 1.7983e-003 5.1323e-004 5.0406e-005 2.9242e-003
          89 8.8330e-004 2.7498e-003 2.0868e-003 2.0422e-005 1.4281e-003 1.4939e-003 1.4193e-005 1.7022e-003 8.2506e-004 3.7866e-004 1.9071e-003 1.6101e-004 1.2331e-003 1.5445e-003 3.5125e-005 2.0203e-003 9.5932e-004 3.5519e-004 2.3860e-003 9.1417e-004 2.1888e-004 2.0983e-003 2.0207e-003 6.1305e-004 4.5022e-004 2.6419e-003
          90 9.4390e-004 2.9766e-003 2.3184e-003 3.3113e-005 1.5060e-003 1.6819e-003 6.1036e-006 1.8093e-003 9.7922e-004 3.4464e-004 2.0887e-003 2.3751e-004 1.2280e-003 1.7855e-003 1.0779e-005 2.1046e-003 1.2087e-003 2.6223e-004 2.5278e-003 1.2023e-003 1.2205e-004 2.0711e-003 2.3260e-003 7.6335e-004 1.0301e-003 1.9941e-003
          91 1.0110e-003 3.2280e-003 2.5777e-003 4.9937e-005 1.5900e-003 1.8918e-003 1.1893e-006 1.9228e-003 1.1547e-003 3.0927e-004 2.2825e-003 3.3363e-004 1.2166e-003 2.0489e-003 2.2475e-007 2.1797e-003 1.4921e-003 1.7734e-004 2.6540e-003 1.5316e-003 4.9590e-005 2.0133e-003 2.6272e-003 9.5135e-004 1.5689e-003 1.1652e-003
          92 1.0411e-003 3.3647e-003 2.7520e-003 6.8754e-005 1.6119e-003 2.0400e-003 1.4134e-007 1.9601e-003 1.2993e-003 2.6160e-004 2.3882e-003 4.3388e-004 1.1495e-003 2.2414e-003 6.0708e-006 2.1531e-003 1.7381e-003 9.9877e-005 2.6503e-003 1.8257e-003 7.3685e-006 1.8476e-003 2.7996e-003 1.1383e-003 1.8694e-003 4.3405e-004
          93 1.0117e-003 3.3086e-003 2.7697e-003 8.6105e-005 1.5401e-003 2.0711e-003 3.3703e-006 1.8810e-003 1.3711e-003 2.0356e-004 2.3489e-003 5.1769e-004 1.0156e-003 2.2969e-003 2.8319e-005 1.9904e-003 1.8816e-003 4.0317e-005 2.4705e-003 2.0095e-003 2.7912e-006 1.5677e-003 2.7675e-003 1.2807e-003 1.8513e-003 4.5730e-005
          94 9.3941e-004 3.1080e-003 2.6614e-003 1.0029e-004 1.4039e-003 2.0051e-003 1.0197e-005 1.7206e-003 1.3755e-003 1.4631e-004 2.1995e-003 5.7761e-004 8.4822e-004 2.2345e-003 6.2673e-005 1.7425e-003 1.9217e-003 7.3137e-006 2.1756e-003 2.0758e-003 3.3425e-005 1.2411e-003 2.5726e-003 1.3679e-003 1.6071e-003 3.5313e-005
          95 8.5792e-004 2.8713e-003 2.5139e-003 1.1249e-004 1.2568e-003 1.9061e-003 1.9612e-005 1.5441e-003 1.3511e-003 9.8856e-005 2.0184e-003 6.2292e-004 6.8825e-004 2.1254e-003 1.0473e-004 1.4860e-003 1.9089e-003 5.0825e-007 1.8620e-003 2.0766e-003 8.9990e-005 9.3942e-004 2.3159e-003 1.4229e-003 1.2937e-003 2.5944e-004
          96 7.9055e-004 2.6761e-003 2.3946e-003 1.2514e-004 1.1335e-003 1.8254e-003 3.1221e-005 1.3945e-003 1.3336e-003 6.3317e-005 1.8624e-003 6.6787e-004 5.5562e-004 2.0282e-003 1.5330e-004 1.2654e-003 1.8937e-003 1.4982e-005 1.5876e-003 2.0669e-003 1.6549e-004 6.9350e-004 2.0717e-003 1.4738e-003 1.0147e-003 5.5701e-004
          97 7.4523e-004 2.5512e-003 2.3321e-003 1.4033e-004 1.0441e-003 1.7854e-003 4.5355e-005 1.2850e-003 1.3412e-003 3.7880e-005 1.7517e-003 7.2310e-004 4.5158e-004 1.9690e-003 2.1001e-004 1.0902e-003 1.9035e-003 4.7003e-005 1.3660e-003 2.0774e-003 2.5831e-004 5.0215e-004 1.8671e-003 1.5368e-003 8.0571e-004 8.2861e-004
          98 7.2061e-004 2.4943e-003 2.3282e-003 1.5937e-004 9.8491e-004 1.7883e-003 6.2694e-005 1.2114e-003 1.3783e-003 2.0099e-005 1.6841e-003 7.9376e-004 3.6966e-004 1.9503e-003 2.7736e-004 9.5204e-004 1.9451e-003 9.5496e-005 1.1881e-003 2.1161e-003 3.6993e-004 3.5336e-004 1.7000e-003 1.6146e-003 6.6648e-004 1.0287e-003
          99 7.1108e-004 2.4882e-003 2.3703e-003 1.8256e-004 9.4671e-004 1.8249e-003 8.3800e-005 1.1625e-003 1.4399e-003 8.2924e-006 1.6466e-003 8.7971e-004 3.0240e-004 1.9609e-003 3.5687e-004 8.3770e-004 2.0109e-003 1.6076e-004 1.0382e-003 2.1746e-003 5.0138e-004 2.3602e-004 1.5555e-003 1.6983e-003 5.8538e-004 1.1406e-003
         100 7.0907e-004 2.5077e-003 2.4365e-003 2.0908e-004 9.1829e-004 1.8785e-003 1.0864e-004 1.1245e-003 1.5143e-003 1.6864e-006 1.6214e-003 9.7545e-004 2.4402e-004 1.9821e-003 4.4738e-004 7.3491e-004 2.0837e-003 2.4227e-004 9.0165e-004 2.2342e-003 6.4980e-004 1.4350e-004 1.4163e-003 1.7701e-003 5.4991e-004 1.1625e-003
         101 7.0786e-004 2.5295e-003 2.5051e-003 2.3740e-004 8.9052e-004 1.9325e-003 1.3653e-004 1.0863e-003 1.5884e-003 7.6557e-008 1.5932e-003 1.0730e-003 1.9149e-004 1.9960e-003 5.4527e-004 6.3609e-004 2.1449e-003 3.3758e-004 7.6978e-004 2.2749e-003 8.0831e-004 7.3701e-005 1.2710e-003 1.8119e-003 5.5018e-004 1.1060e-003
         102 7.0307e-004 2.5379e-003 2.5605e-003 2.6599e-004 8.5801e-004 1.9747e-003 1.6650e-004 1.0416e-003 1.6521e-003 3.4005e-006 1.5526e-003 1.1650e-003 1.4405e-004 1.9905e-003 6.4598e-004 5.3863e-004 2.1812e-003 4.4274e-004 6.4018e-004 2.2833e-003 9.6833e-004 2.6745e-005 1.1159e-003 1.8115e-003 5.7880e-004 9.9342e-004
         103 6.9048e-004 2.5173e-003 2.5861e-003 2.9268e-004 8.1615e-004 1.9924e-003 1.9689e-004 9.8492e-004 1.6941e-003 1.1466e-005 1.4912e-003 1.2423e-003 1.0185e-004 1.9540e-003 7.4273e-004 4.4191e-004 2.1787e-003 5.5142e-004 5.1302e-004 2.2461e-003 1.1180e-003 3.1055e-006 9.5056e-004 1.7593e-003 6.2763e-004 8.4850e-004
         104 6.6692e-004 2.4553e-003 2.5674e-003 3.1485e-004 7.6227e-004 1.9745e-003 2.2533e-004 9.1341e-004 1.7038e-003 2.3661e-005 1.4038e-003 1.2949e-003 6.5936e-005 1.8783e-003 8.2685e-004 3.4794e-004 2.1269e-003 6.5459e-004 3.9171e-004 2.1545e-003 1.2427e-003 2.4634e-006 7.7940e-004 1.6515e-003 6.8634e-004 6.9393e-004
         105 6.3572e-004 2.3630e-003 2.5138e-003 3.3238e-004 7.0149e-004 1.9286e-003 2.5098e-004 8.3368e-004 1.6867e-003 3.9048e-005 1.3000e-003 1.3244e-003 3.7863e-005 1.7742e-003 8.9604e-004 2.6249e-004 2.0366e-003 7.4746e-004 2.8376e-004 2.0226e-003 1.3385e-003 2.2378e-005 6.1541e-004 1.5046e-003 7.4751e-004 5.5246e-004
         106 6.0418e-004 2.2670e-003 2.4526e-003 3.4812e-004 6.4255e-004 1.8758e-003 2.7546e-004 7.5645e-004 1.6606e-003 5.7053e-005 1.1963e-003 1.3436e-003 1.8078e-005 1.6638e-003 9.5671e-004 1.9017e-004 1.9329e-003 8.3326e-004 1.9456e-004 1.8777e-003 1.4148e-003 5.9203e-005 4.7047e-004 1.3445e-003 8.0908e-004 4.3829e-004
         107 5.7451e-004 2.1757e-003 2.3930e-003 3.6323e-004 5.8780e-004 1.8233e-003 2.9950e-004 6.8459e-004 1.6320e-003 7.7304e-005 1.0977e-003 1.3574e-003 5.8812e-006 1.5546e-003 1.0117e-003 1.3109e-004 1.8249e-003 9.1337e-004 1.2403e-004 1.7297e-003 1.4759e-003 1.0961e-004 3.4688e-004 1.1827e-003 8.6579e-004 3.5235e-004
         108 5.4753e-004 2.0925e-003 2.3389e-003 3.7828e-004 5.3795e-004 1.7743e-003 3.2345e-004 6.1899e-004 1.6040e-003 9.9457e-005 1.0059e-003 1.3682e-003 4.5895e-007 1.4497e-003 1.0622e-003 8.4556e-005 1.7170e-003 9.8821e-004 7.1068e-005 1.5840e-003 1.5240e-003 1.7054e-004 2.4471e-004 1.0260e-003 9.1179e-004 2.9139e-004
         109 5.2708e-004 2.0325e-003 2.3078e-003 3.9635e-004 4.9640e-004 1.7420e-003 3.4998e-004 5.6351e-004 1.5888e-003 1.2413e-004 9.2778e-004 1.3871e-003 9.9537e-007 1.3599e-003 1.1169e-003 4.9771e-005 1.6227e-003 1.0655e-003 3.4250e-005 1.4531e-003 1.5717e-003 2.4107e-004 1.6394e-004 8.8482e-004 9.4887e-004 2.5243e-004
         110 5.1172e-004 1.9906e-003 2.2953e-003 4.1735e-004 4.6108e-004 1.7230e-003 3.7921e-004 5.1560e-004 1.5839e-003 1.5150e-004 8.5992e-004 1.4127e-003 6.8885e-006 1.2811e-003 1.1755e-003 2.4933e-005 1.5380e-003 1.1452e-003 1.1330e-005 1.3329e-003 1.6181e-003 3.2029e-004 1.0132e-004 7.5687e-004 9.7247e-004 2.2995e-004
         111 4.9880e-004 1.9572e-003 2.2908e-003 4.3971e-004 4.2918e-004 1.7093e-003 4.0981e-004 4.7203e-004 1.5821e-003 1.8105e-004 7.9730e-004 1.4391e-003 1.7716e-005 1.2066e-003 1.2334e-003 8.9213e-006 1.4556e-003 1.2227e-003 9.0294e-007 1.2172e-003 1.6568e-003 4.0581e-004 5.4691e-005 6.3904e-004 9.7613e-004 2.1927e-004
         112 4.8934e-004 1.9364e-003 2.2999e-003 4.6477e-004 4.0129e-004 1.7048e-003 4.4309e-004 4.3334e-004 1.5874e-003 2.1336e-004 7.4122e-004 1.4701e-003 3.3241e-005 1.1391e-003 1.2940e-003 1.0596e-006 1.3790e-003 1.3014e-003 1.9723e-006 1.1087e-003 1.6925e-003 4.9769e-004 2.2989e-005 5.3324e-004 9.6176e-004 2.1821e-004
         113 4.8003e-004 1.9153e-003 2.3076e-003 4.8978e-004 3.7441e-004 1.6985e-003 4.7648e-004 3.9624e-004 1.5897e-003 2.4721e-004 6.8632e-004 1.4968e-003 5.3071e-005 1.0707e-003 1.3495e-003 7.9742e-007 1.2990e-003 1.3734e-003 1.3722e-005 1.0003e-003 1.7149e-003 5.9196e-004 5.0147e-006 4.3600e-004 9.2421e-004 2.2318e-004
         114 4.7030e-004 1.8918e-003 2.3113e-003 5.1402e-004 3.4819e-004 1.6885e-003 5.0918e-004 3.6043e-004 1.5872e-003 2.8195e-004 6.3218e-004 1.5171e-003 7.6695e-005 1.0009e-003 1.3979e-003 7.6764e-006 1.2155e-003 1.4361e-003 3.5233e-005 8.9259e-004 1.7223e-003 6.8574e-004 6.5201e-008 3.4811e-004 8.6544e-004 2.3192e-004
         115 4.5962e-004 1.8637e-003 2.3081e-003 5.3672e-004 3.2229e-004 1.6728e-003 5.4033e-004 3.2561e-004 1.5780e-003 3.1684e-004 5.7839e-004 1.5293e-003 1.0352e-004 9.2913e-004 1.4371e-003 2.1126e-005 1.1281e-003 1.4873e-003 6.5403e-005 7.8610e-004 1.7131e-003 7.7615e-004 7.1703e-006 2.6993e-004 7.8884e-004 2.4219e-004
         116 4.4545e-004 1.8203e-003 2.2845e-003 5.5433e-004 2.9519e-004 1.6420e-003 5.6617e-004 2.9041e-004 1.5532e-003 3.4924e-004 5.2254e-004 1.5244e-003 1.3209e-004 8.5161e-004 1.4580e-003 4.0169e-005 1.0324e-003 1.5174e-003 1.0226e-004 6.7887e-004 1.6783e-003 8.5580e-004 2.4918e-005 2.0104e-004 6.9598e-004 2.5055e-004
         117 4.2838e-004 1.7640e-003 2.2425e-003 5.6664e-004 2.6773e-004 1.5978e-003 5.8623e-004 2.5585e-004 1.5145e-003 3.7823e-004 4.6642e-004 1.5036e-003 1.6120e-004 7.7117e-004 1.4611e-003 6.3526e-005 9.3221e-004 1.5266e-003 1.4360e-004 5.7481e-004 1.6211e-003 9.2189e-004 5.1273e-005 1.4281e-004 5.9489e-004 2.5524e-004
         118 4.0393e-004 1.6756e-003 2.1567e-003 5.6628e-004 2.3771e-004 1.5230e-003 5.9255e-004 2.2012e-004 1.4456e-003 3.9779e-004 4.0666e-004 1.4500e-003 1.8711e-004 6.8205e-004 1.4292e-003 8.8441e-005 8.2112e-004 1.4968e-003 1.8443e-004 4.7154e-004 1.5261e-003 9.5990e-004 8.2528e-005 9.4714e-005 4.8730e-004 2.5174e-004
         119 3.6872e-004 1.5402e-003 2.0059e-003 5.4570e-004 2.0427e-004 1.4038e-003 5.7664e-004 1.8296e-004 1.3335e-003 4.0071e-004 3.4256e-004 1.3497e-003 2.0440e-004 5.8264e-004 1.3468e-003 1.1026e-004 6.9780e-004 1.4119e-003 2.1697e-004 3.7095e-004 1.3833e-003 9.5393e-004 1.1240e-004 5.7440e-005 3.7921e-004 2.3655e-004
