   v'->v''           0           1           2           3           4           5           6           7           8           9          10          11          12          13          14          15          16          17          18          19          20          21          22          23          24          25          26          27          28          29          30
           0 9.8538e-001 1.4576e-002 4.7562e-005 1.3999e-008 7.5949e-010 1.6489e-008 4.7809e-008 5.1922e-009 1.4529e-010 5.6593e-009 1.7605e-009 6.2292e-009 1.0137e-011 2.0826e-009 4.3021e-010 4.2978e-010 8.1142e-010 2.5912e-011 4.3154e-010 8.5961e-010 3.9788e-010 8.3818e-012 1.3706e-010 3.6182e-010 3.6864e-010 2.2906e-010 9.2568e-011 2.2395e-011 1.9226e-012 6.7064e-014 1.3621e-013
           1 1.4399e-002 9.5310e-001 3.2298e-002 1.9765e-004 5.0266e-007 1.5370e-010 7.1066e-009 2.3916e-008 1.1538e-008 6.2682e-009 2.6445e-009 5.9271e-009 1.5868e-009 9.4387e-010 1.9981e-010 9.7668e-010 1.0433e-009 1.4475e-011 1.1181e-009 1.1887e-009 2.3197e-010 3.3599e-011 2.8792e-010 2.8813e-010 1.0754e-010 6.0466e-012 1.3517e-011 4.8346e-011 5.9154e-011 4.2873e-011 8.5714e-012
           2 2.2155e-004 3.1504e-002 9.1348e-001 5.4257e-002 5.3666e-004 2.4058e-006 7.7884e-009 5.4521e-009 2.3551e-008 2.3725e-008 1.2166e-008 1.3985e-009 7.8515e-009 7.9930e-011 2.2038e-009 5.5368e-011 2.9306e-009 8.9269e-010 4.3770e-010 1.8892e-009 8.7931e-010 7.0864e-012 2.4652e-010 3.5343e-010 1.2920e-010 1.1753e-012 5.0063e-011 1.2686e-010 1.4109e-010 9.7857e-011 1.9214e-011
           3 4.1731e-006 7.9279e-004 5.2147e-002 8.6500e-001 8.0806e-002 1.2379e-003 9.1929e-006 8.4384e-008 2.2758e-009 2.0602e-008 2.9101e-008 1.6475e-008 7.7301e-012 6.9031e-009 1.0303e-009 2.7970e-009 8.4214e-010 3.5651e-009 2.1138e-010 1.0699e-009 1.3819e-009 1.3649e-010 1.7464e-010 4.6193e-010 2.2334e-010 7.8825e-012 5.9590e-011 1.8185e-010 2.1414e-010 1.5211e-010 3.0125e-011
           4 2.5236e-008 2.3563e-005 1.9464e-003 7.6361e-002 8.0618e-001 1.1285e-001 2.6155e-003 3.1219e-005 4.8329e-007 1.3793e-009 1.1728e-009 2.0004e-009 3.1759e-009 1.0382e-009 8.9186e-012 1.0828e-009 3.9697e-011 5.0105e-010 8.1763e-013 1.5482e-010 1.1230e-011 9.9795e-011 1.6155e-010 3.0121e-011 1.5289e-011 9.9728e-011 1.3671e-010 1.0910e-010 6.4409e-011 3.0043e-011 4.8976e-012
           5 1.0952e-008 6.3965e-007 7.7567e-005 3.9622e-003 1.0466e-001 7.3482e-001 1.5115e-001 5.2337e-003 9.5796e-005 1.8063e-006 1.6015e-009 1.4829e-008 2.1112e-008 2.3235e-008 3.3911e-009 1.7473e-009 6.3331e-009 6.8436e-010 2.5171e-009 8.0546e-010 6.4384e-010 1.3221e-009 6.9284e-011 4.5378e-010 9.7511e-010 5.7796e-010 1.1166e-010 4.6441e-013 4.4987e-011 6.0837e-011 1.4662e-011
           6 1.7794e-066 3.4075e-063 1.4494e-061 9.1323e-060 2.8262e-058 4.4358e-057 7.4821e-057 1.8664e-056 7.3882e-056 7.7610e-055 2.2234e-053 6.1958e-052 2.9457e-050 2.6447e-048 4.0710e-046 4.4540e-044 8.4851e-042 4.6047e-039 1.7202e-036 1.6193e-033 8.0970e-031 1.2853e-027 1.8760e-024 4.1188e-021 7.7886e-018 7.6313e-014 5.8679e-010 1.2478e-006 7.6159e-004 8.7423e-002 3.4751e-001
           7 3.5324e-062 4.7503e-060 1.6895e-058 1.0483e-056 3.4757e-055 6.1492e-054 2.0508e-053 1.8361e-053 2.7456e-053 2.0819e-052 5.0269e-051 1.2774e-049 5.5444e-048 4.5252e-046 6.3401e-044 6.5010e-042 1.1534e-039 5.7183e-037 1.9785e-034 1.6771e-031 7.6548e-029 1.0594e-025 1.3326e-022 2.4280e-019 3.7297e-016 2.4635e-012 1.0482e-008 1.0180e-005 2.0363e-003 5.7251e-002 1.4341e-002
           8 1.3538e-049 8.0173e-048 2.8552e-046 1.7007e-044 5.9518e-043 1.1210e-041 5.2959e-041 1.6014e-041 8.2340e-043 2.2517e-044 5.0439e-046 6.9916e-049 2.3761e-046 1.7116e-044 2.2453e-042 2.1979e-040 3.7069e-038 1.7239e-035 5.6495e-033 4.4474e-030 1.9030e-027 2.3903e-024 2.7061e-021 4.3197e-018 5.7239e-015 2.8566e-011 8.0076e-008 4.6009e-005 5.5038e-003 1.0970e-001 5.6512e-005
           9 7.7403e-059 3.5579e-057 1.3162e-055 7.6667e-054 2.7438e-052 5.2825e-051 2.8131e-050 4.3733e-051 1.4482e-051 2.5087e-050 5.3714e-049 1.2407e-047 4.9042e-046 3.6339e-044 4.6313e-042 4.4485e-040 7.3490e-038 3.3295e-035 1.0672e-032 8.1517e-030 3.3974e-027 4.1019e-024 4.4482e-021 6.7271e-018 8.3906e-015 3.7340e-011 8.8353e-008 4.1393e-005 4.2152e-003 9.1401e-002 9.3626e-002
          10 5.9368e-058 1.4034e-056 7.2916e-055 3.8811e-053 1.4943e-051 3.0722e-050 2.2849e-049 3.2837e-051 3.0272e-049 2.1093e-048 3.6270e-047 7.5512e-046 2.7119e-044 1.8229e-042 2.1130e-040 1.9011e-038 2.9254e-036 1.2121e-033 3.6024e-031 2.4826e-028 9.4575e-026 9.9764e-023 9.3402e-020 1.1742e-016 1.1904e-013 3.5794e-010 4.7778e-007 1.1799e-004 7.6791e-003 7.9378e-002 3.6897e-002
          11 1.3616e-056 2.1123e-055 2.6175e-053 1.2762e-051 5.2091e-050 1.1374e-048 1.0816e-047 4.1092e-048 3.0128e-047 1.3811e-046 1.9010e-045 3.5366e-044 1.1488e-042 6.9855e-041 7.3501e-039 6.1859e-037 8.8567e-035 3.3533e-032 9.2350e-030 5.7385e-027 1.9970e-024 1.8387e-021 1.4843e-018 1.5482e-015 1.2723e-012 2.5759e-009 1.9614e-006 2.8183e-004 1.2618e-002 9.1097e-002 3.0896e-002
          12 7.1883e-057 7.4738e-055 1.7480e-051 8.1094e-050 3.4161e-048 7.9297e-047 9.0286e-046 1.0749e-045 2.8727e-045 7.5564e-045 7.8724e-044 1.2919e-042 3.7768e-041 2.0716e-039 1.9749e-037 1.5529e-035 2.0669e-033 7.1469e-031 1.8232e-028 1.0213e-025 3.2456e-023 2.6074e-020 1.8135e-017 1.5676e-014 1.0423e-011 1.4197e-008 6.3052e-006 5.8594e-004 1.8635e-002 7.6037e-002 5.3743e-002
          13 5.6033e-052 1.4116e-051 3.5416e-049 1.6756e-047 7.0456e-046 1.7421e-044 2.2632e-043 5.3213e-043 5.1706e-043 4.4178e-043 2.7433e-042 3.8531e-041 1.0080e-039 4.9757e-038 4.2926e-036 3.1509e-034 3.8976e-032 1.2309e-029 2.9095e-027 1.4702e-024 4.2678e-022 2.9935e-019 1.7948e-016 1.2862e-013 6.9194e-011 6.3648e-008 1.7096e-005 1.1263e-003 2.5931e-002 7.0243e-002 1.1176e-002
          14 6.3507e-038 1.4383e-037 1.0737e-035 5.3472e-034 2.2136e-032 5.6765e-031 7.8354e-030 2.4584e-029 1.1127e-029 8.4655e-031 3.3543e-032 9.2222e-034 3.5009e-036 1.3945e-036 2.9291e-035 2.1614e-033 2.5568e-031 7.6638e-029 1.7335e-026 8.2542e-024 2.2744e-021 1.4752e-018 8.1188e-016 5.2213e-013 2.4850e-010 1.8258e-007 3.7403e-005 2.0818e-003 3.9938e-002 8.0638e-002 1.1278e-004
          15 2.2992e-049 4.3993e-049 1.8171e-047 9.5986e-046 3.9057e-044 1.0283e-042 1.4769e-041 5.5518e-041 1.1535e-041 3.6906e-042 7.4100e-041 9.8158e-040 2.2937e-038 1.0152e-036 7.9070e-035 5.4094e-033 6.2115e-031 1.7902e-028 3.9189e-026 1.7856e-023 4.7331e-021 2.8967e-018 1.4958e-015 8.8759e-013 3.8563e-010 2.4004e-007 4.0619e-005 2.0144e-003 3.3797e-002 5.2388e-002 6.1323e-002
          16 2.5065e-048 2.8060e-048 4.6948e-047 3.0540e-045 1.1800e-043 3.2851e-042 5.1129e-041 2.6981e-040 7.5980e-044 2.8212e-040 2.0003e-039 2.1523e-038 4.4316e-037 1.7528e-035 1.2304e-033 7.8373e-032 8.3499e-030 2.1962e-027 4.4533e-025 1.8307e-022 4.4328e-020 2.3688e-017 1.0541e-014 5.1824e-012 1.8192e-009 7.7250e-007 8.6752e-005 3.3567e-003 4.1408e-002 3.9320e-002 5.5574e-003
          17 9.2179e-047 4.8568e-047 5.1826e-046 4.5580e-044 1.6715e-042 4.8570e-041 8.1086e-040 5.5154e-039 1.1463e-039 1.1543e-038 4.8970e-038 4.2431e-037 7.6210e-036 2.6808e-034 1.6914e-032 1.0013e-030 9.8871e-029 2.3717e-026 4.4528e-024 1.6513e-021 3.6514e-019 1.7034e-016 6.5288e-014 2.6578e-011 7.5323e-009 2.1997e-006 1.7266e-004 5.2947e-003 4.8393e-002 2.4065e-002 5.5428e-002
          18 5.6571e-045 8.9291e-046 1.0938e-044 1.3894e-042 4.9386e-041 1.4709e-039 2.6203e-038 2.1603e-037 1.6130e-037 5.2218e-037 1.1627e-036 7.4957e-036 1.1538e-034 3.5912e-033 2.0316e-031 1.1162e-029 1.0206e-027 2.2323e-025 3.8808e-023 1.2989e-020 2.6238e-018 1.0691e-015 3.5314e-013 1.1913e-010 2.7283e-008 5.5537e-006 3.2093e-004 7.8618e-003 5.3526e-002 1.3006e-002 4.9841e-003
          19 1.2260e-042 5.0349e-045 9.2702e-043 1.7071e-040 6.1206e-039 1.8328e-037 3.4743e-036 3.3254e-035 5.1370e-035 6.2628e-035 4.0022e-035 1.2955e-034 1.6006e-033 4.3674e-032 2.2078e-030 1.1234e-028 9.5006e-027 1.8934e-024 3.0471e-022 9.2040e-020 1.6982e-017 6.0447e-015 1.7204e-012 4.8098e-010 8.9062e-008 1.2828e-005 5.7041e-004 1.1201e-002 5.6649e-002 4.8752e-003 4.1930e-002
          20 3.9857e-031 4.2619e-033 2.0505e-031 4.3662e-029 1.6019e-027 4.7801e-026 9.3273e-025 9.4896e-024 1.9024e-023 1.3376e-023 1.5011e-024 8.3544e-026 2.6884e-027 8.2316e-030 1.4696e-029 4.0987e-028 3.4066e-026 6.4829e-024 1.0047e-021 2.8870e-019 5.0969e-017 1.6987e-014 4.4968e-012 1.1474e-009 1.9165e-007 2.3478e-005 9.3134e-004 1.6436e-002 7.1751e-002 2.9740e-003 1.6827e-002
          21 2.6235e-041 2.1330e-042 9.7576e-042 2.2851e-039 8.7166e-038 2.5831e-036 5.1888e-035 5.5915e-034 1.4108e-033 4.8611e-034 6.9924e-035 1.5750e-033 1.9827e-032 4.7727e-031 2.1491e-029 1.0108e-027 7.8978e-026 1.4336e-023 2.1356e-021 5.8244e-019 9.8184e-017 3.0547e-014 7.4964e-012 1.7388e-009 2.6083e-007 2.7113e-005 9.6191e-004 1.5190e-002 5.6723e-002 7.6663e-004 7.2697e-003
          22 7.3238e-041 3.3093e-041 2.0071e-041 4.3235e-039 1.8635e-037 5.4209e-036 1.1460e-034 1.3618e-033 4.9161e-033 1.0337e-034 4.1261e-033 2.4149e-032 2.3247e-031 4.8207e-030 1.9246e-028 8.3454e-027 6.0158e-025 9.9385e-023 1.3699e-020 3.3735e-018 5.1955e-016 1.4132e-013 2.9908e-011 5.7600e-009 7.0130e-007 5.3749e-005 1.5610e-003 1.9865e-002 5.4204e-002 1.2691e-004 2.6559e-002
          23 6.9816e-040 8.9517e-040 2.3524e-040 3.0426e-038 1.5705e-036 4.4964e-035 9.8977e-034 1.2782e-032 6.0526e-032 3.8179e-033 1.0139e-031 3.4264e-031 2.5306e-030 4.4689e-029 1.5741e-027 6.2764e-026 4.1683e-024 6.2640e-022 7.9881e-020 1.7770e-017 2.5010e-015 5.9520e-013 1.0872e-010 1.7416e-008 1.7271e-006 1.0003e-004 2.4208e-003 2.4877e-002 4.8916e-002 2.1609e-003 1.1457e-002
          24 1.1989e-038 3.6498e-038 7.6382e-039 4.3421e-037 2.8118e-035 8.0342e-034 1.8167e-032 2.5232e-031 1.4769e-030 5.5636e-031 2.9362e-030 5.2003e-030 2.6535e-029 3.8848e-028 1.1989e-026 4.3813e-025 2.6758e-023 3.6542e-021 4.3094e-019 8.6604e-017 1.1139e-014 2.3202e-012 3.6596e-010 4.8836e-008 3.9589e-006 1.7760e-004 3.6183e-003 3.0042e-002 4.1595e-002 5.6800e-003 1.4393e-002
          25 6.9214e-037 5.0944e-036 1.1420e-036 2.5776e-035 2.1302e-033 6.2186e-032 1.4234e-030 2.1073e-029 1.4600e-028 1.3048e-028 2.4701e-028 1.3954e-028 2.9484e-028 3.1802e-027 8.4836e-026 2.8313e-024 1.5873e-022 1.9685e-020 2.1463e-018 3.8982e-016 4.5831e-014 8.3633e-012 1.1404e-009 1.2710e-007 8.4666e-006 3.0180e-004 5.2073e-003 3.4938e-002 3.2946e-002 9.5756e-003 1.6375e-002
          26 1.6803e-025 2.0198e-024 4.9192e-025 7.2633e-024 6.6835e-022 1.9910e-020 4.5619e-019 6.9409e-018 5.1506e-017 6.1500e-017 7.1737e-017 1.1842e-017 9.0076e-019 3.3928e-020 1.2527e-022 3.5251e-023 4.1967e-022 5.2992e-020 5.5582e-018 9.6219e-016 1.0840e-013 1.8581e-011 2.3651e-009 2.4219e-007 1.4725e-005 4.7454e-004 7.5740e-003 4.5901e-002 3.5480e-002 1.3973e-002 5.8653e-003
          27 2.5773e-036 6.0720e-035 1.6553e-035 1.5831e-034 1.6094e-032 4.9422e-031 1.1303e-029 1.7684e-028 1.4060e-027 2.1913e-027 1.4095e-027 1.1077e-029 1.8407e-027 2.3925e-026 5.6363e-025 1.7110e-023 8.7851e-022 9.8815e-020 9.9562e-018 1.6343e-015 1.7565e-013 2.8095e-011 3.3146e-009 3.0929e-007 1.7025e-005 4.9358e-004 7.2295e-003 3.9119e-002 2.3873e-002 1.2859e-002 6.8072e-003
          28 3.2078e-037 1.0832e-034 3.8040e-035 1.8842e-034 2.0875e-032 6.9445e-031 1.5730e-029 2.5765e-028 2.2972e-027 5.3288e-027 6.8780e-028 2.9080e-027 1.9605e-026 1.7740e-025 3.5383e-024 9.7173e-023 4.5585e-021 4.6456e-019 4.3235e-017 6.4167e-015 6.3059e-013 8.8498e-011 9.0462e-009 7.0913e-007 3.2480e-005 7.8239e-004 9.7388e-003 4.2358e-002 1.5472e-002 1.4764e-002 1.9833e-002
          29 8.1057e-036 6.3791e-034 3.0144e-034 1.0498e-033 1.0312e-031 3.8067e-030 8.5211e-029 1.4463e-027 1.4215e-026 4.4600e-026 1.1008e-029 5.5678e-026 1.9142e-025 1.2615e-024 2.1020e-023 5.1894e-022 2.2177e-020 2.0447e-018 1.7567e-016 2.3574e-014 2.1186e-012 2.6110e-010 2.3156e-008 1.5304e-006 5.8761e-005 1.1971e-003 1.2661e-002 4.4004e-002 8.4058e-003 1.4992e-002 3.1698e-003
          30 7.3496e-034 6.5560e-033 4.4536e-033 1.5411e-032 1.0667e-030 4.4233e-029 9.8352e-028 1.7118e-026 1.8299e-025 7.2834e-025 8.7494e-026 1.1804e-024 2.0890e-024 8.9359e-024 1.1989e-022 2.6378e-021 1.0234e-019 8.5238e-018 6.7553e-016 8.1989e-014 6.7394e-012 7.3012e-010 5.6268e-008 3.1486e-006 1.0218e-004 1.7857e-003 1.6037e-002 4.4172e-002 3.3697e-003 1.3731e-002 2.0282e-002
          31 9.7860e-032 1.9304e-031 2.1773e-031 1.0125e-030 4.2029e-029 1.9471e-027 4.3533e-026 7.6949e-025 8.8442e-024 4.2685e-023 1.7711e-023 6.6420e-023 4.3405e-023 7.2125e-023 6.6102e-022 1.2708e-020 4.4583e-019 3.3483e-017 2.4461e-015 2.6854e-013 2.0195e-011 1.9255e-009 1.2920e-007 6.1503e-006 1.7016e-004 2.5784e-003 1.9645e-002 4.2412e-002 5.9700e-004 1.1176e-002 1.7971e-003
          32 7.0743e-021 5.9523e-021 1.0073e-020 6.0634e-020 1.8608e-018 9.0584e-017 2.0456e-015 3.6337e-014 4.3233e-013 2.2816e-012 1.4324e-012 3.1250e-012 7.5780e-013 7.6961e-014 3.3597e-015 1.1802e-017 4.3486e-018 8.2259e-017 5.9800e-015 6.2170e-013 4.4574e-011 3.9703e-009 2.4753e-007 1.0826e-005 2.7594e-004 3.8851e-003 2.7086e-002 5.1011e-002 5.9530e-005 1.1902e-002 1.2773e-004
          33 1.8181e-030 6.2705e-031 1.7855e-030 1.4097e-029 3.3373e-028 1.6796e-026 3.8435e-025 6.8465e-024 8.3731e-023 4.7425e-022 3.9667e-022 5.4557e-022 1.7093e-023 2.1695e-022 3.3232e-021 5.8663e-020 1.8538e-018 1.2526e-016 8.4268e-015 8.3684e-013 5.7578e-011 4.8368e-009 2.8313e-007 1.1523e-005 2.7416e-004 3.6273e-003 2.3411e-002 3.9027e-002 6.0771e-005 8.0249e-003 1.7513e-002
          34 2.4942e-030 3.1911e-033 1.0614e-030 1.7576e-029 2.4936e-028 1.2928e-026 3.0918e-025 5.5246e-024 7.1156e-023 4.6132e-022 6.2174e-022 2.7857e-022 1.7914e-022 1.9780e-021 1.7377e-020 2.6012e-019 7.3558e-018 4.4615e-016 2.7610e-014 2.4806e-012 1.5620e-010 1.1577e-008 5.9261e-007 2.0739e-005 4.2800e-004 4.9670e-003 2.7110e-002 3.4227e-002 1.4049e-003 4.9017e-003 1.6396e-003
          35 1.3100e-029 2.1164e-030 1.9372e-030 9.1666e-029 8.7521e-028 4.3382e-026 1.1077e-024 1.9836e-023 2.6632e-022 1.9386e-021 3.7260e-021 2.8896e-022 3.4185e-021 1.4541e-020 8.8433e-020 1.1113e-018 2.7920e-017 1.5156e-015 8.6168e-014 7.0031e-012 4.0360e-010 2.6430e-008 1.1860e-006 3.5894e-005 6.4770e-004 6.6074e-003 3.0416e-002 2.8311e-002 4.0456e-003 2.2947e-003 1.2651e-002
          36 1.2762e-028 8.0040e-029 2.8900e-030 9.2094e-028 6.9090e-027 3.0072e-025 8.3497e-024 1.5030e-022 2.0826e-021 1.6753e-020 4.2515e-020 1.0117e-022 5.7401e-020 1.2086e-019 4.5930e-019 4.6282e-018 1.0222e-016 4.9487e-015 2.5811e-013 1.8975e-011 1.0011e-009 5.8008e-008 2.2880e-006 6.0251e-005 9.5758e-004 8.5923e-003 3.3244e-002 2.1968e-002 7.3070e-003 6.1003e-004 2.2331e-003
          37 3.4436e-027 4.7607e-027 1.6847e-029 2.5948e-026 1.8168e-025 6.4217e-024 1.9623e-022 3.5732e-021 5.0611e-020 4.4382e-019 1.4109e-018 1.5697e-019 2.0470e-018 1.8173e-018 2.8231e-018 1.9023e-017 3.6009e-016 1.5483e-014 7.3957e-013 4.9173e-011 2.3752e-009 1.2200e-007 4.2424e-006 9.7812e-005 1.3779e-003 1.0870e-002 3.5190e-002 1.5622e-002 1.0460e-002 2.9247e-006 7.5936e-003
          38 2.1183e-013 4.4555e-013 1.0086e-014 1.6435e-012 1.2137e-011 3.6116e-010 1.1790e-008 2.1740e-007 3.1105e-006 2.8703e-005 1.0387e-004 2.6681e-005 1.3997e-004 5.0038e-005 6.6507e-006 3.3197e-007 1.1124e-009 1.2005e-010 2.6899e-013 1.1630e-010 5.3293e-009 2.5132e-007 8.0520e-006 1.7033e-004 2.2194e-003 1.6046e-002 4.5930e-002 1.4910e-002 1.5611e-002 2.1682e-004 1.8227e-003
          39 6.7361e-026 1.7136e-025 5.7655e-027 5.2969e-025 4.1371e-024 1.1252e-022 3.7903e-021 7.0431e-020 1.0115e-018 9.5506e-018 3.6631e-017 1.2626e-017 4.6073e-017 8.1172e-018 2.3257e-018 6.7217e-017 1.2270e-015 4.6713e-014 2.0390e-012 1.2257e-010 5.4211e-009 2.4721e-007 7.6022e-006 1.5439e-004 1.9375e-003 1.3420e-002 3.6126e-002 9.8790e-003 1.2914e-002 3.9703e-004 3.4012e-003
          40 1.9977e-026 8.9228e-026 5.7523e-027 1.6251e-025 1.7152e-024 3.5303e-023 1.2947e-021 2.4783e-020 3.5865e-019 3.6042e-018 1.6209e-017 1.0787e-017 1.4325e-017 6.4443e-019 3.4385e-017 2.7843e-016 4.0789e-015 1.3632e-013 5.4253e-012 2.9476e-010 1.1938e-008 4.8426e-007 1.3214e-005 2.3778e-004 2.6689e-003 1.6205e-002 3.5987e-002 5.2271e-003 1.4281e-002 1.5469e-003 3.6577e-003
          41 3.1375e-026 2.6096e-025 2.2301e-026 2.5955e-025 4.7336e-024 7.5688e-023 2.9327e-021 5.8345e-020 8.4774e-019 8.9668e-018 4.6245e-017 4.8512e-017 2.1501e-017 2.9681e-017 2.0550e-016 1.0998e-015 1.3195e-014 3.8431e-013 1.3904e-011 6.8241e-010 2.5312e-008 9.1507e-007 2.2230e-005 3.5649e-004 3.5883e-003 1.9059e-002 3.4560e-002 1.9666e-003 1.4322e-002 3.0879e-003 4.8315e-003
          42 6.7804e-026 1.3610e-024 1.2522e-025 5.4714e-025 2.7037e-023 3.5933e-022 1.4031e-020 2.9196e-019 4.2555e-018 4.6887e-017 2.7237e-016 4.0269e-016 3.6097e-017 4.4992e-016 1.3455e-015 4.4988e-015 4.2031e-014 1.0539e-012 3.4543e-011 1.5303e-009 5.1980e-008 1.6781e-006 3.6420e-005 5.2310e-004 4.7293e-003 2.1918e-002 3.2021e-002 2.7312e-004 1.3149e-002 4.6271e-003 1.3632e-003
          43 8.1890e-026 1.4726e-023 1.1393e-024 4.5654e-025 3.7974e-022 4.6488e-021 1.7226e-019 3.7589e-018 5.5062e-017 6.2592e-016 4.0330e-015 7.8301e-015 4.0238e-021 1.0604e-014 1.4294e-014 2.1995e-014 1.3417e-013 2.8159e-012 8.3260e-011 3.3266e-009 1.0348e-007 2.9896e-006 5.8171e-005 7.5185e-004 6.1091e-003 2.4638e-002 2.8505e-002 1.0651e-004 1.1021e-002 5.8292e-003 5.9055e-003
          44 1.6143e-014 9.7963e-013 3.7227e-014 2.1445e-013 3.9613e-011 5.0056e-010 1.6824e-008 3.8205e-007 5.6400e-006 6.5438e-005 4.5662e-004 1.0814e-003 5.4568e-005 1.4519e-003 7.7498e-004 1.3255e-004 7.3949e-006 1.6906e-008 5.0023e-009 6.2710e-009 2.4099e-007 6.3478e-006 1.1242e-004 1.3295e-003 9.8359e-003 3.5023e-002 3.2425e-002 1.3758e-003 1.1342e-002 8.4068e-003 2.9506e-003
          45 4.3542e-023 1.5139e-021 4.5734e-023 5.4473e-022 6.7041e-020 8.5820e-019 2.8346e-017 6.4712e-016 9.5666e-015 1.1127e-013 7.8460e-013 1.9064e-012 1.2335e-013 2.5300e-012 1.1388e-012 6.3744e-014 2.6611e-013 7.2973e-012 1.9467e-010 7.0036e-009 1.9947e-007 5.1684e-006 9.0478e-005 1.0565e-003 7.7133e-003 2.6978e-002 2.4162e-002 1.2513e-003 8.2975e-003 6.4539e-003 3.8297e-004
          46 1.7051e-023 1.9418e-023 1.8069e-024 1.8337e-022 3.2111e-021 4.9482e-020 1.3821e-018 3.2751e-017 4.9149e-016 5.8094e-015 4.4289e-014 1.3007e-013 2.9787e-014 1.4415e-013 4.4280e-015 1.1423e-013 1.1602e-012 1.8713e-011 4.4362e-010 1.4359e-008 3.7434e-007 8.7172e-006 1.3776e-004 1.4578e-003 9.5549e-003 2.8864e-002 1.9404e-002 3.3545e-003 5.4711e-003 6.4226e-003 6.1049e-003
          47 6.9454e-023 5.1149e-024 4.5445e-023 7.2033e-022 3.9459e-021 8.5139e-020 1.9473e-018 4.7268e-017 7.2481e-016 8.6640e-015 7.0604e-014 2.4404e-013 1.1261e-013 1.9231e-013 3.0742e-014 6.3709e-013 3.6872e-012 4.7077e-011 9.8693e-010 2.8677e-008 6.8416e-007 1.4350e-005 2.0538e-004 1.9750e-003 1.1605e-002 3.0130e-002 1.4567e-002 5.9760e-003 2.9675e-003 5.7662e-003 9.5461e-005
          48 4.3402e-022 4.8150e-022 5.9925e-022 4.4185e-021 9.2546e-021 3.3262e-019 6.1865e-018 1.5111e-016 2.3828e-015 2.8722e-014 2.4755e-013 9.8597e-013 7.3241e-013 4.4626e-013 6.4638e-013 3.4412e-012 1.2116e-011 1.1707e-010 2.1427e-009 5.5754e-008 1.2166e-006 2.3034e-005 2.9947e-004 2.6216e-003 1.3785e-002 3.0574e-002 9.9786e-003 8.6310e-003 1.1227e-003 4.6334e-003 5.2920e-003
          49 4.7793e-021 1.3759e-020 1.1402e-020 4.8053e-020 3.7640e-020 2.8705e-018 4.4175e-017 1.0636e-015 1.7338e-014 2.1054e-013 1.9004e-012 8.5710e-012 9.0920e-012 1.5095e-012 1.1530e-011 2.6439e-011 4.6741e-011 2.9375e-010 4.5666e-009 1.0605e-007 2.1150e-006 3.6218e-005 4.2892e-004 3.4220e-003 1.6069e-002 3.0211e-002 6.0195e-003 1.0909e-002 1.4696e-004 3.2828e-003 5.7967e-005
          50 9.0013e-019 5.0410e-018 3.5551e-018 8.9962e-018 1.9218e-018 4.9931e-016 6.6020e-015 1.5342e-013 2.5941e-012 3.1758e-011 2.9753e-010 1.4966e-009 2.1054e-009 2.8245e-011 2.9182e-009 2.7896e-009 1.0380e-009 1.0140e-009 9.6008e-009 1.9740e-007 3.5967e-006 5.5814e-005 6.0358e-004 4.3913e-003 1.8370e-002 2.9008e-002 2.9489e-003 1.2474e-002 7.6590e-005 1.9615e-003 3.7580e-003
          51 8.5027e-011 5.2262e-010 3.6300e-010 8.4978e-010 1.3873e-010 4.7211e-008 6.1266e-007 1.4137e-005 2.4039e-004 2.9470e-003 2.7745e-002 1.4172e-001 2.0709e-001 1.2119e-003 2.8664e-001 2.3488e-001 5.1063e-002 3.1184e-003 3.9082e-006 1.6317e-006 7.1124e-010 2.7531e-006 3.0213e-005 2.1617e-004 9.0007e-004 1.3791e-003 1.2397e-004 6.0726e-004 6.7780e-006 8.5103e-005 1.1084e-004
          52 9.3842e-020 9.7396e-019 6.3716e-019 9.4526e-019 7.1096e-021 5.6016e-017 6.7069e-016 1.4771e-014 2.5916e-013 3.2053e-012 3.0919e-011 1.7117e-010 3.0383e-010 4.8149e-012 3.9450e-010 1.0576e-010 6.9914e-011 1.5160e-009 1.9680e-008 3.5993e-007 5.9760e-006 8.4197e-005 8.3314e-004 5.5273e-003 2.0545e-002 2.6927e-002 9.3468e-004 1.3087e-002 7.9781e-004 8.8188e-004 1.3622e-004
          53 6.1930e-020 1.3047e-018 8.2463e-019 6.5162e-019 6.6982e-020 4.8440e-017 5.5945e-016 1.1526e-014 2.0930e-013 2.6226e-012 2.5872e-011 1.5574e-010 3.3659e-010 3.7554e-011 3.6380e-010 1.6979e-012 5.2102e-010 3.9518e-009 4.0173e-008 6.4440e-007 9.7400e-006 1.2477e-004 1.1315e-003 6.8418e-003 2.2526e-002 2.4140e-002 5.0069e-005 1.2722e-002 2.0801e-003 2.0525e-004 2.0953e-003
          54 6.8388e-020 4.0298e-018 2.5202e-018 8.4367e-019 7.1180e-019 1.0228e-016 1.2240e-015 2.3467e-014 4.3833e-013 5.5821e-012 5.6008e-011 3.6260e-010 9.2862e-010 2.4913e-010 7.4418e-010 1.3240e-010 2.4364e-009 1.0486e-008 8.1714e-008 1.1361e-006 1.5596e-005 1.8189e-004 1.5137e-003 8.3335e-003 2.4219e-002 2.0816e-002 2.4261e-004 1.1481e-002 3.6271e-003 1.0584e-006 3.7735e-004
          55 3.2463e-020 2.2516e-017 1.4180e-017 1.0239e-018 6.5762e-018 4.0112e-016 5.3918e-015 9.6567e-014 1.8382e-012 2.3857e-011 2.4247e-010 1.6712e-009 4.9645e-009 2.3211e-009 2.5593e-009 2.7330e-009 1.3829e-008 3.1518e-008 1.6772e-007 1.9717e-006 2.4508e-005 2.6045e-004 1.9904e-003 9.9647e-003 2.5461e-002 1.7110e-002 1.3529e-003 9.5473e-003 5.1181e-003 2.4410e-004 8.2858e-004
          56 2.1692e-018 4.5728e-016 2.9495e-016 1.0136e-018 1.6932e-016 5.7272e-015 9.5088e-014 1.6119e-012 3.0901e-011 4.0950e-010 4.2049e-009 3.0573e-008 1.0351e-007 7.2281e-008 2.7569e-008 1.0715e-007 2.2286e-007 1.8028e-007 3.8248e-007 3.3826e-006 3.7880e-005 3.6705e-004 2.5764e-003 1.1709e-002 2.6175e-002 1.3282e-002 3.1340e-003 7.2299e-003 6.2793e-003 8.2993e-004 7.9747e-004
          57 1.3056e-011 7.3770e-010 4.8528e-010 2.7645e-011 2.8953e-010 7.6647e-009 1.4812e-007 2.4606e-006 4.7102e-005 6.3112e-004 6.5105e-003 4.8484e-002 1.7443e-001 1.4396e-001 2.8719e-002 2.2019e-001 2.9161e-001 8.0034e-002 5.2627e-003 2.4362e-006 1.4916e-006 9.4105e-007 4.0052e-009 5.9416e-007 2.7437e-006 2.1430e-006 3.9603e-007 9.0185e-007 7.4827e-007 9.2201e-008 2.6724e-008
          58 5.1701e-017 1.2364e-015 8.3402e-016 1.5126e-016 4.9659e-016 1.0616e-014 2.4605e-013 4.0338e-012 7.6850e-011 1.0407e-009 1.0782e-008 8.2011e-008 3.1180e-007 2.9721e-007 2.7160e-008 4.5258e-007 3.7096e-007 1.8991e-009 4.9521e-007 5.7340e-006 5.7817e-005 5.1015e-004 3.2891e-003 1.3542e-002 2.6336e-002 9.6056e-003 5.2900e-003 4.8685e-003 6.9283e-003 1.6072e-003 1.6474e-004
          59 5.6327e-017 3.6002e-016 2.6222e-016 1.9787e-016 1.3650e-016 1.9773e-015 7.6721e-014 1.2516e-012 2.3382e-011 3.2337e-010 3.3788e-009 2.6692e-008 1.1247e-007 1.3804e-007 3.9370e-010 1.9249e-007 4.1685e-008 1.1041e-007 1.1977e-006 9.7026e-006 8.6963e-005 6.9904e-004 4.1357e-003 1.5391e-002 2.5856e-002 6.2936e-003 7.4955e-003 2.7605e-003 6.9674e-003 2.4045e-003 1.2752e-003
          60 1.8022e-016 3.6273e-016 3.0266e-016 6.4079e-016 1.0528e-016 1.0618e-015 9.6763e-014 1.6239e-012 2.9400e-011 4.1438e-010 4.3692e-009 3.5619e-008 1.6442e-007 2.4944e-007 5.8858e-009 2.9241e-007 1.0423e-009 5.1226e-007 2.6564e-006 1.6398e-005 1.2917e-004 9.4411e-004 5.1192e-003 1.7172e-002 2.4706e-002 3.5512e-003 9.4386e-003 1.1577e-003 6.4130e-003 3.0594e-003 3.9889e-009
          61 9.4930e-016 5.3538e-016 5.8654e-016 3.2160e-015 6.1371e-017 3.9887e-016 2.3532e-013 4.2121e-012 7.3245e-011 1.0485e-009 1.1168e-008 9.3454e-008 4.6766e-007 8.5084e-007 9.3847e-008 7.7439e-007 9.4879e-008 2.2556e-006 6.4421e-006 2.8114e-005 1.9015e-004 1.2603e-003 6.2513e-003 1.8841e-002 2.2967e-002 1.5430e-003 1.0884e-002 2.2491e-004 5.3953e-003 3.4564e-003 1.5902e-003
          62 1.0506e-014 8.8545e-016 2.0489e-015 3.2809e-014 1.2922e-016 1.1349e-015 1.3161e-012 2.6066e-011 4.3332e-010 6.2724e-009 6.7571e-008 5.7785e-007 3.1049e-006 6.6169e-006 1.5892e-006 4.2773e-006 2.7795e-006 1.6265e-005 2.1795e-005 5.1410e-005 2.7821e-004 1.6645e-003 7.5347e-003 2.0324e-002 2.0706e-002 3.5443e-004 1.1664e-002 1.4792e-005 4.0962e-003 3.5346e-003 6.4637e-005
          63 3.6450e-010 7.2946e-013 1.4177e-011 1.0291e-009 5.1972e-011 2.6324e-010 2.4965e-008 5.6358e-007 8.9724e-006 1.3064e-004 1.4245e-003 1.2397e-002 7.0736e-002 1.7237e-001 6.7811e-002 7.1798e-002 1.3210e-001 3.1068e-001 1.0851e-001 8.0933e-003 5.1053e-005 1.5624e-004 6.5710e-004 1.1157e-003 7.1945e-004 1.4039e-005 5.0404e-004 4.7989e-005 8.4877e-005 1.3158e-004 6.8092e-005
          64 1.7332e-011 5.7607e-014 6.1217e-013 4.8699e-011 2.6064e-012 1.2998e-011 1.1573e-009 2.6293e-008 4.1785e-007 6.0850e-006 6.6384e-005 5.7812e-004 3.3068e-003 8.1024e-003 3.2457e-003 3.3004e-003 6.3282e-003 1.4332e-002 4.5503e-003 1.1381e-004 3.6072e-004 2.0195e-003 8.3060e-003 2.0375e-002 1.7273e-002 2.6378e-007 1.1170e-002 4.3245e-004 2.6421e-003 3.1583e-003 1.5079e-003
          65 8.9160e-014 1.0080e-014 7.6580e-018 2.2081e-013 3.2402e-014 1.1442e-013 3.2872e-012 8.8561e-011 1.3522e-009 1.9709e-008 2.1793e-007 1.9273e-006 1.1641e-005 3.2268e-005 1.8804e-005 6.8695e-006 3.5359e-005 3.1136e-005 1.8286e-006 1.0399e-004 5.8298e-004 2.7983e-003 1.0440e-002 2.2296e-002 1.4998e-002 4.2580e-004 1.0957e-002 1.4619e-003 1.4928e-003 2.7850e-003 1.2064e-004
          66 8.8763e-014 2.9006e-014 2.5767e-015 1.8972e-013 5.3030e-014 1.3268e-013 1.8426e-012 6.0661e-011 8.9840e-010 1.3043e-008 1.4625e-007 1.3106e-006 8.3007e-006 2.5691e-005 2.0100e-005 1.9443e-006 3.3723e-005 8.5235e-006 2.7417e-005 2.0577e-004 8.5186e-004 3.5897e-003 1.2071e-002 2.2704e-002 1.1877e-002 1.5104e-003 9.6129e-003 2.7776e-003 5.7112e-004 2.1137e-003 1.2348e-003
          67 1.8893e-013 1.1438e-013 1.7740e-014 3.4063e-013 1.5553e-013 2.6653e-013 2.2401e-012 9.2294e-011 1.3439e-009 1.9362e-008 2.2010e-007 1.9955e-006 1.3169e-005 4.4980e-005 4.4775e-005 2.9768e-007 6.3392e-005 1.0370e-006 1.1188e-004 4.1753e-004 1.2663e-003 4.5761e-003 1.3775e-002 2.2631e-002 8.7926e-003 3.0851e-003 7.8088e-003 4.1860e-003 7.3723e-005 1.3903e-003 8.5087e-005
          68 7.4610e-013 6.9508e-013 1.3462e-013 1.1048e-012 7.6481e-013 8.4040e-013 5.1275e-012 2.6819e-010 3.9039e-009 5.5692e-008 6.4132e-007 5.8745e-006 4.0167e-005 1.4986e-004 1.8268e-004 2.1084e-006 2.0778e-004 1.0204e-005 5.1839e-004 1.0290e-003 1.9858e-003 5.8183e-003 1.5518e-002 2.1992e-002 5.8864e-003 4.9519e-003 5.7351e-003 5.4515e-003 4.6400e-005 7.2824e-004 7.1709e-004
          69 1.0996e-011 1.4268e-011 3.0891e-012 1.2955e-011 1.3127e-011 8.2397e-012 4.4946e-011 2.9768e-009 4.4146e-008 6.2327e-007 7.2597e-006 6.7109e-005 4.7305e-004 1.9093e-003 2.7675e-003 1.9891e-004 2.4059e-003 7.8321e-004 6.9065e-003 6.0075e-003 4.1981e-003 7.5127e-003 1.7274e-002 2.0417e-002 3.1108e-003 6.9524e-003 3.4426e-003 6.3149e-003 5.0953e-004 2.1106e-004 9.9949e-006
          70 5.8033e-010 8.6892e-010 1.9485e-010 6.0015e-010 7.3419e-010 3.2249e-010 1.8532e-009 1.3711e-007 2.0682e-006 2.9060e-005 3.4020e-004 3.1580e-003 2.2568e-002 9.4464e-002 1.4809e-001 1.7229e-002 1.1003e-001 6.2789e-002 3.2128e-001 1.4924e-001 1.4618e-002 4.6733e-004 3.1165e-004 2.0513e-008 6.6447e-004 2.6392e-004 3.7573e-004 2.4652e-005 2.4980e-004 1.6626e-004 9.1087e-006
          71 1.9432e-011 3.3441e-011 7.7078e-012 1.7268e-011 2.5853e-011 7.0970e-012 4.8546e-011 3.9911e-009 6.1648e-008 8.6236e-007 1.0143e-005 9.4555e-005 6.8487e-004 2.9728e-003 5.0358e-003 8.6203e-004 3.1098e-003 2.8952e-003 8.9367e-003 1.3752e-003 1.3721e-003 8.0944e-003 1.7270e-002 1.8613e-002 1.9962e-003 7.7180e-003 2.3073e-003 6.4696e-003 9.5734e-004 4.7001e-005 2.8244e-004
          72 5.3347e-012 1.1640e-011 2.7727e-012 3.3897e-012 7.6014e-012 4.8795e-013 8.9419e-012 8.4903e-010 1.3942e-008 1.9394e-007 2.2977e-006 2.1573e-005 1.5984e-004 7.3894e-004 1.4298e-003 4.1705e-004 5.8285e-004 1.1921e-003 1.4723e-003 1.2116e-004 3.9765e-003 1.0940e-002 1.9425e-002 1.6772e-002 5.2233e-004 9.4230e-003 8.2501e-004 6.5532e-003 1.9632e-003 3.5385e-005 1.2990e-005
          73 5.1552e-012 1.3965e-011 3.3808e-012 2.1276e-012 7.6426e-012 1.0348e-014 6.5433e-012 6.4136e-010 1.1448e-008 1.5915e-007 1.8947e-006 1.7900e-005 1.3528e-004 6.6183e-004 1.4422e-003 6.2000e-004 3.4130e-004 1.4863e-003 6.3032e-004 1.2574e-003 7.2607e-003 1.4082e-002 2.0450e-002 1.3871e-002 1.4029e-006 1.0136e-002 7.6072e-005 5.8237e-003 2.9206e-003 3.1367e-004 1.8972e-005
          74 8.8981e-012 2.9511e-011 7.1813e-012 2.0358e-012 1.3384e-011 1.6694e-012 1.0094e-011 8.7444e-010 1.7326e-008 2.4228e-007 2.8918e-006 2.7463e-005 2.1113e-004 1.0863e-003 2.6313e-003 1.5260e-003 2.9036e-004 3.0222e-003 2.4343e-004 4.9595e-003 1.4052e-002 1.8444e-002 2.0484e-002 1.0103e-002 4.9754e-004 9.8685e-003 1.7331e-004 4.4240e-003 3.6857e-003 8.3682e-004 1.6645e-004
          75 2.7144e-011 1.0904e-010 2.6471e-011 2.5461e-012 4.0525e-011 1.9826e-011 3.2843e-011 2.1414e-009 4.7893e-008 6.7834e-007 8.1008e-006 7.7253e-005 6.0258e-004 3.2391e-003 8.6083e-003 6.3253e-003 2.7828e-004 1.0226e-002 7.1150e-006 2.2311e-002 3.4406e-002 2.5093e-002 1.7484e-002 4.8148e-003 2.5488e-003 7.7254e-003 1.5429e-003 2.1857e-003 3.8154e-003 1.5404e-003 7.7327e-005
          76 1.2360e-010 5.8409e-010 1.4094e-010 2.7191e-012 1.8047e-010 1.9310e-010 1.7857e-010 8.1745e-009 2.0538e-007 2.9574e-006 3.5295e-005 3.3755e-004 2.6615e-003 1.4793e-002 4.2226e-002 3.6777e-002 1.0319e-004 4.9325e-002 3.5598e-003 1.1873e-001 9.9371e-002 2.4305e-002 3.2509e-003 1.6352e-004 5.8986e-003 1.0435e-003 4.1827e-003 3.0394e-005 1.2744e-003 1.4193e-003 3.9813e-004
          77 1.2372e-010 6.6010e-010 1.5829e-010 6.8942e-014 1.7609e-010 3.0333e-010 2.1573e-010 7.2465e-009 1.9962e-007 2.9193e-006 3.4808e-005 3.3347e-004 2.6480e-003 1.5054e-002 4.5111e-002 4.3885e-002 9.7865e-005 5.0817e-002 9.8458e-003 1.2398e-001 5.6633e-002 1.8461e-004 8.9845e-003 9.6333e-003 9.1462e-004 4.1677e-003 7.6903e-004 3.5666e-003 9.8038e-004 1.3059e-005 1.2524e-007
          78 3.5259e-011 2.2501e-010 5.3370e-011 1.0272e-012 4.7710e-011 1.4992e-010 8.5623e-011 1.7642e-009 5.5820e-008 8.3841e-007 9.9807e-006 9.5808e-005 7.6771e-004 4.4947e-003 1.4361e-002 1.6081e-002 4.8380e-004 1.4856e-002 6.9321e-003 3.4391e-002 3.3309e-003 9.9108e-003 2.1234e-002 7.7435e-003 9.3661e-004 7.6318e-003 5.8867e-004 2.7391e-003 3.3568e-003 1.1197e-003 5.5276e-005
          79 1.6062e-011 1.2824e-010 2.9969e-011 2.9805e-012 2.0018e-011 1.1979e-010 6.1345e-011 6.9093e-010 2.5847e-008 4.0296e-007 4.7885e-006 4.6050e-005 3.7234e-004 2.2478e-003 7.6865e-003 9.9357e-003 9.0454e-004 6.8428e-003 6.5434e-003 1.3432e-002 5.3040e-004 2.0564e-002 2.1559e-002 3.4741e-003 3.6584e-003 5.8780e-003 2.5084e-003 1.0172e-003 3.2956e-003 1.8040e-003 3.4976e-004
          80 1.1128e-011 1.1514e-010 2.6462e-011 6.3721e-012 1.2328e-011 1.4207e-010 7.1674e-011 4.3269e-010 1.9189e-008 3.1274e-007 3.7127e-006 3.5759e-005 2.9137e-004 1.8090e-003 6.5901e-003 9.6975e-003 1.6954e-003 4.7130e-003 8.2094e-003 6.7503e-003 6.0365e-003 2.9975e-002 1.8556e-002 6.7412e-004 6.3160e-003 3.2623e-003 4.3293e-003 8.9186e-005 2.3607e-003 1.9457e-003 2.6526e-004
          81 9.6963e-012 1.3620e-010 3.0763e-011 1.3508e-011 9.0860e-012 2.1150e-010 1.1129e-010 3.7143e-010 1.9210e-008 3.2879e-007 3.9055e-006 3.7672e-005 3.0888e-004 1.9659e-003 7.5848e-003 1.2518e-002 3.4154e-003 4.0160e-003 1.2219e-002 3.2361e-003 1.7644e-002 3.9397e-002 1.2745e-002 1.9499e-004 8.1573e-003 8.4507e-004 5.4098e-003 2.3481e-004 1.0604e-003 1.5622e-003 3.9407e-004
          82 9.0703e-012 1.8484e-010 4.1059e-011 2.8303e-011 6.6260e-012 3.4767e-010 1.9692e-010 3.8998e-010 2.2654e-008 4.0786e-007 4.8578e-006 4.6936e-005 3.8669e-004 2.5147e-003 1.0211e-002 1.8634e-002 7.0477e-003 3.6078e-003 1.9501e-002 7.9114e-004 3.8011e-002 4.5484e-002 4.6131e-003 3.8099e-003 7.6221e-003 7.9570e-005 4.7196e-003 1.6545e-003 6.3944e-005 7.0451e-004 1.7860e-004
          83 7.1564e-012 2.3461e-010 5.1344e-011 5.0645e-011 3.4339e-012 5.1874e-010 3.2129e-010 4.1645e-010 2.5689e-008 4.8591e-007 5.8167e-006 5.6320e-005 4.6560e-004 3.0841e-003 1.3100e-002 2.6088e-002 1.2676e-002 2.6642e-003 2.7829e-002 9.9272e-005 6.1445e-002 3.8167e-002 2.4786e-005 1.1289e-002 3.5467e-003 2.6084e-003 1.8771e-003 3.3596e-003 5.0569e-004 1.4640e-005 4.2586e-005
          84 3.4312e-012 2.2306e-010 4.8206e-011 6.4535e-011 5.8281e-013 5.6905e-010 3.8939e-010 3.6566e-010 2.2379e-008 4.4382e-007 5.3538e-006 5.1982e-005 4.3076e-004 2.8996e-003 1.2827e-002 2.7627e-002 1.6469e-002 1.1276e-003 2.8938e-002 2.4654e-003 6.5158e-002 1.6594e-002 7.3041e-003 1.4792e-002 6.8112e-005 5.9784e-003 5.1869e-007 2.9471e-003 2.0807e-003 4.4707e-004 3.2633e-005
          85 6.6692e-013 1.5906e-010 3.4048e-011 6.0548e-011 1.0211e-013 4.6530e-010 3.5640e-010 2.6782e-010 1.4981e-008 3.1100e-007 3.7933e-006 3.6973e-005 3.0685e-004 2.0962e-003 9.6405e-003 2.2370e-002 1.5971e-002 1.4556e-004 2.2224e-002 5.9485e-003 4.6816e-002 1.7767e-003 1.9211e-002 1.0175e-002 1.8135e-003 5.6824e-003 1.4664e-003 1.0202e-003 2.5314e-003 1.3032e-003 1.7962e-004
          86 6.8250e-015 1.0316e-010 2.1987e-011 5.1450e-011 1.2941e-012 3.4585e-010 3.0102e-010 2.0257e-010 9.4151e-009 2.0380e-007 2.5239e-006 2.4733e-005 2.0540e-004 1.4224e-003 6.7921e-003 1.6938e-002 1.4242e-002 3.6884e-005 1.5362e-002 8.5845e-003 2.7503e-002 9.5329e-004 2.5515e-002 4.0096e-003 5.9043e-003 3.0612e-003 3.7802e-003 2.4736e-005 1.6861e-003 1.5249e-003 2.7530e-004
          87 6.8983e-013 6.9290e-011 1.4843e-011 4.5347e-011 3.0912e-012 2.6670e-010 2.6763e-010 1.8123e-010 6.4059e-009 1.4335e-007 1.8107e-006 1.7871e-005 1.4840e-004 1.0401e-003 5.1464e-003 1.3743e-002 1.3389e-002 4.3493e-004 1.0910e-002 1.0665e-002 1.4676e-002 7.3596e-003 2.5997e-002 5.0261e-004 9.1137e-003 8.0122e-004 4.9815e-003 3.6685e-004 6.4679e-004 1.1680e-003 2.7278e-004
          88 2.3460e-012 4.9217e-011 1.0759e-011 4.2667e-011 5.2661e-012 2.1887e-010 2.5697e-010 1.9338e-010 4.8872e-009 1.1156e-007 1.4436e-006 1.4378e-005 1.1930e-004 8.4491e-004 4.3207e-003 1.2301e-002 1.3667e-002 1.1876e-003 8.1555e-003 1.2775e-002 6.8308e-003 1.6470e-002 2.2622e-002 3.4331e-004 1.0382e-002 1.3475e-006 4.7436e-003 1.4909e-003 5.1499e-005 5.9683e-004 1.7257e-004
          89 5.1298e-012 3.5816e-011 8.1891e-012 4.2061e-011 7.8458e-012 1.8678e-010 2.6096e-010 2.3450e-010 4.1201e-009 9.4291e-008 1.2551e-006 1.2640e-005 1.0475e-004 7.4823e-004 3.9436e-003 1.1914e-002 1.4884e-002 2.3438e-003 6.2432e-003 1.5109e-002 2.2160e-003 2.6231e-002 1.6608e-002 3.4351e-003 9.4218e-003 9.5668e-004 3.3355e-003 2.7395e-003 1.3770e-004 1.2888e-004 7.5306e-005
          90 9.3423e-012 2.5211e-011 6.2766e-012 4.1883e-011 1.0687e-011 1.5887e-010 2.6998e-010 3.0340e-010 3.7111e-009 8.3442e-008 1.1463e-006 1.1696e-005 9.6804e-005 6.9618e-004 3.7710e-003 1.2034e-002 1.6696e-002 3.9836e-003 4.6499e-003 1.7439e-002 1.4627e-004 3.4685e-002 9.2568e-003 9.1377e-003 6.4733e-003 3.4015e-003 1.4357e-003 3.4404e-003 8.5304e-004 1.3227e-005 5.6982e-006
          91 1.4956e-011 1.5801e-011 4.5976e-012 4.0270e-011 1.3227e-011 1.2768e-010 2.7203e-010 3.9314e-010 3.4216e-009 7.3937e-008 1.0513e-006 1.0885e-005 8.9995e-005 6.5060e-004 3.6121e-003 1.2124e-002 1.8484e-002 6.0377e-003 3.1371e-003 1.9088e-002 5.0386e-004 3.9139e-002 2.8049e-003 1.5590e-002 2.7157e-003 6.2703e-003 1.2111e-004 3.1019e-003 1.7956e-003 3.3820e-004 1.9699e-005
          92 2.1158e-011 7.7870e-012 3.0488e-012 3.5807e-011 1.4570e-011 9.1595e-011 2.5609e-010 4.8435e-010 3.1008e-009 6.2941e-008 9.2822e-007 9.7697e-006 8.0709e-005 5.8568e-004 3.3248e-003 1.1695e-002 1.9423e-002 8.1487e-003 1.7396e-003 1.9207e-002 2.9461e-003 3.7327e-002 9.3843e-006 1.9779e-002 2.2374e-004 7.8990e-003 3.5291e-004 1.8466e-003 2.3268e-003 9.0007e-004 1.0428e-004
          93 2.6649e-011 2.3265e-012 1.7552e-012 2.8758e-011 1.4159e-011 5.5861e-011 2.2072e-010 5.5400e-010 2.7099e-009 5.0498e-008 7.7349e-007 8.2884e-006 6.8464e-005 4.9807e-004 2.8847e-003 1.0601e-002 1.9048e-002 9.8363e-003 6.7546e-004 1.7540e-002 6.4281e-003 2.9785e-002 2.1346e-003 1.9515e-002 6.1127e-004 7.2406e-003 2.0836e-003 5.2184e-004 2.0639e-003 1.2948e-003 2.0613e-004
          94 3.0724e-011 8.5241e-014 8.5193e-013 2.0932e-011 1.2316e-011 2.7587e-011 1.7581e-010 5.9407e-010 2.3103e-009 3.8652e-008 6.1529e-007 6.7217e-006 5.5567e-005 4.0481e-004 2.3874e-003 9.1420e-003 1.7675e-002 1.0903e-002 1.0735e-004 1.4750e-002 9.7124e-003 1.9912e-002 7.7486e-003 1.5343e-002 3.6273e-003 4.8446e-003 4.2118e-003 5.9380e-008 1.2433e-003 1.2726e-003 2.4809e-004
          95 3.3683e-011 7.0042e-013 3.3003e-013 1.4011e-011 9.8223e-012 9.7951e-012 1.3262e-010 6.1360e-010 1.9754e-009 2.9074e-008 4.8073e-007 5.3604e-006 4.4400e-005 3.2358e-004 1.9396e-003 7.7219e-003 1.5990e-002 1.1522e-002 1.6891e-005 1.1754e-002 1.2157e-002 1.1064e-002 1.4249e-002 9.6111e-003 7.6805e-003 2.1662e-003 5.6062e-003 4.9234e-004 4.2278e-004 9.0867e-004 2.1338e-004
          96 3.6224e-011 3.4438e-012 8.3570e-014 8.6398e-012 7.2795e-012 1.4403e-012 9.6622e-011 6.2530e-010 1.7345e-009 2.2084e-008 3.7848e-007 4.3109e-006 3.5827e-005 2.6098e-004 1.5871e-003 6.5548e-003 1.4478e-002 1.1973e-002 2.9688e-004 9.0815e-003 1.3743e-002 4.7788e-003 1.9722e-002 4.4557e-003 1.1229e-002 3.9063e-004 5.7931e-003 1.6429e-003 1.5989e-005 4.4294e-004 1.4076e-004
          97 3.8896e-011 7.8105e-012 3.7528e-015 4.7634e-012 4.9644e-012 2.9271e-013 6.8364e-011 6.3678e-010 1.5814e-009 1.7215e-008 3.0455e-007 3.5445e-006 2.9603e-005 2.1541e-004 1.3266e-003 5.6713e-003 1.3311e-002 1.2453e-002 8.5969e-004 6.8643e-003 1.4677e-002 1.2131e-003 2.3268e-002 1.0846e-003 1.3353e-002 6.5177e-005 4.8764e-003 2.9269e-003 1.5657e-004 9.6880e-005 5.9967e-005
          98 4.1925e-011 1.3582e-011 1.3911e-014 2.1409e-012 2.9806e-012 4.5345e-012 4.6533e-011 6.4933e-010 1.4960e-009 1.3847e-008 2.5130e-007 2.9879e-006 2.5121e-005 1.8252e-004 1.1363e-003 5.0171e-003 1.2468e-002 1.3036e-002 1.6620e-003 5.0477e-003 1.5122e-002 8.1408e-006 2.4572e-002 2.6765e-006 1.3661e-002 1.2326e-003 3.2724e-003 3.8773e-003 7.6054e-004 5.1783e-006 7.5268e-006
          99 4.5224e-011 2.0628e-011 6.4942e-014 5.8763e-013 1.4069e-012 1.2873e-011 2.9752e-011 6.5933e-010 1.4556e-009 1.1471e-008 2.1176e-007 2.5697e-006 2.1790e-005 1.5803e-004 9.9294e-004 4.5174e-003 1.1847e-002 1.3698e-002 2.6803e-003 3.5456e-003 1.5134e-002 7.0451e-004 2.3606e-002 1.2599e-003 1.2158e-002 3.5613e-003 1.5512e-003 4.1739e-003 1.5993e-003 2.0201e-004 5.7461e-006
         100 4.8423e-011 2.8672e-011 1.2380e-013 7.3436e-015 3.6373e-013 2.4100e-011 1.7133e-011 6.6013e-010 1.4372e-009 9.7222e-009 1.8065e-007 2.2341e-006 1.9140e-005 1.3856e-004 8.7715e-004 4.1025e-003 1.1315e-002 1.4336e-002 3.8757e-003 2.3037e-003 1.4691e-002 2.7995e-003 2.0598e-002 4.4871e-003 9.2442e-003 6.4059e-003 3.1645e-004 3.7119e-003 2.3660e-003 6.1747e-004 5.4464e-005
         101 5.1071e-011 3.7231e-011 1.6759e-013 3.3090e-013 3.1088e-016 3.6785e-011 8.2386e-012 6.4577e-010 1.4217e-009 8.3716e-009 1.5470e-007 1.9454e-006 1.6868e-005 1.2192e-004 7.7645e-004 3.7247e-003 1.0770e-002 1.4831e-002 5.1805e-003 1.3133e-003 1.3787e-002 5.7200e-003 1.6136e-002 8.8985e-003 5.7015e-003 8.9501e-003 3.3109e-005 2.6581e-003 2.7776e-003 1.0979e-003 1.3892e-004
         102 5.2810e-011 4.5721e-011 1.8305e-013 1.4537e-012 4.4098e-013 4.9361e-011 2.7567e-012 6.1339e-010 1.3963e-009 7.2873e-009 1.3217e-007 1.6858e-006 1.4817e-005 1.0698e-004 6.8442e-004 3.3601e-003 1.0157e-002 1.5100e-002 6.5123e-003 5.9020e-004 1.2478e-002 8.8721e-003 1.1083e-002 1.3463e-002 2.4899e-003 1.0470e-002 8.5421e-004 1.3992e-003 2.6877e-003 1.4662e-003 2.2463e-004
         103 5.3273e-011 5.3403e-011 1.6631e-013 3.2045e-012 1.7383e-012 6.0151e-011 2.8189e-013 5.6184e-010 1.3496e-009 6.3756e-009 1.1194e-007 1.4437e-006 1.2883e-005 9.2959e-005 5.9679e-004 2.9926e-003 9.4327e-003 1.5057e-002 7.7644e-003 1.5078e-004 1.0840e-002 1.1693e-002 6.3358e-003 1.7120e-002 4.4949e-004 1.0529e-002 2.5612e-003 3.9140e-004 2.1314e-003 1.5864e-003 2.7942e-004
         104 5.2182e-011 5.9440e-011 1.2333e-013 5.3202e-012 3.8189e-012 6.7547e-011 2.3364e-013 4.9297e-010 1.2742e-009 5.5780e-009 9.3497e-008 1.2152e-006 1.1024e-005 7.9561e-005 5.1200e-004 2.6174e-003 8.5836e-003 1.4642e-002 8.8118e-003 2.3728e-007 8.9883e-003 1.3710e-002 2.6747e-003 1.9019e-002 6.8359e-005 9.1257e-003 4.6146e-003 1.9927e-007 1.3175e-003 1.4160e-003 2.8713e-004
         105 4.9828e-011 6.3564e-011 6.9471e-014 7.5176e-012 6.4955e-012 7.0934e-011 1.8184e-012 4.1518e-010 1.1772e-009 4.8968e-009 7.7340e-008 1.0090e-006 9.3173e-006 6.7314e-005 4.3385e-004 2.2568e-003 7.6829e-003 1.3944e-002 9.6084e-003 1.1452e-004 7.1301e-003 1.4739e-002 5.6438e-004 1.8921e-002 1.3039e-003 6.7681e-003 6.3866e-003 3.4715e-004 5.5238e-004 1.0350e-003 2.4533e-004
         106 4.6877e-011 6.6226e-011 2.3003e-014 9.6238e-012 9.5991e-012 7.0872e-011 4.2275e-012 3.3821e-010 1.0733e-009 4.3527e-009 6.4021e-008 8.3505e-007 7.8550e-006 5.6868e-005 3.6681e-004 1.9382e-003 6.8351e-003 1.3149e-002 1.0217e-002 4.4641e-004 5.4466e-003 1.4926e-002 7.1938e-006 1.7208e-002 3.6943e-003 4.1790e-003 7.4607e-003 1.2942e-003 8.4538e-005 5.9084e-004 1.7107e-004
         107 4.3610e-011 6.7653e-011 3.9830e-016 1.1513e-011 1.2973e-011 6.7861e-011 6.8125e-012 2.6638e-010 9.6790e-010 3.9244e-009 5.3219e-008 6.9103e-007 6.6259e-006 4.8123e-005 3.1048e-004 1.6636e-003 6.0657e-003 1.2328e-002 1.0671e-002 9.4786e-004 3.9930e-003 1.4441e-002 7.1632e-004 1.4384e-002 6.6259e-003 1.9469e-003 7.6479e-003 2.5601e-003 3.0223e-005 2.1950e-004 9.2080e-005
         108 4.0189e-011 6.8000e-011 1.6225e-014 1.3086e-011 1.6453e-011 6.2462e-011 9.0918e-012 2.0224e-010 8.6372e-010 3.5881e-009 4.4527e-008 5.7308e-007 5.6028e-006 4.0870e-005 2.6364e-004 1.4302e-003 5.3808e-003 1.1518e-002 1.0993e-002 1.5734e-003 2.7866e-003 1.3467e-002 2.2955e-003 1.1010e-002 9.4831e-003 4.8870e-004 6.9811e-003 3.8174e-003 3.8219e-004 2.0131e-005 3.1066e-005
         109 3.6978e-011 6.7877e-011 8.2794e-014 1.4383e-011 2.0031e-011 5.5676e-011 1.0833e-011 1.4815e-010 7.6793e-010 3.3447e-009 3.7804e-008 4.8024e-007 4.7868e-006 3.5111e-005 2.2639e-004 1.2416e-003 4.8104e-003 1.0814e-002 1.1278e-002 2.2992e-003 1.8348e-003 1.2262e-002 4.3661e-003 7.6641e-003 1.1856e-002 2.6362e-008 5.7133e-003 4.8165e-003 1.0400e-003 3.5635e-005 1.5225e-006
         110 3.3908e-011 6.7264e-011 2.1140e-013 1.5365e-011 2.3617e-011 4.7853e-011 1.1877e-011 1.0335e-010 6.7839e-010 3.1656e-009 3.2512e-008 4.0606e-007 4.1246e-006 3.0456e-005 1.9627e-004 1.0866e-003 4.3277e-003 1.0191e-002 1.1529e-002 3.1044e-003 1.1031e-003 1.0922e-002 6.6105e-003 4.6845e-003 1.3444e-002 4.7899e-004 4.1127e-003 5.3763e-003 1.8554e-003 2.5702e-004 1.0304e-005
         111 3.0844e-011 6.5937e-011 4.1023e-013 1.5947e-011 2.7014e-011 3.9285e-011 1.2117e-011 6.7203e-011 5.9229e-010 3.0208e-009 2.8204e-008 3.4509e-007 3.5692e-006 2.6561e-005 1.7108e-004 9.5495e-004 3.9021e-003 9.6010e-003 1.1704e-002 3.9552e-003 5.6772e-004 9.4979e-003 8.7392e-003 2.3272e-003 1.4042e-002 1.7814e-003 2.4796e-003 5.3943e-003 2.6519e-003 6.3291e-004 5.5197e-005
         112 2.7891e-011 6.4138e-011 6.8682e-013 1.6167e-011 3.0199e-011 3.0602e-011 1.1610e-011 3.9601e-011 5.1176e-010 2.9063e-009 2.4735e-008 2.9560e-007 3.1092e-006 2.3344e-005 1.5030e-004 8.4484e-004 3.5355e-003 9.0683e-003 1.1846e-002 4.8429e-003 2.1580e-004 8.0951e-003 1.0583e-002 7.6688e-004 1.3690e-002 3.6615e-003 1.1185e-003 4.9121e-003 3.2841e-003 1.0867e-003 1.2569e-004
         113 2.4889e-011 6.1533e-011 1.0409e-012 1.5936e-011 3.2903e-011 2.2118e-011 1.0386e-011 1.9755e-011 4.3412e-010 2.7948e-009 2.1778e-008 2.5360e-007 2.7087e-006 2.0537e-005 1.3221e-004 7.4758e-004 3.1986e-003 8.5338e-003 1.1887e-002 5.7211e-003 3.2847e-005 6.7186e-003 1.1958e-002 5.3127e-005 1.2433e-002 5.7930e-003 2.4793e-004 4.0160e-003 3.6241e-003 1.5247e-003 2.0805e-004
         114 2.1881e-011 5.8178e-011 1.4668e-012 1.5267e-011 3.4984e-011 1.4415e-011 8.6151e-012 7.1805e-012 3.6071e-010 2.6778e-009 1.9225e-008 2.1779e-007 2.3578e-006 1.8068e-005 1.1633e-004 6.6111e-004 2.8870e-003 7.9954e-003 1.1823e-002 6.5570e-003 8.9370e-006 5.4206e-003 1.2783e-002 1.5129e-004 1.0503e-002 7.8301e-003 5.7439e-006 2.8932e-003 3.6170e-003 1.8605e-003 2.8663e-004
         115 1.8904e-011 5.4144e-011 1.9536e-012 1.4198e-011 3.6334e-011 8.0005e-012 6.5240e-012 1.0396e-012 2.9260e-010 2.5490e-009 1.6984e-008 1.8703e-007 2.0479e-006 1.5872e-005 1.0225e-004 5.8352e-004 2.5966e-003 7.4503e-003 1.1651e-002 7.3206e-003 1.3050e-004 4.2353e-003 1.3043e-002 9.3302e-004 8.1918e-003 9.4736e-003 4.0669e-004 1.7571e-003 3.2784e-003 2.0337e-003 3.4505e-004
         116 1.5939e-011 4.9315e-011 2.4713e-012 1.2736e-011 3.6696e-011 3.2934e-012 4.3586e-012 2.5725e-013 2.2994e-010 2.3931e-009 1.4924e-008 1.5975e-007 1.7652e-006 1.3843e-005 8.9273e-005 5.1124e-004 2.3146e-003 6.8670e-003 1.1317e-002 7.9435e-003 3.7761e-004 3.1746e-003 1.2714e-002 2.1934e-003 5.7879e-003 1.0453e-002 1.3445e-003 8.0612e-004 2.6735e-003 2.0087e-003 3.7010e-004
         117 1.3106e-011 4.3987e-011 2.9926e-012 1.1011e-011 3.6106e-011 6.1901e-013 2.4225e-012 3.4885e-012 1.7476e-010 2.2149e-009 1.3047e-008 1.3589e-007 1.5113e-006 1.1997e-005 7.7483e-005 4.4501e-004 2.0467e-003 6.2670e-003 1.0848e-002 8.4059e-003 7.2260e-004 2.2706e-003 1.1909e-002 3.6874e-003 3.6116e-003 1.0675e-002 2.6155e-003 1.9839e-004 1.9360e-003 1.8043e-003 3.6038e-004
         118 1.0379e-011 3.7988e-011 3.4426e-012 9.0564e-012 3.4234e-011 4.7956e-014 9.5887e-013 9.0828e-012 1.2680e-010 1.9958e-009 1.1216e-008 1.1388e-007 1.2715e-006 1.0218e-005 6.6117e-005 3.8064e-004 1.7757e-003 5.5998e-003 1.0148e-002 8.5881e-003 1.1162e-003 1.5202e-003 1.0638e-002 5.1057e-003 1.8713e-003 1.0059e-002 3.9176e-003 9.4855e-009 1.1961e-003 1.4563e-003 3.1784e-004
         119 7.8355e-012 3.1436e-011 3.7194e-012 7.0054e-012 3.0931e-011 1.2822e-012 1.5845e-013 1.5002e-011 8.6989e-011 1.7301e-009 9.3748e-009 9.3076e-008 1.0406e-006 8.4621e-006 5.4883e-005 3.1658e-004 1.4954e-003 4.8447e-003 9.1557e-003 8.3716e-003 1.4785e-003 9.3566e-004 8.9971e-003 6.1064e-003 7.1747e-004 8.7026e-003 4.8925e-003 1.6526e-004 5.9204e-004 1.0418e-003 2.5138e-004
