   v'->v''           0           1           2           3           4           5           6           7           8           9          10          11          12          13          14
           0 2.2569e-004 9.6892e-001 5.2749e-003 2.4755e-002 6.7986e-004 1.3461e-004 1.1209e-005 2.5520e-006 4.9766e-007 5.1375e-008 1.0141e-009 1.5749e-011 1.3318e-010 6.5434e-010 7.4962e-010
           1 5.0734e-004 2.8672e-002 6.7447e-002 7.6451e-001 9.4735e-002 4.0281e-002 3.5088e-003 2.9376e-004 3.0718e-005 9.4806e-006 3.1895e-006 5.4184e-007 1.8897e-008 5.1064e-009 7.8528e-009
           2 2.6570e-003 1.3695e-003 5.2793e-002 6.9230e-002 1.8598e-001 4.5188e-001 1.8180e-001 4.7893e-002 5.8748e-003 4.4762e-004 4.2307e-005 1.6230e-005 1.0624e-005 5.1651e-006 1.8314e-006
           3 1.3683e-002 2.3444e-004 7.2335e-002 1.8061e-003 1.6603e-001 1.3957e-002 1.6189e-001 3.2567e-001 1.8091e-001 5.3265e-002 9.1611e-003 9.4047e-004 6.7514e-005 8.7205e-006 5.3014e-006
           4 5.4384e-002 4.1295e-005 1.0956e-001 3.5170e-003 8.0124e-002 2.7297e-002 9.6448e-002 5.3099e-004 1.4390e-001 2.3903e-001 1.5944e-001 6.3113e-002 1.7694e-002 3.8861e-003 7.5581e-004
           5 1.5203e-001 2.9832e-006 1.0739e-001 1.5157e-002 9.1511e-003 5.2221e-002 8.6849e-004 6.4701e-002 3.5436e-002 9.8647e-003 1.1284e-001 1.6745e-001 1.3080e-001 7.2216e-002 3.3014e-002
           6 2.7741e-001 1.1050e-004 2.9590e-002 1.4085e-002 1.5150e-002 1.2486e-002 3.2319e-002 1.8329e-002 1.6838e-002 5.6069e-002 1.2055e-002 9.8981e-003 6.2807e-002 9.1293e-002 7.8218e-002
           7 3.0110e-001 2.8046e-004 1.8532e-002 2.8927e-004 4.9719e-002 1.0825e-002 2.6090e-002 1.0871e-002 3.2195e-002 1.4574e-006 3.0056e-002 3.6778e-002 8.2762e-003 9.2256e-004 1.1475e-002
           8 1.6576e-001 2.7161e-004 1.8979e-001 1.9037e-002 4.0308e-003 3.9281e-002 5.1246e-003 2.9329e-002 1.1793e-003 2.9267e-002 9.0157e-003 3.6907e-003 2.3697e-002 2.3980e-002 1.1482e-002
           9 3.1512e-002 9.6988e-005 2.5306e-001 5.2277e-002 7.2176e-002 1.6997e-006 4.7055e-002 1.8786e-003 3.1041e-002 9.5458e-004 1.6531e-002 1.9413e-002 2.2462e-003 2.1622e-003 8.4255e-003
          10 1.4077e-004 5.4636e-006 9.0507e-002 3.2004e-002 2.1083e-001 1.1050e-001 8.0517e-005 4.6464e-002 2.3746e-004 2.7736e-002 6.8236e-003 4.0942e-003 1.6694e-002 1.1403e-002 2.9285e-003
          11 4.5850e-004 6.4923e-007 2.8911e-003 3.2137e-003 1.0562e-001 1.9041e-001 1.6620e-001 6.2296e-004 5.0891e-002 3.1185e-004 2.1522e-002 1.4394e-002 7.9747e-005 5.1496e-003 8.7079e-003
          12 1.3243e-005 6.4056e-008 8.3293e-004 1.1108e-004 4.7507e-003 5.0033e-002 2.3755e-001 1.9833e-001 8.1389e-004 5.3669e-002 2.8615e-003 1.2899e-002 1.8260e-002 5.2049e-003 6.7051e-005
          13 3.0666e-005 5.4199e-008 6.5159e-006 1.3889e-005 7.5942e-004 3.3926e-005 4.0490e-002 2.2987e-001 2.3953e-001 1.3902e-004 5.6264e-002 9.3395e-003 4.0088e-003 1.4220e-002 1.0292e-002
          14 1.7799e-005 2.1116e-008 7.8345e-005 3.2908e-005 2.7971e-005 2.6463e-004 2.2141e-004 2.4389e-002 2.4214e-001 2.5852e-001 6.2048e-004 5.4547e-002 2.0815e-002 3.2480e-005 4.2151e-003
          15 1.2069e-008 9.2455e-009 3.8067e-005 4.1750e-006 6.3818e-005 2.1453e-004 5.7410e-006 4.2493e-004 1.8139e-002 2.5231e-001 2.6249e-001 8.8150e-003 4.1759e-002 3.3932e-002 7.2669e-003
          16 3.0050e-006 1.5764e-008 6.8948e-008 1.5660e-006 5.4689e-005 8.0108e-006 2.3354e-004 1.6814e-004 1.6902e-004 1.7394e-002 2.7457e-001 2.3292e-001 3.8086e-002 1.5015e-002 3.2832e-002
          17 1.9340e-006 1.4348e-010 5.3435e-006 2.6284e-006 4.6472e-006 1.6821e-005 9.3084e-005 5.7482e-005 5.6424e-004 2.6499e-005 2.3318e-002 3.1210e-001 1.5402e-001 9.3516e-002 1.1679e-003
          18 2.4993e-007 1.3594e-009 5.5407e-006 9.4885e-007 1.7116e-006 2.0651e-005 2.2746e-006 1.1367e-004 2.9740e-006 8.4543e-004 1.0534e-003 4.2459e-002 3.4848e-001 4.1837e-002 1.1739e-001
          19 8.2934e-008 3.9893e-010 1.4817e-006 4.7541e-008 6.3166e-006 7.6589e-006 7.5132e-006 4.2739e-005 4.7595e-005 8.2289e-005 1.0136e-003 5.3685e-003 8.8464e-002 3.2551e-001 7.6705e-003
          20 4.2513e-007 3.5031e-011 1.1595e-009 1.3570e-007 4.1139e-006 2.8617e-007 1.5978e-005 4.3597e-006 6.0844e-005 2.7286e-007 1.5890e-004 1.4314e-003 1.9872e-002 1.7634e-001 1.5355e-001
          21 3.4677e-007 9.4697e-011 5.4314e-007 3.4021e-007 8.3257e-007 9.5050e-007 9.4498e-006 1.8059e-006 3.4399e-005 2.7020e-005 3.1014e-005 1.1719e-004 3.5146e-003 6.7514e-002 2.3954e-001
          22 1.0305e-007 1.9872e-010 7.2883e-007 2.2897e-007 1.7645e-013 2.0562e-006 2.1471e-006 7.4968e-006 6.7878e-006 3.9742e-005 2.3330e-007 9.3331e-005 8.4117e-007 1.4750e-002 1.8075e-001
          23 3.8665e-009 9.2195e-011 4.4141e-007 6.7053e-008 2.3328e-007 1.5719e-006 4.6930e-008 7.0042e-006 1.5604e-008 2.4435e-005 1.4339e-005 1.6627e-005 1.4163e-004 7.1687e-004 7.1763e-002
          24 9.4162e-009 7.8856e-015 1.7033e-007 5.5062e-009 4.1233e-007 7.8389e-007 2.3031e-007 4.1034e-006 1.3008e-006 1.0095e-005 1.9543e-005 2.7305e-008 4.6550e-005 2.9029e-004 1.4719e-002
          25 2.5968e-008 7.3345e-011 4.3141e-008 1.1162e-009 3.9288e-007 2.9770e-007 6.0989e-007 1.8799e-006 2.6384e-006 2.9810e-006 1.6630e-005 3.2182e-006 1.0688e-005 2.6649e-005 3.5004e-003
          26 2.7780e-008 1.6472e-010 5.0524e-009 6.3029e-009 2.8705e-007 8.5225e-008 7.1812e-007 6.9562e-007 2.8485e-006 4.6584e-007 1.1450e-005 6.0483e-006 1.8481e-006 2.0395e-005 9.1511e-005
          27 2.1057e-008 1.7468e-010 4.7680e-011 7.9435e-009 1.7824e-007 1.5545e-008 6.1014e-007 1.9994e-007 2.3117e-006 1.3593e-009 6.6581e-006 6.6778e-006 1.8748e-010 1.5918e-005 3.2382e-005
          28 1.2849e-008 1.2458e-010 1.6445e-009 6.3000e-009 9.5769e-008 9.4291e-010 4.0792e-007 4.1892e-008 1.4982e-006 6.8605e-008 3.3283e-006 5.1502e-006 3.8635e-007 6.3219e-006 1.2388e-005
          29 5.9197e-009 6.1012e-011 1.7390e-009 3.3334e-009 4.0801e-008 3.9721e-011 1.9847e-007 6.3893e-009 7.1474e-007 8.6474e-008 1.3412e-006 2.6786e-006 4.3495e-007 1.8688e-006 2.6351e-006
          30 2.3019e-009 2.4180e-011 8.9623e-010 1.3741e-009 1.5300e-008 1.3234e-010 7.9001e-008 1.1148e-009 2.8192e-007 4.6326e-008 4.8919e-007 1.0935e-006 2.2344e-007 5.7150e-007 7.8755e-007
