   v'->v''           0           1           2           3           4           5           6           7           8           9          10          11          12          13          14          15          16          17          18          19          20          21          22          23          24          25          26          27          28          29          30
           0 9.9947e-001 5.2151e-004 7.2332e-006 2.1023e-007 8.5397e-009 1.6017e-009 1.0643e-008 1.0633e-010 2.6572e-010 5.4020e-010 5.5272e-010 1.5952e-009 1.4611e-010 1.2224e-010 6.6634e-011 1.5947e-011 5.0094e-011 2.7219e-014 7.8862e-011 1.4534e-010 7.9843e-011 7.6913e-012 8.1690e-012 3.6633e-011 4.4315e-011 3.1167e-011 1.4520e-011 4.4766e-012 7.7667e-013 4.1535e-014 2.5564e-017
           1 5.2485e-004 9.9844e-001 1.0170e-003 2.2489e-005 5.2762e-007 8.4058e-010 1.5985e-008 2.2488e-008 2.6301e-009 5.1214e-012 6.0235e-009 8.0750e-011 4.8563e-009 7.0645e-010 5.2146e-010 2.8451e-010 2.1901e-010 7.2489e-010 1.1655e-010 2.0950e-010 8.7886e-010 8.4289e-010 3.1901e-010 1.8005e-011 3.7582e-011 1.3196e-010 1.5892e-010 1.2476e-010 7.5680e-011 3.6584e-011 6.0925e-012
           2 3.9258e-006 1.0301e-003 9.9753e-001 1.3894e-003 4.5031e-005 1.4116e-006 2.1300e-008 7.1708e-009 8.0999e-009 4.1823e-009 7.4977e-010 2.5833e-009 9.3880e-010 1.4073e-009 4.2853e-011 1.6459e-010 2.0816e-010 7.7760e-010 1.6472e-010 1.3657e-010 6.4169e-010 5.4683e-010 1.6144e-010 3.1916e-012 2.2554e-011 4.3304e-011 2.9488e-011 1.0583e-011 1.7855e-012 4.7966e-014 4.9458e-015
           3 6.2426e-008 1.2921e-005 1.4184e-003 9.9679e-001 1.6988e-003 7.5161e-005 3.1151e-006 1.0356e-007 4.0829e-009 2.8571e-010 1.4102e-009 5.4648e-010 6.6007e-011 1.6877e-010 3.9756e-011 1.3827e-010 3.6199e-011 2.6410e-010 7.7400e-011 8.7260e-012 5.4460e-011 2.0721e-011 2.0486e-014 3.3015e-012 7.3685e-013 2.2393e-012 1.3743e-011 2.4361e-011 2.5539e-011 1.7751e-011 3.5155e-012
           4 1.4264e-008 9.4252e-008 2.7222e-005 1.7473e-003 9.9617e-001 1.9363e-003 1.1215e-004 6.0225e-006 2.6785e-007 2.9044e-008 6.3398e-009 9.5072e-009 1.1116e-009 2.4352e-009 1.0043e-009 1.0463e-010 1.5759e-009 6.5317e-010 3.0848e-010 1.0130e-009 1.8122e-010 9.2170e-011 3.2996e-010 1.5041e-010 1.2241e-012 5.8834e-011 1.3332e-010 1.2967e-010 8.4238e-011 4.0864e-011 6.7273e-012
           5 8.7482e-009 5.7857e-009 3.8063e-007 4.8003e-005 2.0072e-003 9.9568e-001 2.0989e-003 1.5670e-004 1.0176e-005 5.9575e-007 7.6217e-008 1.3537e-008 1.3244e-008 1.6832e-009 5.0564e-009 1.7998e-009 6.6239e-010 2.3035e-009 2.0000e-009 8.7597e-011 1.4516e-009 5.8062e-010 1.6500e-011 4.0180e-010 3.4369e-010 5.9847e-011 1.2606e-011 1.1208e-010 1.6351e-010 1.2566e-010 2.5565e-011
           6 1.4745e-009 1.3630e-008 1.7118e-009 1.0049e-006 7.5590e-005 2.1930e-003 9.9533e-001 2.1707e-003 2.0846e-004 1.5379e-005 1.1813e-006 1.2644e-007 4.6409e-009 9.4687e-009 2.8906e-009 2.8260e-009 1.8207e-009 1.5217e-010 2.1541e-009 1.0253e-009 2.0001e-010 9.6049e-010 2.1676e-010 5.6286e-011 2.9008e-010 1.7898e-010 1.6045e-011 1.8655e-011 7.6065e-011 8.0693e-011 1.8422e-011
           7 9.8298e-009 1.2594e-008 1.6428e-009 1.3776e-008 2.2163e-006 1.1163e-004 2.2877e-003 9.9518e-001 2.1306e-003 2.6701e-004 2.1892e-005 2.0997e-006 2.3312e-007 1.7056e-010 6.2954e-009 3.5190e-009 1.1102e-009 1.4703e-009 6.6802e-012 1.3433e-009 2.7284e-010 2.9819e-010 5.6884e-010 7.8912e-011 3.6878e-011 1.1326e-010 4.6359e-011 2.4020e-013 1.7125e-011 3.0946e-011 8.2322e-012
           8 1.2540e-009 1.4187e-008 9.6265e-010 4.3167e-009 5.5051e-008 4.0880e-006 1.5671e-004 2.2657e-003 9.9523e-001 1.9743e-003 3.3420e-004 3.0467e-005 3.2081e-006 5.4898e-007 7.7062e-011 2.9628e-008 2.5706e-009 7.9527e-009 3.0532e-009 2.5797e-009 1.1886e-009 2.1766e-009 1.9645e-011 1.9883e-009 2.0504e-009 5.6100e-010 4.2658e-012 9.0684e-011 1.4638e-010 9.7309e-011 1.7725e-011
           9 3.1264e-009 1.1238e-009 3.4265e-009 4.8459e-009 1.4128e-009 1.8597e-007 6.8604e-006 2.1260e-004 2.1200e-003 9.9550e-001 1.7062e-003 4.1022e-004 4.0804e-005 5.0382e-006 8.5902e-007 3.0197e-008 3.6372e-008 1.4791e-009 2.8732e-009 2.8042e-009 1.3050e-009 5.0603e-010 3.9668e-010 4.2308e-010 2.1078e-009 1.8788e-009 7.2963e-010 1.3800e-010 8.2469e-012 2.7445e-013 4.0638e-013
          10 5.0888e-010 4.3729e-009 1.4106e-010 5.6616e-009 2.0686e-009 4.7775e-009 3.5473e-007 1.0624e-005 2.8221e-004 1.8523e-003 9.9596e-001 1.3399e-003 4.9556e-004 5.3526e-005 7.5880e-006 1.2440e-006 1.8612e-007 3.0257e-008 1.1433e-009 4.2062e-010 3.2739e-010 9.8505e-011 2.8725e-010 8.2179e-010 1.0189e-009 7.9000e-010 5.2264e-010 3.5860e-010 2.5255e-010 1.5366e-010 2.9507e-011
          11 2.7160e-010 1.7652e-012 4.0674e-011 9.2136e-010 4.2683e-009 1.0005e-008 4.3946e-010 7.3950e-007 1.6303e-005 3.6661e-004 1.4737e-003 9.9656e-001 9.0751e-004 5.8837e-004 6.9823e-005 1.0359e-005 2.3761e-006 2.0638e-007 1.8404e-007 8.1876e-009 1.2103e-009 5.9515e-009 8.9338e-009 3.7883e-010 4.4683e-010 1.1756e-011 9.7778e-010 2.6704e-009 2.8458e-009 1.8338e-009 3.4389e-010
          12 4.9063e-012 1.1107e-009 4.1442e-010 5.6370e-010 1.0941e-009 1.9955e-008 1.2195e-009 3.9850e-009 1.2555e-006 2.4388e-005 4.6600e-004 1.0137e-003 9.9723e-001 4.6656e-004 6.9137e-004 8.8759e-005 1.4822e-005 3.3433e-006 5.8602e-007 2.6655e-007 3.1166e-008 5.3385e-009 1.1364e-008 6.6851e-009 8.4930e-010 1.1044e-010 4.7872e-010 1.3579e-009 1.7515e-009 1.3009e-009 2.6122e-010
          13 7.4174e-010 3.9088e-010 8.1953e-011 1.7383e-009 4.5307e-011 7.9417e-010 1.2599e-008 1.1845e-008 4.6155e-008 2.2133e-006 3.6596e-005 5.7875e-004 5.3396e-004 9.9779e-001 1.1581e-004 8.0329e-004 1.1210e-004 2.0167e-005 5.0668e-006 9.8476e-007 5.1110e-007 9.6266e-008 1.7906e-008 2.3764e-008 1.8963e-008 5.4780e-009 7.6081e-010 2.2614e-010 3.2312e-010 3.8005e-010 9.5712e-011
          14 3.4283e-010 2.9216e-009 1.1164e-009 1.8137e-010 2.0770e-009 2.4352e-009 5.5245e-010 2.8667e-008 1.2368e-008 1.0532e-007 3.4743e-006 5.3979e-005 7.0006e-004 1.4094e-004 9.9799e-001 7.4171e-006 9.2367e-004 1.3951e-004 2.6945e-005 7.4145e-006 1.5960e-006 8.8583e-007 2.2960e-007 4.8184e-008 4.2889e-008 4.0723e-008 2.0419e-008 6.4852e-009 1.8147e-009 5.8270e-010 8.7977e-011
          15 7.7237e-011 7.3239e-010 3.6388e-010 9.8765e-010 1.3826e-010 4.0222e-009 1.4019e-010 1.0577e-010 1.7732e-008 5.7514e-008 3.3668e-007 5.8222e-006 7.9390e-005 8.1938e-004 5.0471e-006 9.9744e-001 3.7299e-004 1.0527e-003 1.7074e-004 3.6104e-005 1.0039e-005 2.7625e-006 1.3020e-006 4.2897e-007 1.5294e-007 9.6913e-008 6.4665e-008 3.4562e-008 1.5815e-008 6.5625e-009 1.0412e-009
          16 6.2477e-010 3.0827e-010 1.1177e-011 4.7450e-010 4.2577e-010 1.9651e-009 2.5045e-009 2.1952e-009 5.3049e-012 2.1462e-008 6.8901e-008 6.0145e-007 9.5614e-006 1.1623e-004 9.1801e-004 3.8975e-004 9.9554e-001 1.5562e-003 1.1929e-003 2.0583e-004 4.7029e-005 1.3892e-005 4.2618e-006 1.9757e-006 7.6268e-007 3.1973e-007 1.8399e-007 1.1506e-007 6.4807e-008 3.0786e-008 5.1424e-009
          17 4.2038e-010 1.2455e-009 6.8346e-011 8.6655e-011 4.1212e-011 8.5051e-010 2.5228e-010 3.4187e-009 2.8002e-010 1.0082e-010 1.2459e-009 2.1469e-007 1.1417e-006 1.5470e-005 1.6748e-004 9.6860e-004 1.6877e-003 9.9140e-001 4.0721e-003 1.3460e-003 2.4679e-004 5.8869e-005 2.0210e-005 5.6057e-006 3.1197e-006 1.4765e-006 5.4081e-007 2.4509e-007 1.4654e-007 8.3164e-008 1.5413e-008
          18 2.4490e-011 5.1474e-010 7.4680e-013 3.1619e-010 2.0806e-010 1.0342e-009 5.5118e-010 1.7750e-009 2.5950e-009 2.7192e-009 2.4451e-010 1.1524e-010 4.4539e-007 2.2210e-006 2.5146e-005 2.3529e-004 9.3678e-004 4.4767e-003 9.8375e-001 8.6467e-003 1.5155e-003 2.9252e-004 7.4677e-005 2.6044e-005 8.6760e-006 4.5110e-006 2.1911e-006 9.6761e-007 4.5835e-007 2.1803e-007 3.7737e-008
          19 7.3511e-011 3.9246e-013 1.7914e-011 1.1907e-011 1.4088e-010 1.3182e-010 8.9795e-011 9.1694e-010 5.1493e-010 2.4066e-009 1.5708e-010 1.7321e-009 1.4725e-008 7.5280e-007 4.1689e-006 4.1949e-005 3.1924e-004 7.8454e-004 9.5385e-003 9.7084e-001 1.6272e-002 1.6971e-003 3.4503e-004 9.3645e-005 3.3111e-005 1.2760e-005 6.4181e-006 3.2186e-006 1.5434e-006 6.9281e-007 1.1508e-007
          20 1.8611e-010 1.6878e-010 1.9781e-012 1.4337e-010 2.3204e-011 1.1917e-009 3.4441e-010 1.5543e-009 1.0032e-009 2.8088e-009 1.3775e-009 5.9525e-009 7.3182e-009 8.3175e-008 1.2877e-006 7.2236e-006 6.9031e-005 4.1514e-004 4.9963e-004 1.7844e-002 9.5037e-001 2.8289e-002 1.8966e-003 4.0458e-004 1.1292e-004 4.6773e-005 1.5864e-005 8.0972e-006 4.6897e-006 2.2965e-006 3.8643e-007
          21 1.2170e-010 1.8519e-010 3.3739e-011 2.3550e-010 2.7256e-010 4.2906e-010 5.2351e-010 4.7100e-013 1.1327e-009 5.4205e-010 2.5831e-010 1.7960e-010 1.6761e-008 3.1760e-008 2.5049e-007 2.4858e-006 1.3070e-005 1.0970e-004 4.9888e-004 1.5042e-004 3.0504e-002 9.1931e-001 4.6537e-002 2.1398e-003 4.6590e-004 1.3831e-004 5.9122e-005 2.3519e-005 1.1010e-005 5.1195e-006 8.6158e-007
          22 2.2598e-011 3.4966e-011 1.4437e-010 6.5302e-011 2.6636e-010 4.5811e-011 4.5179e-011 9.2765e-010 1.2551e-011 3.8076e-009 9.1732e-010 1.9682e-009 1.3152e-009 3.2262e-008 9.3264e-008 5.7176e-007 4.6488e-006 2.5103e-005 1.7113e-004 5.2715e-004 1.3580e-005 4.8609e-002 8.7380e-001 7.3561e-002 2.3558e-003 5.8849e-004 1.6000e-004 6.7539e-005 2.9625e-005 1.3282e-005 2.2299e-006
          23 2.2280e-012 1.2354e-011 2.1070e-010 5.6852e-012 7.3540e-011 6.4744e-010 1.2072e-010 8.3075e-010 2.8117e-010 1.8065e-009 2.0175e-009 7.3269e-012 1.0862e-009 8.2036e-009 6.2784e-008 1.7606e-007 1.3096e-006 8.5399e-006 4.5787e-005 2.4747e-004 4.2800e-004 7.3637e-004 7.2840e-002 8.1076e-001 1.1149e-001 2.1936e-003 7.6406e-004 2.2355e-004 9.0056e-005 3.2938e-005 4.9092e-006
          24 3.3219e-011 1.0931e-010 1.8360e-010 1.0691e-010 8.5756e-015 8.5630e-010 3.8193e-010 8.9161e-011 2.5103e-010 5.7793e-011 1.0177e-009 2.4001e-009 3.0805e-010 1.5109e-010 2.5116e-008 1.2946e-007 3.7103e-007 2.7946e-006 1.6590e-005 8.3405e-005 3.1987e-004 1.8661e-004 3.5914e-003 1.0088e-001 7.3159e-001 1.5998e-001 1.7881e-003 8.1905e-004 2.7949e-004 1.1298e-004 1.7383e-005
          25 5.9566e-011 1.8715e-010 1.1415e-010 1.9485e-010 3.4967e-011 5.3752e-010 3.6816e-010 9.3204e-011 1.5355e-011 1.6652e-010 2.3296e-010 3.5951e-009 6.8923e-010 5.1182e-012 5.8141e-009 8.5412e-008 2.1414e-007 9.3447e-007 6.3147e-006 3.2276e-005 1.3754e-004 3.1058e-004 5.2954e-007 1.0631e-002 1.2587e-001 6.3509e-001 2.2495e-001 9.8765e-004 8.4656e-004 3.2604e-004 4.8936e-005
          26 6.2059e-011 1.9125e-010 5.5142e-011 1.9655e-010 6.8790e-011 1.9978e-010 2.1014e-010 4.1242e-010 5.7613e-011 2.5606e-010 4.1566e-011 2.2646e-009 2.7615e-009 2.5195e-010 1.5165e-009 3.7516e-008 1.6251e-007 4.4075e-007 2.3343e-006 1.3456e-005 6.0532e-005 1.8901e-004 1.6193e-004 6.9805e-004 2.2399e-002 1.4473e-001 5.2528e-001 3.0419e-001 1.7830e-005 4.5865e-004 8.4245e-005
          27 4.8488e-011 1.4673e-010 2.1772e-011 1.4555e-010 6.7346e-011 4.2202e-011 8.6597e-011 5.1567e-010 1.9023e-010 1.0963e-010 1.9528e-011 9.3905e-010 3.0872e-009 1.0503e-009 9.5191e-010 1.2929e-008 1.0331e-007 2.6520e-007 9.7623e-007 5.7055e-006 2.8149e-005 9.9447e-005 1.6371e-004 4.5568e-007 4.0348e-003 3.7598e-002 1.4335e-001 4.1626e-001 3.9457e-001 2.1015e-003 1.2835e-005
          28 3.0339e-011 9.0153e-011 7.2866e-012 8.6137e-011 4.5918e-011 3.2086e-012 2.8608e-011 3.9339e-010 2.1260e-010 1.7588e-011 2.2007e-011 3.1771e-010 2.0786e-009 1.3064e-009 8.6030e-010 4.3162e-009 5.2847e-008 1.5448e-007 4.6268e-007 2.4604e-006 1.2790e-005 4.9063e-005 1.0226e-004 3.2894e-005 7.0125e-004 1.0588e-002 4.7829e-002 1.1549e-001 3.2249e-001 4.8147e-001 7.8456e-003
          29 1.4131e-011 4.1413e-011 2.0904e-012 3.8512e-011 2.2003e-011 2.1805e-014 7.9964e-012 1.9873e-010 1.2892e-010 4.8685e-013 1.7593e-011 9.5326e-011 9.5652e-010 8.2041e-010 5.4821e-010 1.4297e-009 2.1231e-008 7.0354e-008 1.9759e-007 9.5589e-007 5.0087e-006 2.0185e-005 4.6960e-005 3.0061e-005 1.2688e-004 2.9914e-003 1.5524e-002 3.8818e-002 6.8100e-002 2.6464e-001 3.1642e-001
          30 5.5115e-012 1.6040e-011 6.3016e-013 1.4724e-011 8.6481e-012 2.2241e-013 2.3716e-012 7.9753e-011 5.5710e-011 5.2907e-014 8.8000e-012 3.0105e-011 3.6681e-010 3.5779e-010 2.4708e-010 4.9051e-010 7.7113e-009 2.7225e-008 7.5504e-008 3.4844e-007 1.8186e-006 7.4834e-006 1.8210e-005 1.4155e-005 3.0159e-005 9.3117e-004 5.1600e-003 1.3339e-002 2.1845e-002 3.8237e-002 5.7037e-001
