   v'->v''           0           1           2           3           4           5           6
           0 9.9550e-001 4.4798e-003 1.7356e-005 2.9156e-007 1.9134e-011 2.6321e-008 4.6602e-009
           1 4.4883e-003 9.8438e-001 1.1056e-002 7.1102e-005 1.3609e-006 2.9835e-008 4.4886e-008
           2 8.1986e-006 1.1090e-002 9.6787e-001 2.0820e-002 2.0447e-004 4.3396e-006 1.4720e-007
           3 1.1674e-007 4.6113e-005 2.0875e-002 9.4308e-001 3.5461e-002 5.2164e-004 1.2251e-005
           4 4.9370e-010 8.3021e-007 1.7289e-004 3.5459e-002 9.0509e-001 5.7928e-002 1.3083e-003
           5 4.0790e-010 1.8609e-009 3.9556e-006 5.4928e-004 5.7551e-002 8.4512e-001 9.3153e-002
           6 3.5893e-009 5.7681e-009 1.1356e-008 1.6772e-005 1.6160e-003 9.1503e-002 7.4739e-001
           7 2.1124e-009 2.0467e-008 8.6976e-010 2.5500e-007 7.0014e-005 4.6022e-003 1.4356e-001
           8 2.3380e-010 1.8472e-008 1.2571e-008 2.0595e-009 2.2230e-006 2.9805e-004 1.3096e-002
           9 2.7199e-010 6.3132e-010 2.4939e-008 1.0119e-008 7.6049e-008 1.6605e-005 1.3390e-003
          10 7.9669e-010 2.9715e-009 3.5767e-009 2.9418e-008 4.3563e-009 1.0918e-006 1.2771e-004
          11 3.5429e-010 3.6292e-009 4.0816e-010 9.5071e-009 2.9405e-008 2.7998e-008 1.3715e-005
          12 1.2447e-010 2.2061e-009 5.7702e-009 1.1979e-010 2.1491e-008 4.9813e-009 1.2791e-006
          13 1.4131e-010 9.7777e-010 4.4448e-011 6.2274e-009 3.1998e-009 2.3065e-008 6.5902e-008
          14 3.0395e-011 1.5348e-009 2.7060e-009 8.7501e-010 5.1161e-009 1.7137e-008 1.3988e-008
          15 1.4996e-010 4.5734e-011 2.2104e-010 3.2602e-009 4.2465e-009 5.0967e-012 4.3906e-008
          16 9.0598e-012 9.9546e-010 9.4124e-010 9.7333e-011 1.8746e-009 7.0566e-009 1.3441e-008
          17 8.6922e-011 1.9812e-010 5.3515e-010 1.6599e-009 1.5388e-009 2.3972e-010 1.4892e-009
          18 1.9255e-010 2.8287e-010 1.6806e-010 6.5132e-011 1.3823e-009 2.6573e-009 9.5879e-009
          19 9.4771e-011 1.0249e-009 1.1714e-009 9.5180e-010 3.3278e-010 4.2308e-011 2.4024e-010
          20 4.0028e-012 6.4112e-010 7.5308e-010 1.3142e-009 2.1435e-009 1.9963e-009 4.8976e-009
          21 1.7397e-011 5.6385e-011 4.0544e-011 2.2337e-010 8.3197e-010 6.3539e-010 1.6326e-009
          22 4.4003e-011 7.9309e-011 1.3823e-010 7.9897e-011 1.9294e-011 1.3868e-010 6.1143e-010
          23 3.4452e-011 3.0407e-010 3.5887e-010 4.1509e-010 6.3255e-010 8.4294e-010 2.2679e-009
          24 1.1805e-011 3.2254e-010 2.6841e-010 3.4434e-010 7.0844e-010 5.0669e-010 7.6068e-010
          25 6.4419e-013 1.8537e-010 8.3551e-011 9.7530e-011 2.6511e-010 3.6254e-011 7.8904e-012
          26 1.4419e-012 6.0210e-011 2.8010e-012 3.9093e-013 1.3496e-011 6.4991e-011 4.7609e-010
          27 5.4363e-012 6.8483e-012 1.3515e-011 3.4187e-011 3.1621e-011 2.2929e-010 6.9148e-010
          28 7.2544e-012 7.0045e-013 4.0648e-011 7.8337e-011 1.0386e-010 2.6113e-010 4.8857e-010
          29 6.2443e-012 6.1614e-012 4.6479e-011 8.1410e-011 1.1723e-010 1.8845e-010 2.3711e-010
          30 3.3737e-012 6.0773e-012 2.8448e-011 4.7480e-011 7.0123e-011 8.8502e-011 8.1646e-011
