   v'->v''           0           1           2           3           4           5           6           7           8           9          10          11          12          13          14          15          16          17          18          19          20          21          22          23
           0 9.8627e-001 1.3012e-002 6.7915e-004 3.6729e-005 3.0425e-006 4.4459e-007 1.9194e-008 2.9053e-008 1.5356e-008 3.6847e-012 2.7861e-010 1.1193e-010 1.7589e-012 1.2303e-009 1.9678e-009 4.7900e-010 8.3793e-011 7.7494e-010 8.7383e-010 4.3627e-010 1.0125e-010 3.7400e-012 5.4601e-012 1.2181e-011
           1 1.4012e-014 1.4991e-012 2.6560e-011 6.9858e-010 1.4796e-008 2.4816e-007 3.2818e-006 3.4978e-005 2.9000e-004 1.8598e-003 9.1348e-003 3.4271e-002 9.6146e-002 1.9555e-001 2.7467e-001 2.4555e-001 1.1986e-001 2.1916e-002 1.1392e-004 4.0024e-004 5.8851e-009 1.5274e-005 4.8402e-006 5.3052e-007
           2 1.4092e-012 2.7904e-010 7.0174e-010 1.3296e-008 2.1772e-007 2.9803e-006 3.2550e-005 2.8150e-004 1.8568e-003 9.1663e-003 3.3007e-002 8.2703e-002 1.3071e-001 1.0132e-001 9.2423e-003 6.2127e-002 2.6611e-001 2.4905e-001 5.2154e-002 2.7433e-004 1.9322e-003 2.1821e-004 7.1422e-006 3.0331e-005
           3 1.3646e-002 9.6307e-001 2.1102e-002 1.9348e-003 1.2109e-004 1.6923e-005 2.0563e-006 1.3268e-007 8.1408e-007 1.7629e-006 6.7759e-006 1.3956e-005 1.7340e-005 7.6636e-006 3.6223e-007 1.7809e-005 2.6200e-005 4.5436e-006 2.0500e-006 1.8673e-006 7.1852e-007 1.2845e-007 4.2876e-007 1.7940e-007
           4 2.7922e-011 2.9834e-010 1.8935e-008 1.4004e-007 1.7587e-006 1.9219e-005 1.7170e-004 1.2022e-003 6.3102e-003 2.3949e-002 6.2239e-002 9.9157e-002 7.3034e-002 4.4742e-003 4.2340e-002 9.1251e-002 9.6084e-004 1.8249e-001 3.3747e-001 6.2024e-002 8.1107e-003 2.0496e-003 1.9772e-003 4.0062e-004
           5 2.0941e-010 1.0481e-008 1.1065e-006 1.0842e-006 1.0835e-005 8.9908e-005 6.4774e-004 3.6471e-003 1.5152e-002 4.3714e-002 7.9178e-002 7.1266e-002 1.1473e-002 1.9576e-002 6.7782e-002 5.6125e-003 5.3723e-002 2.7673e-002 1.2968e-001 3.9442e-001 3.2178e-002 3.6221e-002 6.7421e-004 1.1706e-003
           6 8.2435e-005 2.3366e-002 9.4956e-001 2.2753e-002 3.9601e-003 2.0290e-004 5.9405e-005 2.8993e-006 1.2958e-006 7.7187e-007 4.5625e-007 1.2669e-006 2.2418e-007 1.4448e-007 9.0708e-007 1.0884e-007 6.8140e-007 3.0681e-007 1.5851e-006 3.0579e-006 6.5092e-008 7.5138e-007 2.9796e-007 5.5443e-009
           7 2.7437e-013 8.5864e-008 6.1950e-007 1.6522e-005 5.3069e-005 3.5399e-004 1.9801e-003 8.8583e-003 2.8718e-002 6.1380e-002 7.2197e-002 2.6647e-002 3.2751e-003 5.1557e-002 1.9610e-002 1.9860e-002 4.4930e-002 8.2246e-003 3.2446e-002 1.3429e-001 4.0008e-001 2.1217e-004 4.6442e-002 2.1510e-002
           8 4.2740e-010 5.0339e-007 6.4651e-006 6.2515e-004 2.3473e-004 1.3495e-003 5.2877e-003 1.8383e-002 4.5102e-002 6.7950e-002 4.4508e-002 1.1288e-003 2.8836e-002 3.6644e-002 1.0564e-003 4.4270e-002 9.6527e-004 4.5560e-002 4.2147e-004 1.3779e-002 1.9869e-001 2.6987e-001 8.2618e-002 5.9594e-005
           9 3.2976e-007 4.4899e-004 2.6641e-002 9.4874e-001 1.4244e-002 8.3844e-003 4.2392e-005 3.0447e-004 2.3552e-007 3.0442e-006 7.5899e-005 4.5798e-005 2.2958e-008 5.1009e-005 2.1947e-005 2.3516e-005 3.6490e-005 2.2010e-005 3.2344e-005 1.6551e-005 8.2496e-005 5.1217e-004 3.9107e-005 2.7550e-005
          10 3.5373e-011 5.0296e-008 4.2224e-005 3.3329e-004 2.7390e-003 3.7762e-003 1.3351e-002 3.3047e-002 5.9310e-002 5.6953e-002 1.3359e-002 7.7985e-003 4.0778e-002 5.5737e-003 2.4266e-002 1.8045e-002 1.7228e-002 1.6597e-002 2.8254e-002 8.6203e-003 7.1916e-006 2.8330e-001 3.4332e-002 1.2085e-001
          11 2.7751e-009 7.8259e-008 2.3351e-004 2.9176e-004 7.7597e-002 1.3019e-002 3.8681e-002 5.0642e-002 5.8284e-002 2.5018e-002 1.6830e-004 2.7757e-002 1.8598e-002 4.6023e-003 2.7775e-002 3.9369e-004 2.7189e-002 1.6792e-003 2.0480e-002 1.9280e-002 2.0581e-002 2.5366e-002 1.8866e-001 5.5652e-002
          12 1.1816e-008 1.2681e-006 1.6929e-003 1.5460e-002 8.4469e-001 4.2896e-004 1.4402e-002 5.0095e-004 1.8492e-003 7.0999e-003 2.7633e-003 2.9247e-004 4.7075e-003 7.1352e-004 2.9452e-003 1.5871e-003 2.6404e-003 9.1384e-004 3.5842e-003 1.5537e-004 6.8204e-003 2.7070e-003 2.3570e-002 2.0811e-003
          13 9.1886e-010 3.5300e-008 2.7625e-005 2.7376e-003 2.9527e-002 6.5906e-002 3.7648e-002 6.8192e-002 4.2107e-002 5.6582e-003 1.1253e-002 3.0179e-002 1.4338e-003 2.1337e-002 8.6241e-003 1.5478e-002 7.7720e-003 1.9273e-002 6.5508e-004 1.8484e-002 2.3676e-002 5.6367e-002 6.2603e-002 5.9106e-003
          14 1.0051e-008 5.0331e-011 7.3000e-007 4.0922e-003 2.9231e-003 3.4515e-001 4.0840e-002 4.2949e-002 9.6883e-004 9.0385e-003 2.3746e-002 2.0221e-003 1.2223e-002 1.0371e-002 5.6623e-003 1.1357e-002 6.4912e-003 6.2753e-003 1.2879e-002 1.5833e-007 4.4568e-003 5.7089e-002 5.6029e-002 5.5797e-003
          15 8.3680e-009 1.0211e-008 1.2385e-006 2.6242e-003 3.0197e-003 4.1586e-001 8.4568e-003 3.7081e-003 3.6461e-002 1.2670e-002 4.1715e-004 1.8267e-002 4.2419e-003 9.1636e-003 8.0435e-003 7.4059e-003 5.5898e-003 1.1052e-002 2.5161e-004 1.1862e-002 3.8331e-003 1.0590e-002 1.0346e-001 3.3493e-003
          16 8.6598e-012 5.6397e-009 1.0035e-006 3.3147e-004 8.7109e-003 1.0725e-001 1.5410e-001 3.1800e-002 2.0202e-002 4.1070e-003 2.3343e-002 6.2060e-003 1.0387e-002 1.2784e-002 5.0875e-003 1.2100e-002 7.5783e-003 5.1004e-003 1.4450e-002 6.8260e-004 8.9681e-003 5.6791e-004 1.1003e-001 3.4122e-002
          17 4.4089e-009 2.9452e-009 1.5250e-007 1.5732e-005 7.8187e-003 1.2832e-002 3.0229e-001 1.3918e-003 1.0556e-003 3.2186e-002 7.1877e-003 5.8969e-003 1.6931e-002 9.6981e-004 1.5811e-002 1.0442e-003 1.2565e-002 5.8235e-003 3.2641e-003 1.2588e-002 4.4044e-003 6.9082e-003 2.0082e-002 1.0564e-001
          18 8.6623e-009 3.5877e-009 6.6076e-009 2.3292e-006 3.5713e-003 1.1798e-003 2.5357e-001 5.5741e-002 1.9825e-002 1.5499e-002 6.9425e-003 1.7688e-002 1.0330e-005 1.6733e-002 1.9615e-004 1.4660e-002 3.2059e-004 1.1004e-002 6.8450e-003 6.8689e-004 8.3108e-003 1.6093e-002 1.8775e-002 7.4691e-002
          19 4.7473e-009 4.9890e-009 5.6456e-008 4.3579e-006 7.1324e-004 9.5386e-003 9.2311e-002 1.9436e-001 4.2802e-003 9.7312e-004 2.8048e-002 1.0054e-003 1.3684e-002 4.4811e-003 1.1876e-002 2.2127e-003 1.3171e-002 1.3834e-004 9.3632e-003 8.4329e-003 5.5435e-005 1.1344e-003 5.1240e-002 4.8551e-002
          20 6.0476e-010 4.3149e-009 3.2859e-008 8.5890e-007 3.8533e-005 9.2309e-003 1.0721e-002 2.4065e-001 1.8479e-002 1.5955e-002 1.1157e-002 1.0931e-002 1.1070e-002 3.7987e-003 1.0792e-002 5.9556e-003 4.6277e-003 1.1158e-002 1.4098e-004 6.8419e-003 9.3012e-003 7.4352e-004 1.0450e-002 1.0221e-001
          21 1.3591e-010 1.5727e-009 4.7641e-009 1.0067e-008 5.2491e-006 4.3043e-003 1.1508e-003 1.6056e-001 1.1629e-001 6.6249e-003 7.0486e-004 2.3344e-002 1.0176e-004 1.4495e-002 1.7234e-005 1.2976e-002 2.4420e-003 5.6648e-003 9.7119e-003 4.7904e-004 3.4859e-003 9.8309e-003 2.7914e-004 9.1441e-002
          22 5.4392e-010 3.4922e-011 1.6218e-010 2.3903e-007 1.1931e-005 9.8565e-004 9.0330e-003 5.4510e-002 1.9919e-001 6.2756e-003 1.2703e-002 7.1600e-003 1.4139e-002 3.9498e-003 9.9630e-003 1.4906e-003 1.2081e-002 9.6867e-004 5.4270e-003 8.8397e-003 1.4560e-003 4.0968e-004 1.5880e-002 3.3315e-002
          23 1.0108e-010 2.7289e-010 1.5558e-009 1.5453e-007 2.9974e-006 5.7523e-005 9.2679e-003 4.8454e-003 1.7904e-001 6.9815e-002 7.1241e-003 9.8944e-004 1.8613e-002 2.4761e-003 1.0005e-002 4.2312e-003 4.2332e-003 1.0115e-002 4.7745e-004 4.3456e-003 7.9579e-003 2.6467e-003 3.2749e-003 5.5872e-002
          24 2.4109e-010 3.7803e-010 6.8798e-010 2.0225e-008 2.1718e-009 1.1576e-005 4.5885e-003 1.7525e-003 9.5317e-002 1.5108e-001 1.9511e-003 1.0751e-002 4.0035e-003 1.5747e-002 2.6514e-004 1.1300e-002 9.6637e-004 6.0145e-003 8.3083e-003 4.6194e-004 2.6324e-003 6.6370e-003 9.9001e-004 5.2720e-002
          25 1.4194e-009 6.2140e-011 1.4966e-012 1.9164e-009 7.6424e-007 2.8936e-005 1.1624e-003 8.2838e-003 2.6074e-002 1.7059e-001 4.3155e-002 6.6914e-003 1.4568e-003 1.3642e-002 6.4549e-003 3.7048e-003 9.0193e-003 3.5562e-005 6.4226e-003 7.1185e-003 8.3293e-004 7.7003e-004 6.7457e-003 1.1688e-002
          26 2.0384e-009 4.1452e-011 5.2379e-010 1.0140e-008 7.0635e-007 1.0331e-005 7.8901e-005 8.3995e-003 1.0197e-003 1.1962e-001 1.1262e-001 6.4222e-004 9.4065e-003 1.6432e-003 1.5242e-002 8.5218e-004 6.9061e-003 6.1236e-003 7.1620e-005 5.7997e-003 6.3334e-003 1.5862e-003 2.5148e-004 2.6444e-002
          27 1.2292e-009 1.7647e-010 8.8403e-010 4.1724e-009 1.6897e-007 2.1102e-007 1.7485e-005 4.4096e-003 2.7050e-003 5.1453e-002 1.4881e-001 2.8276e-002 5.7876e-003 2.2167e-003 8.6945e-003 1.0030e-002 1.5205e-004 7.9770e-003 4.0144e-003 1.7497e-004 4.5558e-003 5.5904e-003 1.5462e-003 1.9775e-002
          28 1.4803e-010 8.1629e-011 5.1875e-010 1.0035e-013 1.1556e-010 1.4801e-006 5.5787e-005 1.2497e-003 7.5319e-003 1.0201e-002 1.2589e-001 8.4150e-002 2.6316e-004 8.3960e-003 3.0137e-004 1.2579e-002 4.3772e-003 1.5405e-003 7.5134e-003 2.8662e-003 9.1883e-005 2.8403e-003 5.1973e-003 2.0164e-003
          29 2.1914e-010 1.0244e-011 7.5488e-011 2.0409e-009 5.5754e-008 2.4997e-006 2.9160e-005 1.1185e-004 7.1323e-003 4.6517e-007 7.1231e-002 1.2487e-001 1.9956e-002 4.6466e-003 3.1109e-003 4.4114e-003 1.1319e-002 1.2001e-003 2.8069e-003 6.5199e-003 2.4708e-003 1.2859e-006 7.2472e-004 1.4576e-002
          30 1.3817e-009 2.8249e-010 2.4513e-011 3.1383e-009 6.6411e-008 1.2054e-006 3.3145e-006 1.3950e-005 3.8626e-003 3.6074e-003 2.4457e-002 1.2100e-001 6.4486e-002 2.0303e-004 7.4134e-003 2.8494e-005 8.4405e-003 7.8832e-003 1.3663e-004 3.2390e-003 5.4612e-003 2.4880e-003 1.4216e-004 3.2937e-003
          31 2.4193e-009 6.5349e-010 1.6854e-010 1.5691e-009 2.4805e-008 1.2453e-007 9.7627e-007 7.4828e-005 1.2142e-003 6.8174e-003 2.8979e-003 8.2135e-002 1.0334e-001 1.5465e-002 3.3997e-003 4.0086e-003 1.3786e-003 9.6195e-003 4.8390e-003 1.4612e-006 2.9013e-003 4.4338e-003 2.9025e-003 5.3617e-004
          32 2.4225e-009 6.9201e-010 1.9546e-010 1.5452e-010 8.0367e-010 5.8829e-008 5.0553e-006 5.7128e-005 1.4547e-004 5.9652e-003 4.7470e-004 3.8012e-002 1.1003e-001 5.1104e-002 3.0005e-004 6.3091e-003 6.9646e-004 4.0893e-003 8.6829e-003 2.9577e-003 2.6735e-005 2.0426e-003 2.9197e-003 7.7577e-003
          33 1.5461e-009 3.8338e-010 9.4470e-011 1.2643e-010 4.5797e-009 2.7292e-007 4.6692e-006 1.5787e-005 5.4131e-006 3.2582e-003 4.1430e-003 9.8391e-003 8.4907e-002 8.5474e-002 1.3182e-002 2.1514e-003 4.6348e-003 5.7014e-005 5.8017e-003 7.0618e-003 2.0631e-003 1.7066e-006 1.0313e-003 1.8689e-005
          34 5.6346e-010 7.4065e-011 1.2669e-011 5.9214e-010 1.1617e-008 2.5949e-007 1.7613e-006 1.5770e-007 7.2712e-005 1.1030e-003 6.0199e-003 3.4920e-004 4.7749e-002 9.7080e-002 4.2186e-002 5.9404e-004 4.9474e-003 1.9151e-003 9.7540e-004 6.1195e-003 5.6359e-003 1.7815e-003 7.7207e-005 1.4778e-003
          35 5.2084e-011 6.1653e-012 1.6174e-012 7.0963e-010 9.6511e-009 1.0189e-007 1.1575e-007 3.7272e-006 7.8145e-005 1.6424e-004 4.9354e-003 1.3416e-003 1.7958e-002 8.2117e-002 7.1447e-002 1.2318e-002 1.0289e-003 4.7030e-003 3.8127e-004 1.9320e-003 5.5157e-003 4.5634e-003 1.8106e-003 1.6716e-003
          36 4.0311e-011 1.0528e-010 8.0515e-012 4.8051e-010 3.5007e-009 6.3772e-009 1.7026e-007 7.6900e-006 3.6483e-005 8.2361e-007 2.7211e-003 4.2770e-003 3.0822e-003 5.2841e-002 8.4293e-002 3.6326e-002 1.2020e-003 3.3455e-003 3.0490e-003 3.0312e-006 2.2506e-003 4.4736e-003 3.6484e-003 6.2776e-004
          37 2.1573e-010 1.6798e-010 7.3387e-013 2.1839e-010 1.4652e-010 1.3229e-008 6.1166e-007 6.1049e-006 5.8381e-006 6.0165e-005 9.8991e-004 5.1933e-003 3.2519e-005 2.4901e-002 7.5917e-002 6.0584e-002 1.2433e-002 2.2656e-004 3.9914e-003 1.6247e-003 6.1373e-005 1.9155e-003 3.1191e-003 3.8686e-003
          38 2.9883e-010 1.1346e-010 1.3056e-011 7.4248e-011 7.3063e-010 4.8800e-008 6.3664e-007 2.4348e-006 3.5838e-007 8.5381e-005 1.8151e-004 4.0636e-003 2.0438e-003 7.2999e-003 5.3734e-002 7.2600e-002 3.2551e-002 2.2747e-003 1.6897e-003 3.4068e-003 8.4119e-004 9.0223e-005 1.1665e-003 8.3040e-004
          39 2.2683e-010 2.3003e-011 7.8414e-011 2.4655e-011 2.5154e-009 5.5571e-008 3.3879e-007 2.7612e-007 5.7384e-006 5.5445e-005 5.0676e-007 2.2772e-003 4.0933e-003 5.6233e-004 2.9462e-002 6.8043e-002 5.2183e-002 1.3252e-002 2.1388e-005 2.5684e-003 2.5666e-003 5.3266e-004 2.3821e-005 7.5771e-004
          40 9.5638e-011 6.1143e-012 1.7416e-010 1.4249e-011 3.1465e-009 3.3758e-008 7.5245e-008 9.9228e-008 8.7725e-006 1.8405e-005 4.1663e-005 8.9328e-004 4.3983e-003 4.6401e-004 1.1536e-002 5.1481e-002 6.2255e-002 3.0084e-002 3.9261e-003 3.8953e-004 2.5996e-003 1.9144e-003 4.9150e-004 1.1117e-004
          41 1.1912e-011 8.2343e-011 2.4051e-010 1.7126e-011 2.3295e-009 9.7237e-009 2.0545e-010 6.7254e-007 6.8193e-006 1.3161e-006 8.0414e-005 2.0012e-004 3.3439e-003 2.4068e-003 2.3830e-003 3.1383e-002 5.9553e-002 4.5487e-002 1.4559e-002 7.1143e-004 9.2504e-004 2.2002e-003 1.4814e-003 3.1952e-004
          42 4.6936e-012 1.8201e-010 2.3709e-010 2.4907e-011 1.0357e-009 1.2302e-010 4.8126e-008 9.7227e-007 3.0957e-006 1.4859e-006 6.9020e-005 5.9797e-006 1.9235e-003 3.6992e-003 3.8274e-006 1.4761e-002 4.7101e-002 5.3136e-002 2.8360e-002 6.1700e-003 3.2817e-005 1.0337e-003 1.6229e-003 1.3141e-003
          43 3.4478e-011 2.2512e-010 1.7291e-010 3.0812e-011 1.8182e-010 3.3363e-009 1.0275e-007 7.9149e-007 6.0485e-007 6.5241e-006 3.5536e-005 2.2919e-005 8.2165e-004 3.6697e-003 9.4078e-004 4.6471e-003 3.0944e-002 5.1017e-002 3.9805e-002 1.5991e-002 2.4664e-003 1.1769e-005 7.7113e-004 7.5677e-004
          44 5.0764e-011 1.8697e-010 9.0111e-011 2.9968e-011 1.1135e-011 9.6490e-009 1.0831e-007 4.0620e-007 5.7152e-009 8.6686e-006 9.7038e-006 6.5645e-005 2.2701e-004 2.7662e-003 2.4439e-003 5.2129e-004 1.6511e-002 4.1421e-002 4.4860e-002 2.6713e-002 8.7299e-003 1.0940e-003 1.5409e-005 4.0564e-004
          45 3.5831e-011 1.0265e-010 2.8182e-011 2.2911e-011 2.4017e-010 1.2122e-008 7.4262e-008 1.0830e-007 4.4647e-007 6.9942e-006 3.0257e-007 7.2547e-005 2.0440e-005 1.6593e-003 3.1959e-003 1.3530e-004 6.6361e-003 2.8664e-002 4.2648e-002 3.4502e-002 1.7039e-002 5.0294e-003 6.9200e-004 1.1872e-005
          46 8.7334e-012 2.8210e-011 1.9416e-012 1.3856e-011 4.7979e-010 9.8476e-009 3.3064e-008 1.6310e-009 9.4153e-007 3.8101e-006 1.7756e-006 5.0918e-005 6.5912e-006 7.8374e-004 3.0234e-003 1.1980e-003 1.5732e-003 1.6710e-002 3.5009e-002 3.7085e-002 2.4547e-002 1.0928e-002 3.3214e-003 6.2046e-004
          47 1.4694e-012 3.9556e-014 2.8606e-012 6.5979e-012 5.2261e-010 5.5182e-009 7.0548e-009 3.3561e-008 1.0430e-006 1.2717e-006 5.8809e-006 2.4232e-005 4.2100e-005 2.6935e-004 2.3002e-003 2.2234e-003 3.5959e-005 7.8867e-003 2.5055e-002 3.4447e-002 2.8949e-002 1.6906e-002 7.3408e-003 2.4922e-003
          48 3.2639e-011 1.9235e-011 1.3599e-011 2.3962e-012 3.8393e-010 1.9205e-009 5.7108e-012 1.0509e-007 8.0074e-007 1.2868e-007 7.9208e-006 6.7048e-006 6.2664e-005 5.0090e-005 1.4625e-003 2.6326e-003 3.4332e-004 2.6967e-003 1.5595e-002 2.8249e-002 2.9415e-002 2.1176e-002 1.1547e-002 4.9293e-003
          49 9.6729e-011 6.2268e-011 2.1169e-011 5.9482e-013 1.8782e-010 2.1179e-010 4.5379e-009 1.4831e-007 4.4801e-007 6.1987e-008 7.1702e-006 3.2568e-007 5.8117e-005 1.1683e-007 7.7878e-004 2.4405e-003 1.1744e-003 4.4290e-004 8.2628e-003 2.0620e-002 2.6437e-002 2.2735e-002 1.4703e-002 7.3210e-003
          50 1.7045e-010 1.0129e-010 2.1440e-011 6.2750e-014 4.6502e-011 8.4557e-011 1.1666e-008 1.4543e-007 1.7086e-007 4.2925e-007 4.9241e-006 8.5365e-007 4.0175e-005 1.5391e-005 3.3832e-004 1.9119e-003 1.8032e-003 7.2652e-006 3.5477e-003 1.3441e-002 2.1389e-002 2.1637e-002 1.6099e-002 9.1002e-003
          51 2.2766e-010 1.1937e-010 1.6569e-011 4.8098e-015 6.8060e-014 6.5326e-010 1.5987e-008 1.1131e-007 3.0825e-008 7.5456e-007 2.6225e-006 3.4564e-006 2.1553e-005 3.7734e-005 1.0995e-004 1.3108e-003 2.0073e-003 3.7229e-004 1.0805e-003 7.7823e-003 1.5743e-002 1.8637e-002 1.5686e-002 9.7264e-003
          52 2.5136e-010 1.1398e-010 1.0382e-011 7.0047e-014 2.5687e-011 1.1910e-009 1.6205e-008 6.8889e-008 2.4370e-010 8.5509e-007 1.0303e-006 5.2958e-006 8.6585e-006 4.6834e-005 2.0042e-005 7.9950e-004 1.8494e-003 8.6702e-004 1.3948e-004 3.9377e-003 1.0594e-002 1.4705e-002 1.3866e-002 9.3246e-003
          53 2.3900e-010 9.2733e-011 5.4529e-012 1.5898e-013 7.5729e-011 1.3851e-009 1.3503e-008 3.4395e-008 2.2076e-008 7.5682e-007 2.4477e-007 5.6003e-006 2.2164e-006 4.2837e-005 1.1117e-007 4.3751e-004 1.4926e-003 1.1712e-003 1.1540e-005 1.6882e-003 6.5414e-003 1.0720e-002 1.1254e-002 8.1717e-003
          54 1.9930e-010 6.5902e-011 2.4711e-012 2.5204e-013 1.1105e-010 1.2494e-009 9.6779e-009 1.3332e-008 4.9965e-008 5.6198e-007 1.0924e-008 4.7473e-006 1.6184e-007 3.2299e-005 4.7093e-006 2.1551e-004 1.0834e-003 1.2091e-003 1.7023e-004 5.7740e-004 3.7092e-003 7.2416e-003 8.4176e-003 6.5356e-003
          55 1.4444e-010 4.0957e-011 9.9922e-013 3.1860e-013 1.1337e-010 9.2467e-010 6.0243e-009 3.6550e-009 6.0230e-008 3.5744e-007 1.9262e-008 3.3686e-006 7.7647e-008 2.0773e-005 1.0929e-005 9.5100e-005 7.0498e-004 1.0182e-003 3.0787e-004 1.3953e-004 1.9128e-003 4.4671e-003 5.6997e-003 4.6784e-003
          56 8.2698e-011 2.0633e-011 3.5785e-013 2.8151e-013 8.0084e-011 5.2753e-010 3.0311e-009 5.9450e-010 4.6061e-008 1.8217e-007 5.1782e-008 1.8717e-006 2.9403e-007 1.0698e-005 1.0426e-005 3.5694e-005 3.7548e-004 6.4810e-004 2.8157e-004 1.8742e-005 8.3494e-004 2.2903e-003 3.1500e-003 2.6976e-003
