   v'->v''           0           1           2           3           4           5           6           7           8           9          10          11          12          13          14          15          16          17          18          19          20          21          22          23
           0 1.7615e-004 3.5205e-004 1.5993e-003 8.1902e-003 3.4738e-002 1.0852e-001 2.3114e-001 3.0901e-001 2.2878e-001 7.2795e-002 4.1275e-003 4.0470e-004 3.8344e-005 6.4697e-005 3.3035e-006 5.8711e-006 5.0354e-006 6.6822e-007 5.4921e-008 5.2438e-007 5.7458e-007 2.9143e-007 7.8823e-008 9.8534e-009
           1 9.3064e-001 6.4925e-002 3.1855e-003 3.8695e-004 8.2001e-005 1.7056e-006 5.2742e-005 2.2068e-004 3.0249e-004 1.6739e-004 2.5458e-005 1.4930e-008 4.1594e-007 3.1579e-008 4.8963e-013 3.0880e-008 9.2726e-009 1.5808e-009 3.7359e-009 5.9201e-010 1.8346e-012 3.5239e-013 8.0388e-012 1.4348e-011
           2 8.8533e-003 5.0145e-002 5.0429e-002 6.1760e-002 9.6399e-002 1.1597e-001 6.2208e-002 4.9928e-005 1.1131e-001 2.6108e-001 1.6170e-001 1.9556e-002 3.1012e-004 1.5895e-004 1.4050e-004 6.4388e-006 1.0500e-005 1.2049e-005 3.5212e-006 8.3075e-008 5.0224e-007 1.0713e-006 8.6615e-007 4.4258e-007
           3 5.5055e-002 6.6293e-001 1.3447e-001 8.3713e-003 8.3539e-004 1.1131e-002 1.7046e-002 4.4054e-003 6.0352e-003 4.2951e-002 4.5657e-002 1.0966e-002 2.4172e-005 1.1918e-004 2.3176e-005 6.5681e-007 7.4967e-006 2.5026e-006 1.1539e-007 1.2526e-007 4.1626e-007 4.0520e-007 2.2029e-007 7.9645e-008
           4 3.5030e-003 1.2260e-001 1.0383e-001 1.7487e-001 1.0638e-001 2.8105e-002 2.2666e-003 4.4471e-002 2.4650e-002 1.8363e-002 1.7618e-001 1.6846e-001 2.5667e-002 2.5791e-004 1.1763e-004 1.6833e-004 2.4657e-005 2.3817e-006 1.1689e-005 8.5453e-006 2.6214e-006 1.8311e-007 7.0033e-008 2.3438e-007
           5 1.4795e-003 7.9784e-002 3.6804e-001 6.2052e-002 9.0233e-003 5.0369e-002 2.9422e-002 5.8389e-004 3.6970e-002 1.2370e-002 4.3790e-002 1.9335e-001 1.0736e-001 4.3349e-003 8.2098e-004 6.5725e-005 2.5178e-005 5.5512e-005 1.8085e-005 1.3595e-006 6.6124e-007 2.7356e-006 2.7501e-006 1.6018e-006
           6 2.2556e-004 1.4918e-002 2.1543e-001 6.8896e-002 1.3162e-001 1.5754e-002 1.5007e-002 3.9688e-002 7.5072e-004 3.8574e-002 1.5054e-002 7.1451e-002 2.6510e-001 1.0570e-001 7.6742e-004 6.2333e-004 3.1681e-004 1.7526e-005 1.5272e-005 2.9859e-005 2.0024e-005 7.2447e-006 1.2729e-006 4.7766e-008
           7 5.0761e-005 3.4095e-003 9.1893e-002 2.6046e-001 1.8058e-002 4.5293e-002 4.0549e-002 4.2306e-004 3.2879e-002 3.5523e-003 3.4510e-002 1.3478e-002 9.5185e-002 2.8316e-001 7.6527e-002 2.3958e-005 8.3278e-005 3.0289e-004 1.3015e-004 1.2204e-005 9.8880e-007 9.2032e-006 1.1186e-005 7.2362e-006
           8 1.0224e-005 7.0620e-004 2.3680e-002 2.1206e-001 5.5878e-002 7.8750e-002 1.2200e-003 3.8734e-002 3.5121e-003 2.4621e-002 8.1942e-003 3.2955e-002 1.4815e-002 1.2432e-001 3.1923e-001 6.0507e-002 3.9379e-004 5.7658e-005 1.0258e-004 1.5889e-004 7.5450e-005 2.3215e-005 3.3262e-006 1.8755e-008
           9 2.2610e-006 1.7430e-004 5.4562e-003 9.7905e-002 1.8618e-001 4.1858e-003 5.5791e-002 9.9719e-003 1.8926e-002 1.3139e-002 1.3872e-002 1.3868e-002 2.8624e-002 1.8311e-002 1.4107e-001 3.4171e-001 4.9773e-002 3.7562e-004 4.2883e-004 3.6457e-007 5.5438e-005 7.1920e-005 5.2107e-005 2.5795e-005
          10 5.3535e-007 4.6679e-005 1.3522e-003 3.2012e-002 1.8104e-001 3.8561e-002 4.7630e-002 1.0380e-002 2.5397e-002 3.3504e-003 2.0220e-002 5.2988e-003 1.9751e-002 2.3553e-002 2.5167e-002 1.4947e-001 3.6875e-001 4.6891e-002 4.5530e-005 7.9455e-004 1.1554e-004 8.9839e-007 9.5051e-006 1.6976e-005
          11 1.2732e-007 1.2201e-005 4.0118e-004 8.8256e-003 1.0370e-001 1.1698e-001 2.9426e-003 4.3699e-002 1.2615e-003 2.2377e-002 5.2606e-004 2.0461e-002 4.2730e-004 2.5280e-002 1.5979e-002 3.9021e-002 1.3686e-001 4.0330e-001 5.6191e-002 3.1438e-004 9.0133e-004 2.8095e-004 6.8310e-005 1.4947e-005
          12 3.0317e-008 3.1514e-006 1.4043e-004 2.5031e-003 4.5117e-002 1.3072e-001 1.3256e-002 3.3799e-002 8.9702e-003 1.4070e-002 7.5787e-003 7.3387e-003 1.3330e-002 1.2576e-003 2.8063e-002 6.4997e-003 6.2156e-002 9.5403e-002 4.3853e-001 8.6248e-002 3.4010e-003 8.7663e-004 3.1682e-004 1.1772e-004
          13 7.9214e-009 8.6553e-007 5.2441e-005 8.2874e-004 1.7117e-002 9.4840e-002 4.5455e-002 8.5459e-003 2.3660e-002 1.2650e-003 1.4553e-002 1.4869e-006 1.2583e-002 3.7108e-003 7.7107e-003 2.4181e-002 3.7042e-005 8.9558e-002 3.1842e-002 4.4569e-001 1.5974e-001 1.6773e-002 9.3582e-004 2.3947e-004
          14 2.6841e-009 2.7909e-007 2.0027e-005 3.2704e-004 6.3290e-003 5.4570e-002 5.4789e-002 6.1338e-005 2.1585e-002 9.1800e-004 9.7558e-003 2.8564e-003 4.5036e-003 8.1014e-003 1.0593e-004 1.4615e-002 1.1354e-002 9.8653e-003 9.1378e-002 1.5764e-003 3.4216e-001 2.9395e-001 6.7378e-002 3.1010e-003
