   v'->v''           0           1           2           3           4           5           6           7           8           9          10          11          12          13          14          15          16          17          18          19          20          21          22          23          24          25
           0 5.2635e-007 3.5158e-006 1.1084e-005 2.2656e-005 3.5752e-005 5.0894e-005 7.8706e-005 1.5331e-004 4.0520e-004 1.3150e-003 4.6740e-003 1.6212e-002 4.9483e-002 1.2272e-001 2.2789e-001 2.8731e-001 2.1326e-001 7.1273e-002 4.6762e-003 2.6422e-004 2.0088e-005 2.5798e-005 8.6589e-006 8.8448e-007 1.4624e-009 6.3592e-008
           1 1.0848e-002 6.1795e-002 1.5690e-001 2.3599e-001 2.3561e-001 1.6574e-001 8.5333e-002 3.3190e-002 1.0171e-002 2.6515e-003 6.6903e-004 1.7917e-004 3.6128e-005 6.1239e-007 6.8343e-005 2.1770e-004 2.8288e-004 1.5783e-004 2.4257e-005 2.3693e-008 3.3381e-007 2.2048e-008 5.2851e-009 2.8429e-010 9.2178e-010 1.3020e-009
           2 1.6078e-003 6.6105e-003 1.0348e-002 6.7558e-003 7.2520e-004 1.6748e-003 9.5256e-003 1.7740e-002 2.3818e-002 3.0938e-002 4.4730e-002 6.9539e-002 9.8859e-002 1.0049e-001 4.3143e-002 1.6797e-003 1.1821e-001 2.5299e-001 1.4671e-001 1.2949e-002 9.2470e-004 4.1527e-005 7.9622e-005 3.3489e-005 8.6955e-006 1.7528e-006
           3 2.7850e-002 1.0092e-001 1.2842e-001 5.2321e-002 3.5736e-004 6.8703e-002 1.5960e-001 1.6518e-001 1.0486e-001 4.4263e-002 1.0824e-002 2.1134e-004 3.6997e-003 1.3345e-002 1.5044e-002 2.6159e-003 7.7813e-003 4.3682e-002 4.2525e-002 7.7956e-003 6.4706e-005 8.5408e-005 3.3858e-005 6.6640e-006 6.3370e-007 1.4938e-008
           4 1.7693e-002 4.7295e-002 3.4074e-002 1.0825e-003 1.9314e-002 4.6726e-002 2.4556e-002 4.2816e-005 2.3788e-002 7.2294e-002 1.0274e-001 9.6767e-002 5.6038e-002 8.2633e-003 9.2840e-003 4.7706e-002 1.7746e-002 2.8455e-002 1.9110e-001 1.4444e-001 8.1059e-003 2.3877e-003 2.5045e-005 4.0171e-005 4.3613e-005 1.8388e-005
           5 4.0223e-002 8.3395e-002 3.3178e-002 3.6671e-003 6.0410e-002 5.1579e-002 7.9093e-004 4.0834e-002 1.0477e-001 8.6461e-002 2.4521e-002 2.4451e-004 2.4370e-002 4.2348e-002 1.4909e-002 4.3204e-003 3.9699e-002 6.2892e-003 6.8087e-002 2.0539e-001 6.2191e-002 7.9786e-004 7.9368e-004 4.8036e-004 1.3383e-004 2.8002e-005
           6 4.2182e-002 6.1860e-002 7.5266e-003 2.0749e-002 4.9840e-002 6.4242e-003 2.0946e-002 6.4467e-002 2.8850e-002 9.7123e-004 4.5148e-002 7.5981e-002 3.7983e-002 1.7623e-004 2.5212e-002 3.0199e-002 3.5577e-004 4.4291e-002 3.9082e-003 1.3910e-001 2.6343e-001 2.1206e-002 8.1037e-003 3.6830e-004 1.8463e-005 4.9887e-005
           7 5.4353e-002 5.4221e-002 1.1588e-004 4.1172e-002 3.1047e-002 2.7356e-003 5.3022e-002 3.1346e-002 2.3673e-003 5.9526e-002 6.8314e-002 1.1585e-002 9.0710e-003 4.0179e-002 1.5176e-002 5.7616e-003 3.1322e-002 1.2191e-004 4.0940e-002 1.2116e-005 2.2889e-001 2.0890e-001 3.7681e-004 4.7441e-003 2.5654e-003 7.3075e-004
           8 5.7040e-002 3.6261e-002 3.4296e-003 4.4485e-002 7.4847e-003 2.2158e-002 4.2121e-002 3.8684e-004 3.9547e-002 5.1687e-002 2.5923e-003 2.5455e-002 4.9609e-002 8.5057e-003 1.1687e-002 2.8103e-002 3.5473e-007 2.9290e-002 1.0390e-003 3.9431e-002 8.0717e-003 3.5519e-001 1.0657e-001 2.4504e-002 9.4899e-004 1.6586e-005
           9 5.8978e-002 2.1904e-002 1.2444e-002 3.6893e-002 2.9636e-006 3.7141e-002 1.5198e-002 1.2732e-002 4.8603e-002 5.8247e-003 2.3637e-002 5.2870e-002 7.7237e-003 1.3956e-002 2.9257e-002 1.3353e-004 2.3289e-002 3.6950e-003 2.2955e-002 2.0045e-003 3.2421e-002 4.9890e-002 4.3082e-001 6.3425e-003 2.4580e-002 9.2944e-003
          10 5.7357e-002 1.1084e-002 2.1009e-002 2.3531e-002 5.2382e-003 3.5044e-002 6.5259e-004 3.2249e-002 2.1572e-002 6.3882e-003 4.8268e-002 1.3197e-002 1.0557e-002 3.3865e-002 1.8510e-003 1.8316e-002 9.4427e-003 1.0957e-002 9.9990e-003 1.6565e-002 2.1000e-003 1.9552e-002 1.6887e-001 3.4972e-001 3.9934e-002 9.5718e-004
          11 5.2362e-002 4.3394e-003 2.5466e-002 1.1385e-002 1.3743e-002 2.2497e-002 3.0429e-003 3.3228e-002 1.8338e-003 2.7620e-002 2.6629e-002 1.7568e-003 3.4698e-002 9.4390e-003 9.8870e-003 1.8082e-002 1.6480e-003 1.7254e-002 1.8818e-003 1.4364e-002 1.0993e-002 1.9216e-003 2.3537e-003 3.7644e-001 9.1592e-002 6.1912e-002
          12 4.5512e-002 1.1141e-003 2.5480e-002 3.9433e-003 1.8789e-002 1.0366e-002 1.0935e-002 2.1426e-002 1.8463e-003 3.1582e-002 3.8875e-003 1.9422e-002 2.3959e-002 6.8270e-004 2.2030e-002 1.7907e-003 1.3908e-002 2.7146e-003 1.3233e-002 2.2849e-004 1.4602e-002 6.7210e-003 2.1096e-003 1.5008e-002 5.0583e-001 2.0307e-002
          13 3.6704e-002 8.4360e-005 2.1761e-002 7.5306e-004 1.8471e-002 3.2188e-003 1.4991e-002 9.5023e-003 8.3510e-003 2.0640e-002 4.8779e-004 2.5713e-002 5.7253e-003 1.0489e-002 1.3484e-002 1.9482e-003 1.2451e-002 1.0010e-003 9.7318e-003 4.0531e-003 3.2894e-003 1.1627e-002 3.3587e-003 5.2868e-003 1.5776e-001 1.9739e-001
          14 2.6757e-002 3.3502e-005 1.6041e-002 1.5931e-005 1.4432e-002 5.5616e-004 1.3544e-002 2.9921e-003 1.0855e-002 9.4816e-003 4.3901e-003 1.8156e-002 7.4691e-005 1.4166e-002 3.6222e-003 6.7804e-003 4.6814e-003 4.9710e-003 2.6007e-003 7.1118e-003 6.0524e-006 5.7933e-003 6.7613e-003 1.3175e-003 3.0662e-002 4.1264e-001
