   v'->v''           0           1           2           3           4           5           6           7           8           9          10          11          12          13          14          15          16          17          18          19          20          21          22          23          24          25
           0 2.2555e-002 1.0796e-001 2.2560e-001 2.7217e-001 2.1079e-001 1.0993e-001 3.9378e-002 9.7038e-003 1.6149e-003 1.7363e-004 1.1773e-005 5.2789e-007 1.0305e-008 1.1326e-010 2.7095e-009 2.6728e-009 8.8204e-011 4.2915e-010 3.4308e-010 5.0582e-010 1.3127e-014 1.9327e-010 1.6345e-010 3.5917e-011 6.0354e-013 1.1121e-012
           1 6.3744e-002 1.6827e-001 1.2692e-001 7.9308e-003 5.4943e-002 1.9265e-001 2.1077e-001 1.2185e-001 4.2455e-002 9.2723e-003 1.2641e-003 1.0826e-004 6.4555e-006 2.4272e-007 7.5335e-010 1.7415e-008 2.6519e-008 6.0016e-010 4.1626e-009 1.0966e-009 2.6977e-009 5.9711e-011 6.1673e-010 8.0038e-010 3.4679e-010 8.4789e-011
           2 1.0165e-001 1.3197e-001 1.0007e-002 5.7417e-002 1.1593e-001 1.5539e-002 4.5641e-002 1.8734e-001 1.9703e-001 1.0152e-001 2.9951e-002 5.3475e-003 6.0843e-004 5.0628e-005 2.9906e-006 1.8874e-008 8.6141e-008 6.0160e-008 8.1542e-011 1.9225e-009 2.3479e-009 1.4495e-009 2.3381e-010 1.4929e-009 1.0903e-009 3.7235e-010
           3 1.1990e-001 6.2605e-002 1.2803e-002 9.2279e-002 1.0650e-002 5.2968e-002 9.6849e-002 3.8801e-003 7.6788e-002 2.0579e-001 1.7208e-001 7.2389e-002 1.7796e-002 2.8113e-003 3.0700e-004 1.6581e-005 3.6891e-008 2.8517e-007 6.4697e-010 1.8760e-011 1.1627e-008 1.7170e-008 1.0447e-009 2.0634e-009 3.9178e-009 2.0708e-009
           4 1.1717e-001 1.5942e-002 4.9993e-002 4.1851e-002 1.5561e-002 7.4350e-002 1.2507e-003 7.1622e-002 6.9087e-002 1.7524e-003 1.2679e-001 2.1368e-001 1.3977e-001 4.9338e-002 1.0469e-002 1.2484e-003 3.7559e-005 2.2976e-006 1.6981e-007 7.7514e-008 1.1510e-007 1.2724e-011 4.3758e-008 3.4389e-008 9.9293e-009 1.7713e-009
           5 1.0598e-001 5.0171e-004 6.3649e-002 4.5063e-003 5.1837e-002 1.9304e-002 3.3074e-002 5.4412e-002 4.0578e-003 9.2888e-002 3.5224e-002 2.5448e-002 1.7734e-001 2.0180e-001 1.0116e-001 2.5953e-002 2.8303e-003 2.7314e-005 8.5473e-006 1.9811e-007 2.5158e-008 2.0632e-007 8.1304e-008 9.9102e-009 3.3669e-010 1.4767e-011
           6 9.4646e-002 3.7263e-003 5.5294e-002 3.1398e-003 5.2865e-002 6.7451e-004 5.8260e-002 1.4682e-003 6.0306e-002 2.3585e-002 3.5286e-002 9.7327e-002 3.5840e-003 9.0267e-002 2.1809e-001 1.5316e-001 4.4376e-002 4.0249e-003 4.1535e-007 1.5539e-005 1.6354e-006 1.8021e-007 4.7673e-008 1.0305e-007 4.7377e-008 1.4382e-008
           7 7.9899e-002 1.5567e-002 3.4584e-002 2.0951e-002 2.6738e-002 2.2250e-002 2.9409e-002 1.9270e-002 4.2209e-002 9.9641e-003 6.8409e-002 4.4420e-005 8.6890e-002 4.8426e-002 2.4055e-002 2.0115e-001 2.0191e-001 6.3975e-002 4.2285e-003 6.1596e-005 1.2712e-005 5.3612e-006 1.5956e-006 1.8118e-007 2.6226e-009 1.2336e-009
           8 6.5293e-002 2.8507e-002 1.5235e-002 3.6809e-002 4.9223e-003 4.0817e-002 2.2717e-003 4.4772e-002 2.6281e-003 4.9853e-002 7.8279e-003 5.2041e-002 3.1509e-002 3.1728e-002 8.8152e-002 3.7452e-004 1.6921e-001 2.4509e-001 7.9821e-002 2.8024e-003 3.5873e-004 4.1214e-009 5.8078e-006 3.6305e-006 1.3105e-006 3.7197e-007
           9 5.1710e-002 3.8195e-002 3.5072e-003 4.0921e-002 4.2169e-004 3.7052e-002 4.6584e-003 3.4098e-002 9.2959e-003 3.5493e-002 1.1692e-002 4.5220e-002 8.5728e-003 6.6414e-002 8.2022e-004 9.0632e-002 8.0003e-003 1.3767e-001 2.8622e-001 8.7924e-002 5.6330e-004 8.2642e-004 6.1561e-005 7.4599e-008 1.5265e-006 1.0457e-006
          10 1.3495e-044 1.3973e-044 2.1402e-047 1.1683e-044 2.2944e-045 7.4242e-045 6.1135e-045 4.2099e-045 9.4171e-045 2.4443e-045 1.2354e-044 1.9199e-045 1.5380e-044 3.0118e-045 1.7059e-044 6.3141e-045 1.8125e-044 1.5160e-044 2.9563e-044 1.8919e-043 1.2429e-042 1.1266e-039 1.5344e-035 1.3374e-028 1.1701e-018 1.7504e-005
          11 3.6482e-031 3.9357e-031 2.0422e-035 3.1589e-031 7.5818e-032 1.8770e-031 1.8791e-031 9.4856e-032 2.8023e-031 4.5354e-032 3.6099e-031 2.7761e-032 4.5058e-031 4.1603e-032 5.1975e-031 9.6680e-032 5.9155e-031 2.4533e-031 1.0592e-030 2.9868e-030 7.3346e-031 5.9366e-033 9.5470e-033 2.2492e-027 1.4434e-017 4.6793e-005
          12 6.6897e-042 7.5312e-042 5.0764e-045 5.7748e-042 1.6855e-042 3.1728e-042 3.8955e-042 1.3847e-042 5.6061e-042 4.9308e-043 7.0520e-042 1.8076e-043 8.7522e-042 2.3798e-043 1.0373e-041 7.0207e-043 1.2383e-041 2.0125e-042 2.2931e-041 2.3603e-041 1.5775e-040 2.0563e-037 2.1698e-033 1.2788e-026 5.8441e-017 3.8757e-005
          13 3.3472e-040 4.0748e-040 3.0782e-042 2.8462e-040 1.1593e-040 1.3163e-040 2.3783e-040 3.9176e-041 3.1849e-040 4.0070e-042 3.7808e-040 9.7593e-043 4.5386e-040 3.5576e-042 5.4712e-040 9.9684e-043 6.7927e-040 7.9007e-044 1.2100e-039 9.9773e-042 3.3216e-038 1.8550e-035 1.4996e-031 5.9472e-025 1.4098e-015 5.8953e-005
          14 6.1966e-038 8.1172e-038 1.6874e-039 5.1288e-038 2.7948e-038 1.9288e-038 5.1540e-038 3.0601e-039 6.3857e-038 1.9587e-040 7.0405e-038 4.5049e-039 7.9454e-038 9.2567e-039 9.3568e-038 1.1022e-038 1.1452e-037 1.4594e-038 1.8122e-037 6.8284e-038 4.7271e-036 1.1132e-033 6.7324e-030 1.7873e-023 2.1825e-014 9.0861e-005
          15 6.0428e-035 8.4789e-035 3.3275e-036 4.8111e-035 3.4047e-035 1.4046e-035 5.6840e-035 5.7503e-037 6.4696e-035 2.9578e-036 6.5091e-035 1.3642e-035 6.6938e-035 2.5355e-035 7.3847e-035 3.4226e-035 8.4574e-035 5.0355e-035 1.1086e-034 1.8638e-034 1.5344e-033 5.3057e-032 2.2025e-028 3.8942e-022 2.4334e-013 1.3925e-004
          16 1.6736e-023 2.4115e-023 1.1569e-024 1.3073e-023 1.0217e-023 3.3864e-024 1.6403e-023 3.5824e-026 1.7999e-023 1.3778e-024 1.7352e-023 5.1353e-024 1.7007e-023 9.2770e-024 1.8014e-023 1.2712e-023 1.9716e-023 1.8746e-023 2.3272e-023 6.1500e-023 2.0428e-022 2.8981e-023 4.0171e-024 1.6062e-021 7.6582e-013 2.0837e-004
          17 2.6506e-033 3.9673e-033 2.4598e-034 2.0061e-033 1.8054e-033 4.2555e-034 2.7380e-033 2.3621e-036 2.8384e-033 3.8683e-034 2.5520e-033 1.1705e-033 2.2990e-033 2.0345e-033 2.2484e-033 2.8030e-033 2.2387e-033 4.0768e-033 2.1435e-033 1.1125e-032 5.8038e-033 1.5675e-030 5.6257e-027 6.5728e-021 2.0884e-012 2.0010e-004
          18 4.3800e-032 6.9667e-032 6.1537e-033 3.1131e-032 3.5119e-032 4.3305e-033 4.8427e-032 1.0966e-033 4.5247e-032 1.2565e-032 3.5398e-032 3.0413e-032 2.6371e-032 4.9588e-032 2.0819e-032 6.6993e-032 1.5437e-032 9.2405e-032 6.9116e-033 1.8461e-031 3.5012e-032 5.1026e-029 1.1724e-025 8.9924e-020 1.4423e-011 2.7611e-004
          19 3.0374e-030 5.1167e-030 6.0187e-031 2.0019e-030 2.8042e-030 1.5268e-031 3.5131e-030 2.4835e-031 2.9206e-030 1.4021e-030 1.9172e-030 2.9047e-030 1.0712e-030 4.4221e-030 5.4945e-031 5.7096e-030 1.6574e-031 7.2524e-030 3.5445e-032 1.0607e-029 1.2842e-029 1.5786e-027 2.0628e-024 1.0276e-018 8.2576e-011 3.7702e-004
          20 1.4972e-027 2.6628e-027 3.9779e-028 9.0291e-028 1.5618e-027 2.5607e-029 1.7738e-027 2.5353e-028 1.2914e-027 9.8565e-028 6.7436e-028 1.7985e-027 2.3074e-028 2.5355e-027 3.0575e-029 3.0596e-027 2.7696e-029 3.4715e-027 5.0416e-028 3.6475e-027 8.6113e-027 1.0323e-025 3.1685e-023 1.0043e-017 4.0113e-010 5.0846e-004
          21 1.4150e-016 2.5637e-016 4.1314e-017 8.2407e-017 1.5352e-016 1.3326e-018 1.6827e-016 2.9324e-017 1.1635e-016 1.0343e-016 5.5019e-017 1.8107e-016 1.4309e-017 2.4779e-016 2.3752e-019 2.9034e-016 9.9349e-018 3.1374e-016 7.6234e-017 2.8938e-016 8.1758e-016 2.4812e-015 8.6013e-017 2.1892e-016 8.2685e-010 6.8660e-004
          22 2.0026e-026 3.7496e-026 6.8696e-027 1.0891e-026 2.3224e-026 2.4291e-029 2.3829e-026 5.7040e-027 1.4888e-026 1.7314e-026 5.6755e-027 2.8180e-026 6.4245e-028 3.6387e-026 4.1959e-028 4.0078e-026 4.8699e-027 3.9038e-026 1.9651e-026 2.7377e-026 1.0873e-025 3.3752e-026 4.1957e-022 8.5631e-017 1.6853e-009 6.7159e-004
          23 1.8655e-025 3.6676e-025 8.0227e-026 9.0041e-026 2.3713e-025 7.3924e-028 2.1879e-025 7.9145e-026 1.1424e-025 1.9927e-025 2.7168e-026 2.9055e-025 2.9534e-028 3.3891e-025 3.3820e-026 3.3107e-025 1.2518e-025 2.6068e-025 3.2351e-025 9.7450e-026 8.3587e-025 4.8131e-024 5.1827e-021 6.4572e-016 6.2060e-009 8.7225e-004
          24 7.3700e-024 1.5178e-023 3.8808e-024 3.1012e-024 1.0139e-023 1.9321e-025 8.3644e-024 4.2960e-024 3.5219e-024 9.2701e-024 3.6402e-025 1.2102e-023 4.9072e-025 1.2530e-023 3.5094e-024 1.0440e-023 8.9117e-024 5.9689e-024 1.7591e-023 4.5290e-025 2.5771e-023 1.9407e-022 6.0981e-020 4.3652e-015 2.0301e-008 1.1246e-003
          25 2.6029e-021 5.6024e-021 1.6460e-021 9.3539e-022 3.8321e-021 1.7799e-022 2.8065e-021 1.9668e-021 9.0573e-022 3.7061e-021 8.5492e-024 4.3128e-021 5.7575e-022 3.8733e-021 2.2480e-021 2.5941e-021 4.5648e-021 8.4714e-022 7.2442e-021 1.3540e-022 6.7017e-021 3.7178e-020 1.0021e-018 2.6739e-014 5.9617e-008 1.4402e-003
          26 2.2353e-010 4.8749e-010 1.4903e-010 7.6171e-011 3.3531e-010 1.9078e-011 2.3635e-010 1.8122e-010 6.9334e-011 3.2834e-010 7.9768e-015 3.6831e-010 6.3646e-011 3.1479e-010 2.2209e-010 1.9372e-010 4.2632e-010 4.7915e-011 6.3470e-010 3.0640e-011 5.1386e-010 2.4815e-009 5.0029e-009 5.4823e-011 1.0211e-007 1.8406e-003
          27 1.3789e-020 3.0955e-020 1.0303e-020 4.1311e-021 2.1502e-020 1.7983e-021 1.3862e-020 1.2920e-020 3.1764e-021 2.1490e-020 1.6737e-022 2.2124e-020 6.2249e-021 1.6700e-020 1.7827e-020 8.1166e-021 3.0478e-020 6.3518e-022 3.9273e-020 6.3240e-021 2.3295e-020 8.3706e-020 3.5533e-018 1.5000e-013 1.5870e-007 1.8282e-003
          28 8.8720e-020 2.0732e-019 7.7253e-020 2.1521e-020 1.4516e-019 1.8799e-020 8.1538e-020 9.9507e-020 1.1687e-020 1.4694e-019 6.8346e-021 1.3236e-019 6.5454e-020 8.0227e-020 1.5192e-019 2.2871e-020 2.2265e-019 1.9522e-021 2.2998e-019 1.0238e-019 7.8074e-020 2.5386e-019 4.4695e-017 7.7768e-013 3.8677e-007 2.3034e-003
          29 2.4292e-018 5.8982e-018 2.4359e-018 4.6010e-019 4.1343e-018 7.5796e-019 1.9987e-018 3.1681e-018 1.4033e-019 4.1632e-018 4.7529e-019 3.2319e-018 2.5683e-018 1.4651e-018 5.0434e-018 1.2911e-019 6.3513e-018 6.0989e-019 5.0866e-018 4.7514e-018 6.6085e-019 4.7676e-018 5.7403e-016 3.7701e-012 8.7051e-007 2.8889e-003
          30 8.9436e-016 2.2525e-015 1.0221e-015 1.2617e-016 1.5706e-015 3.8430e-016 6.4377e-016 1.3236e-015 1.1532e-017 1.5473e-015 3.2450e-016 1.0143e-015 1.2398e-015 3.0397e-016 2.1005e-015 2.6391e-018 2.2553e-015 6.1475e-016 1.3170e-015 2.3952e-015 4.4270e-018 1.5913e-015 3.8589e-014 1.8149e-011 1.8285e-006 3.6167e-003
          31 1.8580e-005 4.7184e-005 2.1862e-005 2.4268e-006 3.2830e-005 8.5371e-006 1.2917e-005 2.8230e-005 1.2974e-007 3.2106e-005 7.5800e-006 2.0159e-005 2.7158e-005 5.3319e-006 4.4520e-005 2.7097e-007 4.5964e-005 1.5070e-005 2.4602e-005 5.2357e-005 2.4851e-008 3.2565e-005 4.4991e-004 3.6055e-004 1.2258e-004 3.9803e-003
          32 1.5412e-015 4.0198e-015 1.9892e-015 1.5186e-016 2.7715e-015 8.6854e-016 9.4564e-016 2.5344e-015 4.0012e-019 2.6292e-015 8.8009e-016 1.4152e-015 2.6230e-015 2.1725e-016 3.8633e-015 1.7572e-016 3.4775e-015 1.9357e-015 1.3210e-015 4.8909e-015 2.2896e-016 2.4568e-015 1.6512e-015 7.1277e-011 3.6206e-006 4.5173e-003
          33 8.1124e-015 2.1880e-014 1.1730e-014 5.0837e-016 1.4833e-014 5.7762e-015 4.1167e-015 1.4553e-014 1.7626e-016 1.3338e-014 6.5809e-015 5.6678e-015 1.6099e-014 2.0542e-016 2.0618e-014 3.0325e-015 1.5131e-014 1.5168e-014 2.9286e-015 2.7264e-014 5.3856e-015 9.2765e-015 5.8613e-015 3.0487e-010 6.8410e-006 5.6356e-003
          34 1.8438e-013 5.1350e-013 2.9651e-013 6.3145e-015 3.4046e-013 1.6103e-013 7.4617e-014 3.5495e-013 1.4368e-014 2.8559e-013 1.9787e-013 9.0392e-014 4.0889e-013 6.8989e-016 4.5287e-013 1.3910e-013 2.5937e-013 4.5057e-013 1.1964e-014 5.9546e-013 2.6192e-013 1.0022e-013 5.6801e-014 1.3569e-009 1.2494e-005 7.0302e-003
          35 2.9497e-010 8.4716e-010 5.2416e-010 4.1272e-012 5.4653e-010 3.0845e-010 9.0960e-011 6.0048e-010 4.9656e-011 4.2052e-010 3.9718e-010 9.0433e-011 7.0495e-010 2.3301e-011 6.6819e-010 3.5922e-010 2.7819e-010 8.5754e-010 2.8089e-012 8.3459e-010 6.6286e-010 2.7947e-011 4.6330e-011 3.5890e-008 2.2708e-005 8.7912e-003
          36 9.7119e-003 2.7964e-002 1.7400e-002 1.2302e-004 1.7994e-002 1.0302e-002 2.9191e-003 1.9852e-002 1.7244e-003 1.3733e-002 1.3304e-002 2.8407e-003 2.3322e-002 8.7173e-004 2.1801e-002 1.2233e-002 8.7928e-003 2.8550e-002 1.5757e-004 2.7054e-002 2.2485e-002 7.0131e-004 2.1772e-003 4.8723e-001 3.5784e-002 5.2046e-002
          37 3.6796e-011 1.0883e-010 7.1819e-011 9.2748e-014 6.7984e-011 4.5149e-011 8.1419e-012 7.8145e-011 1.0722e-011 4.7115e-011 5.9636e-011 5.8524e-012 9.1767e-011 9.0735e-012 7.3257e-011 6.3316e-011 1.9557e-011 1.1813e-010 7.2187e-012 8.2746e-011 1.0972e-010 9.4044e-013 4.4890e-011 9.3433e-009 4.0000e-005 1.1061e-002
          38 1.9515e-010 5.9375e-010 4.1613e-010 7.0423e-014 3.5740e-010 2.7621e-010 2.8479e-011 4.2703e-010 8.6781e-011 2.1859e-010 3.6809e-010 1.1040e-011 4.9326e-010 9.6800e-011 3.2409e-010 4.3325e-010 4.2713e-011 6.4958e-010 1.1575e-010 3.1099e-010 6.8421e-010 7.3576e-011 3.2417e-010 4.7106e-008 7.3572e-005 1.3998e-002
          39 5.0117e-009 1.5666e-008 1.1617e-008 3.9790e-011 9.0454e-009 8.0616e-009 4.2367e-010 1.1169e-008 3.1319e-009 4.7691e-009 1.0695e-008 2.6744e-011 1.2492e-008 4.0700e-009 6.5378e-009 1.3414e-008 1.9114e-010 1.6338e-008 5.7383e-009 4.8479e-009 1.8829e-008 5.2125e-009 5.3438e-009 2.6222e-007 1.4937e-004 1.7864e-002
          40 7.1700e-003 2.2880e-002 1.7697e-002 1.5111e-004 1.2741e-002 1.2647e-002 3.3692e-004 1.6087e-002 5.6242e-003 5.8562e-003 1.6583e-002 2.4848e-005 1.7350e-002 7.8727e-003 7.3367e-003 2.1411e-002 4.1075e-006 2.2123e-002 1.1813e-002 3.9419e-003 2.6916e-002 1.2020e-002 3.0390e-003 1.9298e-002 5.2295e-001 4.6917e-002
          41 5.9195e-007 1.8990e-006 1.4846e-006 1.5135e-008 1.0470e-006 1.0683e-006 2.3024e-008 1.3291e-006 4.9030e-007 4.6277e-007 1.3950e-006 5.1680e-009 1.4176e-006 6.9651e-007 5.6338e-007 1.8101e-006 3.9119e-009 1.7903e-006 1.0558e-006 2.7045e-007 2.2052e-006 1.0938e-006 1.7192e-007 1.9029e-007 1.0005e-004 2.3883e-002
          42 2.2197e-007 7.2996e-007 5.9968e-007 1.1857e-008 3.8265e-007 4.4425e-007 2.3117e-009 4.9694e-007 2.3314e-007 1.3701e-007 5.6559e-007 1.4952e-008 4.9778e-007 3.4843e-007 1.3967e-007 7.4156e-007 2.7998e-008 5.8977e-007 5.4119e-007 2.7482e-008 7.6418e-007 5.8702e-007 3.7278e-011 1.2474e-006 4.6217e-004 3.1492e-002
          43 1.6466e-006 5.5446e-006 4.7719e-006 1.5057e-007 2.7522e-006 3.6168e-006 5.9690e-011 3.6402e-006 2.1175e-006 7.6443e-007 4.4520e-006 2.9484e-007 3.3709e-006 3.2454e-006 5.9212e-007 5.7831e-006 6.3300e-007 3.6282e-006 5.0105e-006 8.7291e-010 4.8918e-006 5.4616e-006 4.3880e-007 1.1555e-005 1.3542e-003 4.5131e-002
          44 2.0107e-004 6.9234e-004 6.2206e-004 2.7910e-005 3.2437e-004 4.7971e-004 1.5943e-006 4.3509e-004 3.0711e-004 6.6243e-005 5.6702e-004 6.7787e-005 3.6674e-004 4.7397e-004 3.2421e-005 7.1763e-004 1.5146e-004 3.4558e-004 7.1201e-004 1.7703e-005 4.8112e-004 7.6264e-004 1.7258e-004 6.4868e-004 1.7403e-002 1.0586e-001
          45 4.5996e-003 1.5918e-002 1.4441e-002 6.9570e-004 7.3542e-003 1.1174e-002 5.6910e-005 9.8911e-003 7.2883e-003 1.3833e-003 1.3071e-002 1.7493e-003 8.1356e-003 1.1243e-002 5.7856e-004 1.6406e-002 3.9223e-003 7.3827e-003 1.6740e-002 6.2912e-004 1.0348e-002 1.7817e-002 4.6864e-003 1.1044e-002 1.6516e-001 1.2950e-001
          46 1.1755e-004 4.1364e-004 3.8725e-004 2.3133e-005 1.8204e-004 3.0252e-004 4.0486e-006 2.4672e-004 2.0896e-004 2.5020e-005 3.4086e-004 6.3592e-005 1.8550e-004 3.2033e-004 4.5305e-006 4.1358e-004 1.4292e-004 1.4497e-004 4.5995e-004 4.3627e-005 2.0764e-004 4.7687e-004 1.8524e-004 6.5487e-005 2.4147e-004 6.2135e-002
          47 2.5468e-004 9.1360e-004 8.8680e-004 6.6098e-005 3.7797e-004 6.9860e-004 1.9284e-005 5.1552e-004 5.1232e-004 3.1914e-005 7.4853e-004 1.9468e-004 3.4166e-004 7.7273e-004 4.3631e-009 8.6131e-004 4.3268e-004 2.0941e-004 1.0492e-003 1.9884e-004 3.0774e-004 1.0442e-003 5.6890e-004 5.3236e-007 5.2367e-003 1.2117e-001
          48 1.0812e-003 3.9388e-003 3.9337e-003 3.4359e-004 1.5441e-003 3.1130e-003 1.3169e-004 2.1123e-003 2.3833e-003 7.5213e-005 3.1868e-003 1.0489e-003 1.2397e-003 3.5251e-003 2.5745e-005 3.4742e-003 2.2911e-003 5.7413e-004 4.5269e-003 1.2985e-003 8.6440e-004 4.3228e-003 2.9545e-003 2.9524e-004 2.0444e-002 1.6186e-001
          49 1.3864e-003 5.1141e-003 5.2261e-003 5.1427e-004 1.9128e-003 4.1454e-003 2.3372e-004 2.6189e-003 3.2773e-003 4.8673e-005 4.0733e-003 1.6006e-003 1.3686e-003 4.7504e-003 1.1334e-004 4.2132e-003 3.4306e-003 4.5768e-004 5.7838e-003 2.2082e-003 7.0781e-004 5.3055e-003 4.3058e-003 9.2678e-004 1.5800e-002 3.2866e-002
          50 9.5249e-004 3.5677e-003 3.7485e-003 4.2231e-004 1.2545e-003 2.9766e-003 2.2646e-004 1.7161e-003 2.4395e-003 7.8218e-006 2.7683e-003 1.3326e-003 7.5782e-004 3.4319e-003 1.9210e-004 2.6532e-003 2.7758e-003 1.3489e-004 3.8735e-003 2.0154e-003 2.2111e-004 3.3508e-003 3.3393e-003 1.1339e-003 3.4833e-003 1.1118e-003
          51 8.9514e-004 3.4071e-003 3.6847e-003 4.7345e-004 1.1167e-003 2.9234e-003 2.9142e-004 1.5222e-003 2.4789e-003 2.0083e-007 2.5497e-003 1.5009e-003 5.4017e-004 3.3584e-003 3.4665e-004 2.2184e-003 3.0148e-003 2.2327e-005 3.4506e-003 2.4122e-003 4.5056e-005 2.7669e-003 3.4365e-003 1.5316e-003 2.6207e-004 1.1430e-002
          52 9.4112e-004 3.6386e-003 4.0462e-003 5.8574e-004 1.1068e-003 3.2009e-003 4.0192e-004 1.4992e-003 2.7965e-003 1.3950e-005 2.6042e-003 1.8493e-003 4.0546e-004 3.6284e-003 5.9015e-004 2.0210e-003 3.5632e-003 3.7599e-006 3.3453e-003 3.0690e-003 1.2413e-006 2.4451e-003 3.8164e-003 2.0517e-003 1.6963e-004 1.1259e-002
          53 9.4184e-004 3.6980e-003 4.2256e-003 6.8283e-004 1.0382e-003 3.3268e-003 5.1183e-004 1.3932e-003 2.9839e-003 5.0063e-005 2.5084e-003 2.1316e-003 2.6451e-004 3.6855e-003 8.6546e-004 1.6971e-003 3.9173e-003 7.7668e-005 2.9945e-003 3.5717e-003 8.4316e-005 1.9478e-003 3.9007e-003 2.4575e-003 9.6813e-004 4.5981e-003
          54 9.0789e-004 3.6200e-003 4.2491e-003 7.6120e-004 9.3141e-004 3.3225e-003 6.1417e-004 1.2339e-003 3.0501e-003 1.0642e-004 2.3031e-003 2.3338e-003 1.4279e-004 3.5619e-003 1.1453e-003 1.3169e-003 4.0648e-003 2.4005e-004 2.4903e-003 3.8742e-003 2.8827e-004 1.3899e-003 3.7110e-003 2.7229e-003 1.6010e-003 5.6018e-004
          55 8.7361e-004 3.5370e-003 4.2630e-003 8.4124e-004 8.2768e-004 3.3041e-003 7.2193e-004 1.0780e-003 3.0952e-003 1.8215e-004 2.0873e-003 2.5177e-003 5.7753e-005 3.3928e-003 1.4398e-003 9.6790e-004 4.1283e-003 4.8005e-004 1.9809e-003 4.0693e-003 5.9382e-004 8.9619e-004 3.3980e-003 2.9103e-003 1.8908e-003 9.1637e-005
          56 8.4306e-004 3.4654e-003 4.2865e-003 9.2608e-004 7.3158e-004 3.2867e-003 8.3690e-004 9.3242e-004 3.1325e-003 2.7625e-004 1.8746e-003 2.6901e-003 1.0730e-005 3.1991e-003 1.7446e-003 6.6576e-004 4.1249e-003 7.8490e-004 1.5005e-003 4.1658e-003 9.7784e-004 4.9877e-004 3.0009e-003 3.0200e-003 1.9730e-003 8.2622e-004
          57 8.1259e-004 3.3904e-003 4.3017e-003 1.0118e-003 6.3997e-004 3.2567e-003 9.5501e-004 7.9377e-004 3.1490e-003 3.8609e-004 1.6597e-003 2.8377e-003 1.0215e-006 2.9721e-003 2.0439e-003 4.1426e-004 4.0396e-003 1.1358e-003 1.0618e-003 4.1450e-003 1.4093e-003 2.1183e-004 2.5363e-003 3.0314e-003 1.9755e-003 1.3462e-003
          58 7.8261e-004 3.3139e-003 4.3106e-003 1.0983e-003 5.5369e-004 3.2159e-003 1.0752e-003 6.6389e-004 3.1460e-003 5.0942e-004 1.4473e-003 2.9589e-003 2.7336e-005 2.7203e-003 2.3286e-003 2.1992e-004 3.8800e-003 1.5144e-003 6.8430e-004 4.0138e-003 1.8578e-003 4.5597e-005 2.0410e-003 2.9442e-003 1.9679e-003 1.4327e-003
          59 7.5436e-004 3.2411e-003 4.3198e-003 1.1868e-003 4.7391e-004 3.1699e-003 1.1980e-003 5.4484e-004 3.1289e-003 6.4470e-004 1.2428e-003 3.0565e-003 8.7522e-005 2.4546e-003 2.5939e-003 8.6448e-005 3.6604e-003 1.9042e-003 3.8313e-004 3.7892e-003 2.2972e-003 8.7011e-007 1.5530e-003 2.7690e-003 1.9688e-003 1.2981e-003
          60 7.2668e-004 3.1672e-003 4.3229e-003 1.2752e-003 4.0006e-004 3.1144e-003 1.3205e-003 4.3645e-004 3.0937e-003 7.8867e-004 1.0473e-003 3.1249e-003 1.7857e-004 2.1782e-003 2.8290e-003 1.4440e-005 3.3854e-003 2.2851e-003 1.6643e-004 3.4809e-003 2.6984e-003 7.0287e-005 1.0998e-003 2.5141e-003 1.9627e-003 1.1271e-003
          61 6.9816e-004 3.0862e-003 4.3112e-003 1.3602e-003 3.3168e-004 3.0437e-003 1.4386e-003 3.3878e-004 3.0350e-003 9.3681e-004 8.6173e-004 3.1571e-003 2.9623e-004 1.8942e-003 3.0217e-003 2.5971e-006 3.0612e-003 2.6349e-003 3.8743e-005 3.1019e-003 3.0329e-003 2.3947e-004 7.0546e-004 2.1931e-003 1.9251e-003 9.9389e-004
          62 6.6936e-004 3.0002e-003 4.2873e-003 1.4416e-003 2.6949e-004 2.9606e-003 1.5513e-003 2.5302e-004 2.9562e-003 1.0861e-003 6.9003e-004 3.1551e-003 4.3572e-004 1.6119e-003 3.1681e-003 4.7269e-005 2.7044e-003 2.9388e-003 1.2327e-007 2.6776e-003 3.2840e-003 4.8824e-004 3.9034e-004 1.8315e-003 1.8407e-003 9.0714e-004
          63 6.4154e-004 2.9150e-003 4.2589e-003 1.5212e-003 2.1418e-004 2.8714e-003 1.6599e-003 1.8012e-004 2.8639e-003 1.2355e-003 5.3580e-004 3.1253e-003 5.9271e-004 1.3414e-003 3.2708e-003 1.4272e-004 2.3344e-003 3.1899e-003 4.5397e-005 2.2359e-003 3.4463e-003 7.9403e-004 1.6650e-004 1.4579e-003 1.7070e-003 8.5110e-004
          64 6.1563e-004 2.8350e-003 4.2325e-003 1.6010e-003 1.6594e-004 2.7812e-003 1.7660e-003 1.2024e-004 2.7640e-003 1.3847e-003 4.0100e-004 3.0741e-003 7.6361e-004 1.0895e-003 3.3338e-003 2.8227e-004 1.9671e-003 3.3853e-003 1.6579e-004 1.8007e-003 3.5212e-003 1.1347e-003 3.7382e-005 1.0977e-003 1.5303e-003 8.0618e-004
          65 5.9099e-004 2.7576e-003 4.2047e-003 1.6796e-003 1.2436e-004 2.6878e-003 1.8679e-003 7.2901e-005 2.6553e-003 1.5309e-003 2.8569e-004 3.0006e-003 9.4371e-004 8.5869e-004 3.3548e-003 4.5834e-004 1.6111e-003 3.5181e-003 3.5014e-004 1.3876e-003 3.5071e-003 1.4873e-003 2.7919e-007 7.6961e-004 1.3201e-003 7.5557e-004
          66 5.6683e-004 2.6793e-003 4.1703e-003 1.7547e-003 8.9109e-005 2.5887e-003 1.9625e-003 3.7700e-005 2.5359e-003 1.6702e-003 1.8996e-004 2.9033e-003 1.1275e-003 6.5145e-004 3.3313e-003 6.6217e-004 1.2746e-003 3.5821e-003 5.8493e-004 1.0106e-003 3.4053e-003 1.8288e-003 4.8138e-005 4.8905e-004 1.0898e-003 6.8944e-004
          67 5.4284e-004 2.5987e-003 4.1269e-003 1.8246e-003 6.0029e-005 2.4831e-003 2.0476e-003 1.4276e-005 2.4062e-003 1.7996e-003 1.1404e-004 2.7830e-003 1.3094e-003 4.7050e-004 3.2636e-003 8.8425e-004 9.6640e-004 3.5760e-003 8.5490e-004 6.8289e-004 3.2237e-003 2.1382e-003 1.6964e-004 2.6777e-004 8.5500e-004 6.0576e-004
          68 5.1956e-004 2.5184e-003 4.0786e-003 1.8906e-003 3.7018e-005 2.3744e-003 2.1246e-003 2.1425e-006 2.2703e-003 1.9189e-003 5.7968e-005 2.6456e-003 1.4864e-003 3.1854e-004 3.1587e-003 1.1163e-003 6.9509e-004 3.5066e-003 1.1455e-003 4.1506e-004 2.9784e-003 2.4013e-003 3.5030e-004 1.1252e-004 6.3162e-004 5.0923e-004
          69 4.9747e-004 2.4410e-003 4.0295e-003 1.9543e-003 1.9840e-005 2.2656e-003 2.1950e-003 6.3642e-007 2.1320e-003 2.0287e-003 2.1182e-005 2.4965e-003 1.6562e-003 1.9672e-004 3.0240e-003 1.3515e-003 4.6631e-004 3.3831e-003 1.4438e-003 2.1301e-004 2.6871e-003 2.6090e-003 5.7416e-004 2.4409e-005 4.3241e-004 4.0738e-004
          70 4.7639e-004 2.3658e-003 3.9788e-003 2.0150e-003 8.1721e-006 2.1566e-003 2.2581e-003 9.0129e-006 1.9920e-003 2.1275e-003 2.7371e-006 2.3378e-003 1.8155e-003 1.0497e-004 2.8632e-003 1.5822e-003 2.8277e-004 3.2118e-003 1.7365e-003 7.8514e-005 2.3640e-003 2.7536e-003 8.2424e-004 3.1870e-007 2.6622e-004 3.0769e-004
          71 4.5646e-004 2.2936e-003 3.9282e-003 2.0734e-003 1.6878e-006 2.0488e-003 2.3147e-003 2.6492e-005 1.8525e-003 2.2156e-003 1.4929e-006 2.1731e-003 1.9628e-003 4.2599e-005 2.6825e-003 1.8029e-003 1.4571e-004 3.0020e-003 2.0134e-003 1.0433e-005 2.0254e-003 2.8328e-003 1.0845e-003 3.4183e-005 1.3893e-004 2.1668e-004
          72 4.3741e-004 2.2233e-003 3.8761e-003 2.1288e-003 5.0682e-008 1.9417e-003 2.3639e-003 5.2283e-005 1.7137e-003 2.2917e-003 1.6170e-005 2.0038e-003 2.0953e-003 8.3087e-006 2.4852e-003 2.0076e-003 5.4591e-005 2.7609e-003 2.2643e-003 5.0679e-006 1.6841e-003 2.8460e-003 1.3396e-003 1.1787e-004 5.2981e-005 1.3887e-004
          73 4.1868e-004 2.1523e-003 3.8178e-003 2.1783e-003 2.9320e-006 1.8333e-003 2.4025e-003 8.5466e-005 1.5746e-003 2.3526e-003 4.5331e-005 1.8302e-003 2.2086e-003 4.5124e-007 2.2735e-003 2.1892e-003 7.8316e-006 2.4941e-003 2.4786e-003 5.6732e-005 1.3514e-003 2.7928e-003 1.5742e-003 2.4152e-004 8.1767e-006 7.7183e-005
          74 4.0073e-004 2.0830e-003 3.7578e-003 2.2240e-003 9.9873e-006 1.7264e-003 2.4332e-003 1.2520e-004 1.4383e-003 2.4005e-003 8.7427e-005 1.6570e-003 2.3039e-003 1.6950e-005 2.0551e-003 2.3459e-003 2.7613e-006 2.2141e-003 2.6527e-003 1.5797e-004 1.0412e-003 2.6825e-003 1.7787e-003 3.9446e-004 1.9735e-006 3.3466e-005
          75 3.8363e-004 2.0159e-003 3.6973e-003 2.2665e-003 2.0877e-005 1.6218e-003 2.4569e-003 1.7067e-004 1.3062e-003 2.4363e-003 1.4090e-004 1.4867e-003 2.3810e-003 5.5388e-005 1.8350e-003 2.4760e-003 3.5613e-005 1.9297e-003 2.7839e-003 3.0029e-004 7.6281e-004 2.5240e-003 1.9456e-003 5.6594e-004 2.9913e-005 8.0137e-006
          76 3.6727e-004 1.9506e-003 3.6356e-003 2.3054e-003 3.5253e-005 1.5196e-003 2.4730e-003 2.2102e-004 1.1787e-003 2.4596e-003 2.0411e-004 1.3210e-003 2.4391e-003 1.1312e-004 1.6170e-003 2.5774e-003 1.0192e-004 1.6484e-003 2.8697e-003 4.7446e-004 5.2314e-004 2.3261e-003 2.0693e-003 7.4518e-004 8.6437e-005 1.2158e-009
          77 3.5201e-004 1.8891e-003 3.5768e-003 2.3432e-003 5.2838e-005 1.4215e-003 2.4847e-003 2.7571e-004 1.0577e-003 2.4735e-003 2.7573e-004 1.1629e-003 2.4812e-003 1.8758e-004 1.4063e-003 2.6523e-003 1.9697e-004 1.3784e-003 2.9135e-003 6.7184e-004 3.2731e-004 2.1013e-003 2.1497e-003 9.2332e-004 1.6560e-004 7.7274e-006
          78 3.3718e-004 1.8280e-003 3.5147e-003 2.3759e-003 7.3239e-005 1.3254e-003 2.4879e-003 3.3357e-004 9.4168e-004 2.4742e-003 3.5383e-004 1.0115e-003 2.5032e-003 2.7576e-004 1.2034e-003 2.6962e-003 3.1541e-004 1.1229e-003 2.9115e-003 8.8239e-004 1.7712e-004 1.8560e-003 2.1829e-003 1.0903e-003 2.6095e-004 2.8924e-005
          79 3.2288e-004 1.7681e-003 3.4508e-003 2.4043e-003 9.6116e-005 1.2319e-003 2.4837e-003 3.9383e-004 8.3178e-004 2.4632e-003 4.3682e-004 8.6867e-004 2.5067e-003 3.7476e-004 1.0119e-003 2.7108e-003 4.5183e-004 8.8781e-004 2.8675e-003 1.0973e-003 7.3576e-005 1.6012e-003 2.1713e-003 1.2390e-003 3.6611e-004 6.0959e-005
          80 3.0934e-004 1.7106e-003 3.3877e-003 2.4303e-003 1.2124e-004 1.1423e-003 2.4743e-003 4.5610e-004 7.2893e-004 2.4429e-003 5.2362e-004 7.3604e-004 2.4944e-003 4.8217e-004 8.3456e-004 2.6994e-003 6.0144e-004 6.7738e-004 2.7873e-003 1.3095e-003 1.5534e-005 1.3474e-003 2.1200e-003 1.3648e-003 4.7546e-004 1.0115e-004
          81 2.9625e-004 1.6540e-003 3.3227e-003 2.4518e-003 1.4822e-004 1.0557e-003 2.4579e-003 5.1933e-004 6.3269e-004 2.4118e-003 6.1240e-004 6.1363e-004 2.4652e-003 5.9499e-004 6.7248e-004 2.6615e-003 7.5880e-004 4.9370e-004 2.6729e-003 1.5109e-003 3.2027e-007 1.1014e-003 2.0318e-003 1.4629e-003 5.8310e-004 1.4663e-004
          82 2.8388e-004 1.5999e-003 3.2592e-003 2.4712e-003 1.7692e-004 9.7322e-004 2.4373e-003 5.8341e-004 5.4393e-004 2.3733e-003 7.0249e-004 5.0264e-004 2.4228e-003 7.1132e-004 5.2761e-004 2.6020e-003 9.1998e-004 3.3910e-004 2.5320e-003 1.6971e-003 2.4123e-005 8.7157e-004 1.9143e-003 1.5326e-003 6.8478e-004 1.9481e-004
          83 2.7196e-004 1.5469e-003 3.1944e-003 2.4867e-003 2.0691e-004 8.9415e-004 2.4108e-003 6.4729e-004 4.6224e-004 2.3259e-003 7.9215e-004 4.0292e-004 2.3666e-003 8.2835e-004 4.0029e-004 2.5210e-003 1.0800e-003 2.1404e-004 2.3676e-003 1.8619e-003 8.2192e-005 6.6259e-004 1.7716e-003 1.5718e-003 7.7593e-004 2.4301e-004
          84 2.6074e-004 1.4966e-003 3.1318e-003 2.5007e-003 2.3816e-004 8.1946e-004 2.3812e-003 7.1106e-004 3.8813e-004 2.2730e-003 8.8108e-004 3.1508e-004 2.3002e-003 9.4478e-004 2.9137e-004 2.4240e-003 1.2362e-003 1.1877e-004 2.1875e-003 2.0035e-003 1.6923e-004 4.7960e-004 1.6120e-003 1.5829e-003 8.5419e-004 2.8923e-004
          85 2.5002e-004 1.4477e-003 3.0692e-003 2.5117e-003 2.7029e-004 7.4855e-004 2.3473e-003 7.7389e-004 3.2120e-004 2.2137e-003 9.6788e-004 2.3874e-004 2.2236e-003 1.0583e-003 2.0056e-004 2.3117e-003 1.3847e-003 5.2314e-005 1.9954e-003 2.1182e-003 2.7958e-004 3.2496e-004 1.4402e-003 1.5664e-003 9.1698e-004 3.3159e-004
          86 2.3982e-004 1.4008e-003 3.0075e-003 2.5205e-003 3.0317e-004 6.8158e-004 2.3101e-003 8.3555e-004 2.6140e-004 2.1493e-003 1.0520e-003 1.7381e-004 2.1387e-003 1.1677e-003 1.2762e-004 2.1876e-003 1.5230e-003 1.3349e-005 1.7966e-003 2.2051e-003 4.0759e-004 2.0045e-004 1.2625e-003 1.5251e-003 9.6327e-004 3.6884e-004
          87 2.3002e-004 1.3550e-003 2.9455e-003 2.5260e-003 3.3647e-004 6.1823e-004 2.2689e-003 8.9536e-004 2.0844e-004 2.0797e-003 1.1322e-003 1.1990e-004 2.0461e-003 1.2710e-003 7.1939e-005 2.0535e-003 1.6484e-003 3.0556e-008 1.5950e-003 2.2627e-003 5.4753e-004 1.0653e-004 1.0838e-003 1.4614e-003 9.9224e-004 3.9990e-004
          88 2.2061e-004 1.3104e-003 2.8833e-003 2.5285e-003 3.6999e-004 5.5852e-004 2.2241e-003 9.5295e-004 1.6215e-004 2.0058e-003 1.2080e-003 7.6658e-005 1.9471e-003 1.3671e-003 3.2790e-005 1.9119e-003 1.7591e-003 1.0165e-005 1.3950e-003 2.2914e-003 6.9398e-004 4.2848e-005 9.0928e-004 1.3787e-003 1.0041e-003 4.2409e-004
          89 2.1149e-004 1.2664e-003 2.8197e-003 2.5269e-003 4.0334e-004 5.0221e-004 2.1751e-003 1.0075e-003 1.2228e-004 1.9274e-003 1.2782e-003 4.3630e-005 1.8425e-003 1.4543e-003 9.2409e-006 1.7648e-003 1.8529e-003 4.1214e-005 1.2002e-003 2.2911e-003 8.4149e-004 8.1739e-006 7.4298e-004 1.2802e-003 9.9912e-004 4.4084e-004
          90 2.0293e-004 1.2249e-003 2.7590e-003 2.5249e-003 4.3692e-004 4.5000e-004 2.1256e-003 1.0603e-003 8.8750e-005 1.8480e-003 1.3441e-003 2.0327e-005 1.7363e-003 1.5339e-003 1.8696e-007 1.6171e-003 1.9316e-003 9.0507e-005 1.0154e-003 2.2668e-003 9.8679e-004 5.1027e-007 5.8966e-004 1.1715e-003 9.8000e-004 4.5067e-004
          91 1.9482e-004 1.1851e-003 2.6997e-003 2.5215e-003 4.7044e-004 4.0148e-004 2.0746e-003 1.1107e-003 6.1144e-005 1.7674e-003 1.4050e-003 6.0776e-006 1.6285e-003 1.6048e-003 4.3817e-006 1.4700e-003 1.9941e-003 1.5531e-004 8.4261e-004 2.2198e-003 1.1259e-003 1.7296e-005 4.5158e-004 1.0557e-003 9.4780e-004 4.5353e-004
          92 1.8711e-004 1.1469e-003 2.6418e-003 2.5167e-003 5.0380e-004 3.5649e-004 2.0225e-003 1.1586e-003 3.9122e-005 1.6859e-003 1.4606e-003 2.2788e-007 1.5202e-003 1.6668e-003 2.0551e-005 1.3249e-003 2.0405e-003 2.3291e-004 6.8378e-004 2.1522e-003 1.2556e-003 5.5649e-005 3.3071e-004 9.3600e-004 9.0417e-004 4.4977e-004
          93 1.7967e-004 1.1096e-003 2.5837e-003 2.5091e-003 5.3654e-004 3.1474e-004 1.9681e-003 1.2031e-003 2.2340e-005 1.6031e-003 1.5099e-003 2.1084e-006 1.4115e-003 1.7186e-003 4.7351e-005 1.1830e-003 2.0695e-003 3.2038e-004 5.4017e-004 2.0655e-003 1.3725e-003 1.1236e-004 2.2827e-004 8.1527e-004 8.5049e-004 4.3969e-004
          94 1.7261e-004 1.0739e-003 2.5271e-003 2.5002e-003 5.6888e-004 2.7632e-004 1.9131e-003 1.2448e-003 1.0482e-005 1.5205e-003 1.5537e-003 1.1029e-005 1.3042e-003 1.7611e-003 8.3456e-005 1.0465e-003 2.0832e-003 4.1526e-004 4.1330e-004 1.9639e-003 1.4754e-003 1.8419e-004 1.4517e-004 6.9703e-004 7.8933e-004 4.2426e-004
          95 1.6589e-004 1.0395e-003 2.4716e-003 2.4900e-003 6.0069e-004 2.4106e-004 1.8575e-003 1.2836e-003 3.1975e-006 1.4384e-003 1.5919e-003 2.6300e-005 1.1989e-003 1.7943e-003 1.2755e-004 9.1626e-004 2.0819e-003 5.1506e-004 3.0375e-004 1.8501e-003 1.5628e-003 2.6782e-004 8.1432e-005 5.8371e-004 7.2260e-004 4.0423e-004
          96 1.5936e-004 1.0056e-003 2.4153e-003 2.4766e-003 6.3139e-004 2.0865e-004 1.8001e-003 1.3183e-003 1.4313e-007 1.3562e-003 1.6232e-003 4.7204e-005 1.0954e-003 1.8170e-003 1.7820e-004 7.9276e-004 2.0651e-003 6.1703e-004 2.1155e-004 1.7254e-003 1.6324e-003 3.5979e-004 3.6609e-005 4.7710e-004 6.5178e-004 3.8010e-004
          97 1.5315e-004 9.7308e-004 2.3606e-003 2.4623e-003 6.6143e-004 1.7921e-004 1.7428e-003 1.3502e-003 9.8020e-007 1.2755e-003 1.6490e-003 7.3071e-005 9.9554e-004 1.8311e-003 2.3424e-004 6.7763e-004 2.0357e-003 7.1946e-004 1.3692e-004 1.5946e-003 1.6852e-003 4.5718e-004 9.9215e-006 3.7951e-004 5.7944e-004 3.5304e-004
          98 1.4721e-004 9.4166e-004 2.3066e-003 2.4464e-003 6.9058e-004 1.5253e-004 1.6851e-003 1.3789e-003 5.3687e-006 1.1962e-003 1.6692e-003 1.0323e-004 8.9938e-004 1.8363e-003 2.9443e-004 5.7122e-004 1.9943e-003 8.2030e-004 7.9336e-005 1.4595e-003 1.7208e-003 5.5704e-004 1.1186e-007 2.9210e-004 5.0715e-004 3.2375e-004
          99 1.4156e-004 9.1148e-004 2.2539e-003 2.4296e-003 7.1893e-004 1.2852e-004 1.6278e-003 1.4047e-003 1.2980e-005 1.1189e-003 1.6842e-003 1.3706e-004 8.0764e-004 1.8336e-003 3.5770e-004 4.7409e-004 1.9426e-003 9.1811e-004 3.8110e-005 1.3231e-003 1.7399e-003 6.5687e-004 5.6803e-006 2.1587e-004 4.3661e-004 2.9307e-004
         100 1.3614e-004 8.8232e-004 2.2022e-003 2.4116e-003 7.4630e-004 1.0702e-004 1.5707e-003 1.4273e-003 2.3488e-005 1.0436e-003 1.6938e-003 1.7392e-004 7.2050e-004 1.8232e-003 4.2293e-004 3.8640e-004 1.8814e-003 1.0112e-003 1.2314e-005 1.1873e-003 1.7429e-003 7.5419e-004 2.4926e-005 1.5130e-004 3.6908e-004 2.6167e-004
         101 1.3099e-004 8.5432e-004 2.1518e-003 2.3929e-003 7.7281e-004 8.7920e-005 1.5141e-003 1.4472e-003 3.6590e-005 9.7086e-004 1.6988e-003 2.1328e-004 6.3836e-004 1.8059e-003 4.8924e-004 3.0831e-004 1.8126e-003 1.0987e-003 8.5027e-007 1.0543e-003 1.7310e-003 8.4719e-004 5.6040e-005 9.8610e-005 3.0574e-004 2.3030e-004
         102 1.2608e-004 8.2740e-004 2.1026e-003 2.3735e-003 7.9840e-004 7.1079e-005 1.4583e-003 1.4643e-003 5.1990e-005 9.0066e-004 1.6992e-003 2.5459e-004 5.6140e-004 1.7821e-003 5.5576e-004 2.3977e-004 1.7373e-003 1.1796e-003 2.4993e-006 9.2570e-004 1.7055e-003 9.3415e-004 9.7156e-005 5.7674e-005 2.4746e-004 1.9960e-004
         103 1.2142e-004 8.0166e-004 2.0550e-003 2.3538e-003 8.2321e-004 5.6377e-005 1.4036e-003 1.4791e-003 6.9426e-005 8.3331e-004 1.6956e-003 2.9741e-004 4.8981e-004 1.7529e-003 6.2184e-004 1.8064e-004 1.6570e-003 1.2534e-003 1.5963e-005 8.0314e-004 1.6678e-003 1.0139e-003 1.4645e-004 2.8133e-005 1.9490e-004 1.7014e-004
         104 1.1693e-004 7.7665e-004 2.0080e-003 2.3329e-003 8.4683e-004 4.3653e-005 1.3493e-003 1.4908e-003 8.8603e-005 7.6849e-004 1.6875e-003 3.4116e-004 4.2338e-004 1.7178e-003 6.8648e-004 1.3058e-004 1.5721e-003 1.3188e-003 3.9896e-005 6.8734e-004 1.6185e-003 1.0849e-003 2.0205e-004 9.4063e-006 1.4841e-004 1.4231e-004
         105 1.1262e-004 7.5242e-004 1.9616e-003 2.3108e-003 8.6927e-004 3.2802e-005 1.2956e-003 1.4997e-003 1.0926e-004 7.0640e-004 1.6752e-003 3.8538e-004 3.6225e-004 1.6777e-003 7.4908e-004 8.9325e-005 1.4838e-003 1.3756e-003 7.2911e-005 5.7943e-004 1.5592e-003 1.1464e-003 2.6217e-004 7.9777e-007 1.0832e-004 1.1652e-004
         106 1.0850e-004 7.2904e-004 1.9163e-003 2.2881e-003 8.9068e-004 2.3713e-005 1.2430e-003 1.5060e-003 1.3117e-004 6.4721e-004 1.6593e-003 4.2973e-004 3.0644e-004 1.6333e-003 8.0921e-004 5.6500e-005 1.3935e-003 1.4237e-003 1.1365e-004 4.8025e-004 1.4916e-003 1.1981e-003 3.2520e-004 1.4643e-006 7.4757e-005 9.3095e-005
         107 1.0455e-004 7.0644e-004 1.8719e-003 2.2647e-003 9.1096e-004 1.6269e-005 1.1913e-003 1.5099e-003 1.5409e-004 5.9093e-004 1.6400e-003 4.7383e-004 2.5588e-004 1.5852e-003 8.6634e-004 3.1660e-005 1.3021e-003 1.4630e-003 1.6077e-004 3.9029e-004 1.4172e-003 1.2395e-003 3.8959e-004 1.0476e-005 4.7692e-005 7.2218e-005
         108 1.0077e-004 6.8465e-004 1.8284e-003 2.2408e-003 9.3020e-004 1.0363e-005 1.1408e-003 1.5115e-003 1.7783e-004 5.3763e-004 1.6176e-003 5.1737e-004 2.1049e-004 1.5339e-003 9.2017e-004 1.4324e-005 1.2105e-003 1.4936e-003 2.1298e-004 3.0994e-004 1.3374e-003 1.2708e-003 4.5399e-004 2.6843e-005 2.6986e-005 5.4022e-005
         109 9.7133e-005 6.6354e-004 1.7858e-003 2.2161e-003 9.4826e-004 5.8863e-006 1.0913e-003 1.5107e-003 2.0217e-004 4.8726e-004 1.5922e-003 5.6000e-004 1.7011e-004 1.4798e-003 9.7026e-004 3.9732e-006 1.1196e-003 1.5155e-003 2.6903e-004 2.3931e-004 1.2535e-003 1.2918e-003 5.1709e-004 4.9540e-005 1.2385e-005 3.8558e-005
         110 9.3678e-005 6.4333e-004 1.7445e-003 2.1916e-003 9.6551e-004 2.7382e-006 1.0433e-003 1.5082e-003 2.2699e-004 4.3996e-004 1.5647e-003 6.0167e-004 1.3465e-004 1.4239e-003 1.0167e-003 6.4771e-008 1.0303e-003 1.5295e-003 3.2786e-004 1.7847e-004 1.1672e-003 1.3035e-003 5.7803e-004 7.7565e-005 3.5551e-006 2.5834e-005
         111 9.0359e-005 6.2376e-004 1.7040e-003 2.1665e-003 9.8163e-004 8.1773e-007 9.9645e-004 1.5037e-003 2.5207e-004 3.9554e-004 1.5348e-003 6.4196e-004 1.0387e-004 1.3663e-003 1.0591e-003 2.0450e-006 9.4297e-004 1.5354e-003 3.8832e-004 1.2720e-004 1.0794e-003 1.3056e-003 6.3568e-004 1.0989e-004 8.9116e-008 1.5787e-005
         112 8.7187e-005 6.0492e-004 1.6645e-003 2.1412e-003 9.9680e-004 3.0499e-008 9.5099e-004 1.4974e-003 2.7728e-004 3.5403e-004 1.5031e-003 6.8080e-004 7.7577e-005 1.3076e-003 1.0973e-003 9.3571e-006 8.5835e-004 1.5340e-003 4.4950e-004 8.5265e-005 9.9143e-004 1.2992e-003 6.8941e-004 1.4556e-004 1.5298e-006 8.3289e-006
         113 8.4153e-005 5.8679e-004 1.6262e-003 2.1158e-003 1.0111e-003 2.8582e-007 9.0692e-004 1.4895e-003 3.0251e-004 3.1538e-004 1.4697e-003 7.1803e-004 5.5558e-005 1.2482e-003 1.1315e-003 2.1451e-005 7.7688e-004 1.5257e-003 5.1054e-004 5.2281e-005 9.0420e-004 1.2847e-003 7.3860e-004 1.8364e-004 7.3819e-006 3.3290e-006
         114 8.1251e-005 5.6933e-004 1.5888e-003 2.0904e-003 1.0244e-003 1.4976e-006 8.6423e-004 1.4801e-003 3.2762e-004 2.7950e-004 1.4349e-003 7.5352e-004 3.7583e-005 1.1885e-003 1.1615e-003 3.7784e-005 6.9895e-004 1.5109e-003 5.7066e-004 2.7806e-005 8.1863e-004 1.2628e-003 7.8277e-004 2.2328e-004 1.7125e-005 6.2805e-007
         115 7.8456e-005 5.5238e-004 1.5521e-003 2.0644e-003 1.0366e-003 3.5832e-006 8.2275e-004 1.4690e-003 3.5242e-004 2.4625e-004 1.3986e-003 7.8698e-004 2.3410e-005 1.1285e-003 1.1871e-003 5.7817e-005 6.2472e-004 1.4899e-003 6.2904e-004 1.1323e-005 7.3535e-004 1.2341e-003 8.2139e-004 2.6361e-004 3.0220e-005 4.2936e-008
         116 7.5761e-005 5.3592e-004 1.5160e-003 2.0379e-003 1.0477e-003 6.4634e-006 7.8248e-004 1.4562e-003 3.7680e-004 2.1557e-004 1.3609e-003 8.1830e-004 1.2803e-005 1.0687e-003 1.2083e-003 8.1028e-005 5.5446e-004 1.4632e-003 6.8503e-004 2.2797e-006 6.5504e-004 1.1992e-003 8.5420e-004 3.0388e-004 4.6126e-005 1.3733e-006
         117 7.3182e-005 5.2006e-004 1.4808e-003 2.0115e-003 1.0579e-003 1.0064e-005 7.4363e-004 1.4423e-003 4.0073e-004 1.8744e-004 1.3226e-003 8.4759e-004 5.5300e-006 1.0095e-003 1.2255e-003 1.0693e-004 4.8853e-004 1.4317e-003 7.3829e-004 8.3127e-008 5.7850e-004 1.1592e-003 8.8129e-004 3.4347e-004 6.4318e-005 4.4068e-006
         118 7.0688e-005 5.0461e-004 1.4461e-003 1.9844e-003 1.0669e-003 1.4308e-005 7.0594e-004 1.4267e-003 4.2399e-004 1.6170e-004 1.2832e-003 8.7451e-004 1.3427e-006 9.5084e-004 1.2384e-003 1.3502e-004 4.2691e-004 1.3954e-003 7.8811e-004 4.1085e-006 5.0600e-004 1.1146e-003 9.0231e-004 3.8168e-004 8.4261e-005 8.9248e-006
         119 6.8257e-005 4.8942e-004 1.4115e-003 1.9562e-003 1.0744e-003 1.9119e-005 6.6926e-004 1.4093e-003 4.4637e-004 1.3823e-004 1.2426e-003 8.9875e-004 5.5320e-013 8.9286e-004 1.2468e-003 1.6478e-004 3.6963e-004 1.3547e-003 8.3389e-004 1.3708e-005 4.3786e-004 1.0658e-003 9.1709e-004 4.1787e-004 1.0542e-004 1.4702e-005
         120 6.5895e-005 4.7454e-004 1.3770e-003 1.9271e-003 1.0804e-003 2.4423e-005 6.3369e-004 1.3903e-003 4.6779e-004 1.1700e-004 1.2012e-003 9.2033e-004 1.2562e-006 8.3589e-004 1.2508e-003 1.9572e-004 3.1684e-004 1.3102e-003 8.7534e-004 2.8211e-005 3.7452e-004 1.0137e-003 9.2583e-004 4.5156e-004 1.2731e-004 2.1516e-005
         121 6.3521e-005 4.5938e-004 1.3412e-003 1.8948e-003 1.0837e-003 3.0104e-005 5.9853e-004 1.3681e-003 4.8751e-004 9.7800e-005 1.1578e-003 9.3799e-004 4.8500e-006 7.7924e-004 1.2491e-003 2.2710e-004 2.6829e-004 1.2609e-003 9.1102e-004 4.6860e-005 3.1589e-004 9.5790e-004 9.2755e-004 4.8173e-004 1.4926e-004 2.9103e-005
         122 6.0968e-005 4.4275e-004 1.3003e-003 1.8541e-003 1.0810e-003 3.5945e-005 5.6235e-004 1.3389e-003 5.0386e-004 8.0420e-005 1.1096e-003 9.4887e-004 1.0456e-005 7.2137e-004 1.2383e-003 2.5753e-004 2.2357e-004 1.2043e-003 9.3781e-004 6.8628e-005 2.6169e-004 8.9696e-004 9.1991e-004 5.0643e-004 1.7022e-004 3.7095e-005
         123 5.7846e-005 4.2177e-004 1.2458e-003 1.7923e-003 1.0644e-003 4.1443e-005 5.2192e-004 1.2938e-003 5.1262e-004 6.4545e-005 1.0498e-003 9.4570e-004 1.7517e-005 6.5858e-004 1.2098e-003 2.8389e-004 1.8196e-004 1.1335e-003 9.4813e-004 9.1635e-005 2.1127e-004 8.2655e-004 8.9682e-004 5.2115e-004 1.8802e-004 4.4783e-005
         124 5.3317e-005 3.9023e-004 1.1589e-003 1.6815e-003 1.0161e-003 4.5381e-005 4.7044e-004 1.2128e-003 5.0404e-004 4.9780e-005 9.6368e-004 9.1202e-004 2.4797e-005 5.8323e-004 1.1444e-003 2.9896e-004 1.4241e-004 1.0337e-003 9.2473e-004 1.1175e-004 1.6364e-004 7.3727e-004 8.4466e-004 5.1576e-004 1.9783e-004 5.0625e-005
