   v'->v''           0           1           2           3           4           5           6           7           8           9          10          11          12          13          14          15          16          17          18          19          20          21          22          23          24          25          26          27          28          29          30          31          32          33
           0 8.6844e-001 1.2695e-001 4.5632e-003 4.4909e-005 1.1107e-007 1.7363e-008 5.2335e-011 1.7622e-010 6.2976e-009 3.6349e-010 2.9015e-010 3.7453e-010 1.2644e-013 2.8707e-010 1.1149e-012 2.0166e-010 7.0828e-011 3.6224e-011 1.5439e-010 6.2027e-011 4.9592e-013 4.5526e-011 6.8640e-011 4.5395e-011 1.8150e-011 4.9529e-012 1.0338e-012 2.0001e-013 5.1134e-014 1.6421e-014 3.4416e-015 1.9709e-016 1.0112e-016 4.0089e-016
           1 1.1612e-001 6.3568e-001 2.3403e-001 1.3986e-002 1.8762e-004 3.7141e-007 7.6224e-009 3.3504e-009 1.0426e-008 2.4178e-008 3.5909e-010 5.7207e-011 2.3694e-009 2.2848e-010 2.6426e-009 4.8213e-011 1.1552e-009 6.3845e-010 2.8366e-011 4.6426e-010 2.6847e-010 6.1157e-012 6.5945e-011 1.3799e-010 1.1033e-010 5.7789e-011 2.4723e-011 1.0041e-011 5.0771e-012 3.6578e-012 2.5793e-012 1.7383e-012 1.1222e-012 7.0014e-013
           2 1.3525e-002 1.9474e-001 4.4396e-001 3.1924e-001 2.8038e-002 5.0581e-004 2.0304e-006 1.9846e-008 8.3953e-009 1.4674e-008 1.5507e-008 7.7708e-010 1.3307e-009 3.1281e-009 4.3571e-010 9.9557e-010 2.3411e-011 1.1464e-010 1.0485e-010 4.0651e-010 8.0586e-011 7.3791e-011 3.5269e-010 3.6916e-010 2.0611e-010 7.9309e-011 2.5267e-011 8.0091e-012 3.3854e-012 2.0778e-012 1.2498e-012 7.2784e-013 4.1604e-013 2.3673e-013
           3 1.6546e-003 3.5487e-002 2.3905e-001 2.9123e-001 3.8416e-001 4.7241e-002 1.1665e-003 8.7843e-006 1.8458e-007 8.2307e-010 4.3201e-008 7.5161e-009 3.3815e-010 5.9865e-009 6.3320e-010 2.0508e-009 8.1604e-011 1.2804e-009 4.0960e-010 3.0462e-010 1.0220e-009 4.6975e-010 2.6977e-011 2.8100e-011 7.2469e-011 5.9466e-011 3.3156e-011 1.5869e-011 8.8499e-012 6.8822e-012 5.1909e-012 3.6979e-012 2.4900e-012 1.6003e-012
           4 2.2305e-004 5.9110e-003 6.1582e-002 2.5577e-001 1.7281e-001 4.2896e-001 7.2260e-002 2.4425e-003 2.8701e-005 2.5372e-007 8.6756e-008 2.9469e-008 1.4349e-008 1.4689e-011 2.1249e-008 5.6148e-009 1.6543e-010 4.5783e-010 2.0237e-010 2.0895e-010 7.0072e-011 1.4707e-011 1.4175e-010 1.4598e-010 6.1224e-011 1.2053e-011 7.9812e-013 1.3911e-014 1.6814e-013 3.3472e-013 4.4190e-013 4.5094e-013 3.8271e-013 2.8471e-013
           5 3.3215e-005 1.0044e-003 1.3276e-002 8.8042e-002 2.5085e-001 8.6185e-002 4.5260e-001 1.0335e-001 4.6178e-003 6.0188e-005 3.4630e-009 2.4923e-007 8.9015e-012 1.8900e-011 4.9326e-008 6.0981e-009 1.9902e-008 4.1431e-010 3.4016e-011 1.0314e-009 5.9316e-011 1.2469e-009 2.5710e-009 1.4403e-009 3.1224e-010 1.1689e-011 7.6787e-012 1.6401e-011 1.5333e-011 1.6300e-011 1.5478e-011 1.3010e-011 9.8151e-012 6.7971e-012
           6 5.1841e-006 1.8734e-004 2.7663e-003 2.3764e-002 1.1215e-001 2.2961e-001 3.0738e-002 4.5458e-001 1.3836e-001 7.7138e-003 1.0249e-004 6.0173e-008 2.2662e-007 1.6886e-008 7.1129e-009 5.5306e-008 3.0656e-010 6.9056e-009 2.3010e-010 1.9165e-009 5.9714e-009 1.8086e-009 2.0850e-010 2.0354e-009 2.1509e-009 1.2269e-009 5.4158e-010 2.2353e-010 1.1417e-010 8.2953e-011 5.8974e-011 4.0036e-011 2.5998e-011 1.6291e-011
           7 8.6213e-007 3.5485e-005 6.0154e-004 5.9240e-003 3.6685e-002 1.3074e-001 1.9497e-001 4.2304e-003 4.3791e-001 1.7668e-001 1.2095e-002 1.6658e-004 4.6457e-007 1.9864e-007 4.7402e-008 5.7875e-008 5.3513e-008 5.8973e-010 1.1477e-009 1.5631e-009 2.7200e-010 9.8962e-009 1.0279e-008 2.6785e-009 4.7985e-011 2.0312e-010 3.3663e-010 2.4036e-010 1.6098e-010 1.4141e-010 1.1726e-010 8.9642e-011 6.3433e-011 4.2140e-011
           8 1.5543e-007 7.0568e-006 1.3427e-004 1.4802e-003 1.0748e-002 5.0981e-002 1.4249e-001 1.5209e-001 1.2965e-003 4.0557e-001 2.1704e-001 1.7874e-002 2.4807e-004 1.3038e-006 1.1015e-007 7.0886e-008 1.0248e-007 2.1969e-008 2.7526e-011 5.5549e-012 7.3208e-009 9.2289e-010 3.9294e-009 8.6507e-009 5.4419e-009 2.0551e-009 6.4577e-010 2.0896e-010 9.1375e-011 5.8509e-011 3.7069e-011 2.2818e-011 1.3729e-011 8.1436e-012
           9 2.9115e-008 1.6045e-006 3.1771e-005 3.7816e-004 3.0832e-003 1.7374e-002 6.5480e-002 1.4542e-001 1.0763e-001 1.5973e-002 3.6097e-001 2.5805e-001 2.5285e-002 3.5112e-004 3.0250e-006 2.6047e-008 8.1908e-008 1.4976e-007 1.4124e-009 1.8062e-009 2.0507e-011 1.0999e-008 5.9013e-009 6.2397e-013 1.6313e-009 2.0332e-009 1.2674e-009 6.2715e-010 3.5376e-010 2.7675e-010 2.0950e-010 1.4957e-010 1.0084e-010 6.4852e-011
          10 6.8849e-009 3.5575e-007 8.3197e-006 1.0228e-004 8.8482e-004 5.6612e-003 2.5493e-002 7.8931e-002 1.3900e-001 6.6564e-002 4.1826e-002 3.0833e-001 2.9830e-001 3.4422e-002 4.7146e-004 5.9233e-006 2.4109e-009 8.3773e-008 1.2232e-007 1.6325e-008 8.8511e-009 4.3868e-011 4.9538e-009 3.4202e-009 8.3595e-010 1.2783e-010 1.8405e-011 3.4103e-012 1.0512e-012 5.0923e-013 2.5159e-013 1.2600e-013 6.4774e-014 3.4389e-014
          11 2.6573e-009 6.6466e-008 2.1405e-006 2.9256e-005 2.6492e-004 1.8188e-003 9.4061e-003 3.4869e-002 8.9372e-002 1.2375e-001 3.3332e-002 7.2576e-002 2.5152e-001 3.3688e-001 4.5546e-002 6.0230e-004 1.1410e-005 5.6751e-008 1.7440e-008 1.7889e-007 1.4033e-008 3.1324e-008 1.6149e-008 3.5203e-011 4.2498e-009 3.6753e-009 1.6690e-009 6.5451e-010 3.1838e-010 2.2110e-010 1.5041e-010 9.8225e-011 6.1851e-011 3.7901e-011
          12 1.2135e-009 1.7520e-008 4.9926e-007 8.5440e-006 8.5150e-005 6.0012e-004 3.3879e-003 1.4343e-002 4.4835e-002 9.5387e-002 1.0164e-001 1.0896e-002 1.0262e-001 1.9421e-001 3.7247e-001 5.8774e-002 7.2679e-004 2.1328e-005 3.6828e-007 2.9029e-008 4.6680e-008 3.5512e-008 6.8040e-008 3.4428e-008 6.2740e-009 4.8233e-010 4.8032e-012 6.3461e-012 1.0421e-011 1.3030e-011 1.3195e-011 1.1348e-011 8.6113e-012 5.9620e-012
          13 4.2206e-010 1.1493e-008 1.3444e-007 2.5867e-006 2.8035e-005 2.0797e-004 1.2284e-003 5.7376e-003 2.0482e-002 5.4355e-002 9.5359e-002 7.5281e-002 6.8524e-004 1.2711e-001 1.3987e-001 4.0444e-001 7.4359e-002 8.2505e-004 3.4682e-005 2.1641e-006 4.5200e-008 1.4177e-007 2.5539e-009 7.8495e-009 5.3797e-008 4.7865e-008 2.4164e-008 1.0448e-008 5.4469e-009 4.0139e-009 2.8875e-009 1.9792e-009 1.2948e-009 8.1560e-010
          14 1.0994e-010 8.4098e-009 5.7848e-008 8.6451e-007 9.2379e-006 7.5386e-005 4.6118e-004 2.2998e-003 9.0118e-003 2.7524e-002 6.2038e-002 8.8386e-002 4.8081e-002 2.4587e-003 1.4223e-001 9.1071e-002 4.3214e-001 9.3180e-002 9.8798e-004 2.9645e-005 1.2786e-005 2.8520e-010 2.9675e-007 2.2479e-008 6.5759e-009 7.2982e-009 4.8994e-009 2.4736e-009 1.4006e-009 1.0962e-009 8.2945e-010 5.9188e-010 3.9892e-010 2.5654e-010
          15 4.0167e-011 3.5104e-009 3.1173e-008 3.1766e-007 3.2599e-006 2.8579e-005 1.7954e-004 9.4098e-004 3.9504e-003 1.3237e-002 3.4785e-002 6.6107e-002 7.4326e-002 2.3745e-002 1.4547e-002 1.4499e-001 4.9490e-002 4.5292e-001 1.1896e-001 1.6941e-003 5.8229e-007 4.1738e-005 1.0157e-006 1.8684e-007 1.0242e-008 3.5486e-009 1.0435e-008 1.0553e-008 8.2184e-009 7.9178e-009 7.0134e-009 5.6096e-009 4.0888e-009 2.7675e-009
          16 3.5300e-011 6.1697e-010 1.3963e-008 1.1839e-007 1.3053e-006 1.1337e-005 7.2344e-005 3.9235e-004 1.7481e-003 6.2482e-003 1.8107e-002 4.0748e-002 6.3958e-002 5.3656e-002 6.2348e-003 3.3681e-002 1.3271e-001 1.6202e-002 4.5668e-001 1.6397e-001 5.1913e-003 2.5374e-004 1.9345e-004 8.3614e-007 3.0320e-008 1.1562e-007 1.5943e-008 2.7791e-011 1.0114e-009 2.5838e-009 3.6152e-009 3.7142e-009 3.1260e-009 2.3011e-009
          17 3.3950e-011 2.2961e-011 4.4347e-009 4.0381e-008 5.2107e-007 4.2948e-006 2.8166e-005 1.5414e-004 7.1788e-004 2.7076e-003 8.3362e-003 2.0762e-002 3.9136e-002 4.8119e-002 2.5748e-002 6.8320e-005 4.9990e-002 9.3019e-002 1.7755e-004 3.7995e-001 2.5964e-001 3.9857e-002 1.4702e-002 9.3548e-003 4.6875e-003 2.6610e-003 8.1500e-005 3.0519e-005 8.2906e-006 3.1760e-006 1.1824e-006 4.4548e-007 1.7813e-007 7.7510e-008
          18 9.3042e-013 3.0712e-013 1.0438e-010 9.7497e-010 1.2854e-008 1.0521e-007 6.9419e-007 3.7972e-006 1.7768e-005 6.7496e-005 2.0927e-004 5.2693e-004 1.0127e-003 1.2923e-003 7.6330e-004 2.4152e-006 1.1363e-003 2.5521e-003 6.0111e-005 9.1619e-003 1.9150e-003 2.0103e-003 1.6057e-002 7.9116e-002 2.8746e-001 4.7824e-001 1.0530e-001 1.0033e-002 1.6307e-003 4.0360e-004 8.2584e-005 1.1154e-005 3.5561e-007 2.9728e-007
          19 1.5460e-012 7.7060e-014 1.3201e-010 1.3020e-009 1.7796e-008 1.4399e-007 9.6253e-007 5.2567e-006 2.4785e-005 9.5398e-005 2.9953e-004 7.6852e-004 1.5267e-003 2.0751e-003 1.4321e-003 6.9929e-005 1.2794e-003 4.0691e-003 8.4273e-004 9.9643e-003 6.7687e-004 2.5037e-002 6.2576e-002 1.2904e-001 1.1055e-001 2.8420e-002 5.5268e-001 2.1218e-002 1.6241e-002 1.0859e-002 6.5627e-003 3.7637e-003 2.1168e-003 1.1906e-003
          20 3.2804e-012 8.2037e-015 2.3297e-010 2.3985e-009 3.3497e-008 2.6920e-007 1.8189e-006 9.9175e-006 4.6974e-005 1.8247e-004 5.7798e-004 1.5015e-003 3.0481e-003 4.3154e-003 3.2721e-003 3.3081e-004 1.9721e-003 8.1707e-003 3.2876e-003 1.3488e-002 1.0101e-002 6.3871e-002 8.0666e-002 7.0279e-002 3.2802e-003 5.7986e-002 5.8210e-002 5.7358e-001 2.1466e-002 9.7314e-004 1.2091e-004 6.7826e-004 8.1788e-004 6.7304e-004
          21 3.4639e-012 2.8346e-015 2.2053e-010 2.3345e-009 3.2967e-008 2.6402e-007 1.7969e-006 9.7863e-006 4.6468e-005 1.8153e-004 5.7811e-004 1.5129e-003 3.1109e-003 4.5110e-003 3.6072e-003 4.9899e-004 1.6663e-003 8.2644e-003 4.4721e-003 9.9910e-003 1.7682e-002 6.1573e-002 4.4031e-002 1.2947e-002 7.3451e-003 2.0911e-002 1.9195e-002 2.4048e-001 4.5752e-001 4.3116e-002 2.0253e-002 6.4522e-003 2.2448e-003 9.0392e-004
          22 1.6341e-012 5.7932e-015 9.8755e-011 1.0600e-009 1.5040e-008 1.2027e-007 8.2162e-007 4.4721e-006 2.1258e-005 8.3277e-005 2.6591e-004 6.9838e-004 1.4449e-003 2.1192e-003 1.7373e-003 2.7383e-004 6.9836e-004 3.8084e-003 2.3370e-003 3.8542e-003 9.8917e-003 2.6473e-002 1.3036e-002 1.0158e-003 7.1961e-003 3.5932e-003 6.9815e-003 1.3039e-002 2.6641e-001 5.6112e-001 2.1125e-002 4.1339e-002 1.7065e-003 1.7884e-003
