   v'->v''           0           1           2           3           4           5           6           7           8           9          10          11          12          13          14          15          16          17          18          19          20          21          22          23          24
           0 9.9682e-001 3.1405e-003 3.4516e-005 5.7307e-007 5.3718e-008 2.0937e-008 2.7348e-009 8.4155e-010 9.4307e-010 6.3213e-010 6.9418e-010 3.1464e-011 6.1332e-010 3.4325e-010 3.0916e-014 2.1283e-010 3.0422e-010 1.2533e-010 4.1991e-012 2.6400e-011 7.3282e-011 7.6529e-011 5.0917e-011 2.4859e-011 8.7215e-012
           1 3.1735e-003 9.9024e-001 6.4516e-003 1.3455e-004 1.6175e-006 2.7714e-007 8.7355e-008 2.2011e-009 2.8846e-009 2.6739e-009 3.7073e-010 8.4754e-010 2.6518e-012 1.7887e-010 2.4814e-011 9.3476e-011 2.1610e-010 6.5314e-011 1.0328e-011 1.4435e-010 2.3543e-010 1.9688e-010 1.0918e-010 4.4370e-011 1.3383e-011
           2 1.8546e-006 6.6055e-003 9.8392e-001 9.0921e-003 3.7369e-004 3.0682e-006 3.9659e-007 4.5965e-007 8.7139e-009 2.7592e-010 3.6974e-010 1.0434e-010 6.0845e-010 2.2061e-009 9.8923e-010 1.8029e-011 9.0656e-010 1.1143e-009 4.1906e-010 1.5203e-011 6.2982e-011 1.6785e-010 1.6604e-010 1.0396e-010 4.2435e-011
           3 1.6853e-009 1.4671e-005 9.4942e-003 9.7998e-001 9.6530e-003 8.4520e-004 1.2169e-005 3.9198e-008 7.2838e-007 3.6189e-007 4.7364e-008 2.9787e-009 2.1990e-008 5.7333e-009 1.2691e-009 6.9817e-009 3.8927e-009 3.2449e-010 1.7018e-010 5.0463e-010 3.4157e-010 1.2152e-010 2.8021e-011 4.9404e-012 8.2050e-013
           4 4.7597e-008 4.5821e-007 9.2892e-005 1.0396e-002 9.8006e-001 8.0687e-003 1.3091e-003 7.4100e-005 7.0315e-007 1.4886e-009 4.6346e-007 6.0410e-007 1.6886e-007 1.5032e-009 5.2125e-008 2.5703e-008 5.7777e-010 2.8068e-009 3.7094e-009 1.5897e-009 4.2538e-010 1.3155e-010 7.7083e-011 5.7668e-011 2.9580e-011
           5 1.4123e-009 2.0702e-007 3.7180e-006 3.9062e-004 9.0886e-003 9.8164e-001 7.3129e-003 1.3063e-003 2.5402e-004 1.4614e-006 1.3543e-006 1.0024e-007 4.6876e-007 8.0474e-007 2.6455e-007 8.8978e-009 1.2029e-008 2.1672e-008 1.5730e-008 8.8826e-009 3.8684e-009 9.5467e-010 2.9737e-011 8.0863e-011 1.2294e-010
           6 5.0924e-009 1.1492e-009 6.8906e-008 4.0789e-006 8.0918e-004 8.5018e-003 9.7959e-001 9.6376e-003 9.1809e-004 4.9280e-004 4.2315e-005 1.3384e-007 1.8318e-006 9.8744e-008 2.9653e-007 5.5246e-007 3.4131e-007 1.2130e-007 1.9287e-008 2.7792e-010 1.1900e-008 2.0543e-008 1.8678e-008 1.1659e-008 4.8287e-009
           7 1.9661e-009 8.6786e-009 2.6968e-007 1.8585e-006 3.2937e-006 8.4853e-004 1.1053e-002 9.6905e-001 1.7746e-002 4.9427e-004 5.9817e-004 1.8535e-004 1.2816e-005 1.0059e-006 1.9462e-006 1.4582e-007 1.3481e-007 3.7009e-007 3.4300e-007 2.2213e-007 1.0885e-007 3.8037e-008 8.2892e-009 8.0884e-010 9.4510e-012
           8 4.7509e-010 6.9958e-009 1.6695e-008 8.0801e-007 1.1346e-005 7.3967e-005 4.4692e-004 1.9312e-002 9.3954e-001 3.9359e-002 3.8612e-004 3.9533e-004 3.6222e-004 1.0144e-004 5.1377e-006 1.1441e-006 1.9362e-006 5.3467e-007 3.5677e-009 1.4355e-007 3.3094e-007 3.4445e-007 2.4354e-007 1.3050e-007 4.9758e-008
           9 1.2899e-009 5.1843e-013 6.2959e-008 4.0398e-007 1.4845e-010 1.4657e-005 2.5654e-004 1.3335e-005 3.9595e-002 8.6988e-001 8.7954e-002 1.4962e-003 1.4251e-004 3.3998e-004 2.4034e-004 6.0069e-005 4.0565e-006 3.2161e-007 1.5350e-006 1.1500e-006 4.0125e-007 4.4440e-008 4.7958e-009 3.4098e-008 2.7388e-008
          10 4.8453e-011 5.4680e-009 2.7018e-010 3.4778e-008 1.4248e-006 2.6823e-006 7.1534e-006 5.8673e-004 7.3887e-004 8.1479e-002 7.3201e-001 1.7611e-001 8.2903e-003 1.0627e-004 1.4770e-004 2.9199e-004 1.7020e-004 4.5065e-005 5.0702e-006 2.5499e-010 7.5533e-007 9.8260e-007 6.6288e-007 3.2123e-007 1.1284e-007
          11 6.0847e-010 2.3626e-010 1.5966e-008 3.8754e-008 1.1825e-007 6.2639e-007 8.1036e-006 1.0899e-006 1.1915e-003 5.7005e-003 1.5152e-001 5.2737e-001 2.8061e-001 3.2161e-002 8.4573e-004 2.1675e-005 1.4298e-004 2.2510e-004 1.3990e-004 5.0999e-005 1.1742e-005 1.3256e-006 5.7285e-010 1.3629e-007 1.2363e-007
          12 6.7019e-011 4.7822e-009 2.3511e-010 1.0762e-009 1.9391e-008 8.7545e-007 2.4700e-008 1.0971e-005 1.3294e-010 2.5794e-003 2.1558e-002 2.3134e-001 3.1153e-001 3.4692e-001 7.9388e-002 6.0507e-003 9.7052e-005 1.6822e-005 1.0354e-004 1.5882e-004 1.2196e-004 6.4222e-005 2.6921e-005 9.7150e-006 2.9075e-006
          13 2.9862e-010 2.7987e-010 2.7797e-009 1.4410e-009 6.3850e-008 1.3572e-007 6.5155e-007 1.4282e-006 7.4139e-006 2.7764e-006 5.8935e-003 5.1660e-002 2.8804e-001 1.4381e-001 3.4643e-001 1.3965e-001 2.2622e-002 1.4093e-003 1.8851e-005 7.1258e-006 4.9032e-005 8.7096e-005 8.1658e-005 5.2017e-005 2.1873e-005
          14 2.7059e-010 1.7691e-009 2.5163e-010 4.7576e-009 2.2903e-008 3.8056e-008 7.4207e-007 8.4434e-008 4.3670e-006 3.9629e-006 2.2787e-005 1.1354e-002 9.2402e-002 3.1304e-001 4.5009e-002 2.8758e-001 1.8786e-001 5.3560e-002 8.1296e-003 6.0785e-004 1.3533e-005 6.1943e-007 5.7286e-006 1.1916e-005 8.3352e-006
          15 7.4137e-012 1.6894e-009 3.0338e-010 2.7623e-009 1.7417e-009 1.0857e-007 6.2833e-008 1.1046e-006 3.9541e-007 3.1243e-006 7.2704e-006 5.0637e-005 1.8538e-002 1.3792e-001 3.1231e-001 5.1402e-003 1.9987e-001 2.0435e-001 9.0964e-002 2.4994e-002 4.7802e-003 6.4614e-004 5.9810e-005 3.8775e-006 2.4548e-007
          16 2.9228e-010 1.5754e-011 3.6927e-011 4.6453e-012 1.7877e-008 2.7394e-008 3.8105e-008 3.6149e-007 6.7936e-007 1.6981e-006 1.9391e-006 1.8260e-005 3.5922e-005 2.5445e-002 1.8551e-001 3.0131e-001 1.0378e-003 1.1268e-001 1.8327e-001 1.1713e-001 4.9391e-002 1.6586e-002 4.8807e-003 1.3563e-003 3.4910e-004
          17 2.7465e-010 5.4784e-010 2.2178e-010 1.8599e-009 8.2173e-009 5.3911e-015 6.2071e-008 6.1488e-009 7.7798e-007 8.8938e-010 1.6223e-006 1.3976e-006 5.0863e-005 4.5652e-006 2.9200e-002 2.3253e-001 3.0641e-001 5.9575e-003 4.4522e-002 1.3679e-001 1.1323e-001 6.6584e-002 3.1406e-002 1.2905e-002 4.2969e-003
