   v'->v''           0           1           2           3           4           5           6           7           8           9          10          11          12          13          14          15          16          17          18          19          20          21          22          23          24          25
           0 1.8924e-002 9.5298e-002 2.1021e-001 2.6860e-001 2.2117e-001 1.2321e-001 4.7369e-002 1.2558e-002 2.2535e-003 2.6337e-004 1.8789e-005 7.2698e-007 8.8150e-009 1.2372e-009 4.7218e-009 4.2759e-009 8.5585e-011 1.3489e-009 1.1485e-010 5.8594e-010 4.5391e-012 2.1539e-010 2.0831e-010 4.4894e-011 1.3898e-013 3.2562e-012
           1 5.5891e-002 1.5988e-001 1.3787e-001 1.6493e-002 3.7222e-002 1.7469e-001 2.1552e-001 1.3671e-001 5.1785e-002 1.2187e-002 1.7638e-003 1.5028e-004 7.1145e-006 1.7831e-007 4.1444e-012 1.0593e-008 8.0674e-009 6.3638e-010 4.6248e-010 7.6019e-010 1.9129e-010 2.5842e-010 5.1467e-010 1.7055e-010 8.6383e-012 1.7948e-012
           2 9.2998e-002 1.3657e-001 1.8131e-002 4.2903e-002 1.1939e-001 2.7865e-002 2.7950e-002 1.6988e-001 2.0484e-001 1.1577e-001 3.6387e-002 6.6173e-003 6.8807e-004 3.9174e-005 9.1392e-007 1.1896e-008 2.4187e-008 1.0950e-009 8.2261e-010 3.4646e-010 1.7286e-009 2.7429e-011 5.1284e-010 5.4709e-010 1.8499e-010 3.3622e-011
           3 1.1553e-001 7.2952e-002 6.7171e-003 9.2099e-002 1.9734e-002 3.9251e-002 1.0391e-001 1.1222e-002 5.7575e-002 1.9833e-001 1.8236e-001 7.9261e-002 1.8489e-002 2.3382e-003 1.4177e-004 1.4755e-006 2.8521e-007 2.2239e-008 1.8068e-009 9.4169e-009 1.0781e-010 5.0267e-009 1.4095e-009 8.7083e-012 2.9481e-010 2.0187e-010
           4 1.2056e-001 2.2447e-002 4.4898e-002 5.1339e-002 9.7231e-003 7.9064e-002 4.6474e-003 6.4055e-002 7.8853e-002 2.9638e-004 1.2155e-001 2.1785e-001 1.3712e-001 4.1165e-002 6.0208e-003 3.2743e-004 1.2480e-007 1.2822e-006 4.4220e-009 6.2826e-010 4.8054e-008 1.6382e-008 1.3507e-009 6.2038e-009 2.8638e-009 6.4895e-010
           5 1.1433e-001 1.4335e-003 6.6586e-002 7.3472e-003 5.1594e-002 2.4488e-002 3.0622e-002 5.9767e-002 3.1776e-003 9.5039e-002 3.2363e-002 3.5731e-002 1.9977e-001 1.9255e-001 7.3206e-002 1.1534e-002 4.6289e-004 4.2707e-006 1.6661e-006 2.5970e-007 7.3309e-008 1.9069e-008 4.0864e-008 9.7761e-009 8.0755e-010 3.0585e-011
           6 1.0163e-001 3.0878e-003 5.9409e-002 2.5466e-003 5.6009e-002 5.0116e-004 6.0422e-002 1.3319e-003 6.2860e-002 1.9778e-002 4.3817e-002 8.6415e-002 2.3877e-004 1.4421e-001 2.3080e-001 1.0923e-001 1.7378e-002 3.9029e-004 3.2279e-005 4.4305e-007 6.5690e-007 2.7793e-007 2.1722e-008 1.7117e-010 1.5957e-009 9.6496e-010
           7 8.5420e-002 1.5975e-002 3.6846e-002 2.1959e-002 2.7666e-002 2.4179e-002 2.8691e-002 2.2656e-002 3.8953e-002 1.5392e-002 6.2760e-002 2.2922e-003 9.6386e-002 1.7051e-002 8.3813e-002 2.5195e-001 1.4597e-001 2.1830e-002 1.2275e-004 9.7494e-005 1.0620e-006 3.1269e-007 6.1980e-007 2.3323e-007 4.3994e-008 6.9903e-009
           8 6.8967e-002 3.0531e-002 1.5322e-002 3.9388e-002 4.1762e-003 4.3514e-002 1.1594e-003 4.7413e-002 6.9200e-004 5.3449e-002 2.1028e-003 6.1872e-002 1.1681e-002 6.2920e-002 5.3221e-002 3.8452e-002 2.6235e-001 1.8020e-001 2.2421e-002 4.1855e-005 1.4979e-004 1.9586e-005 6.1492e-007 1.6742e-007 2.9730e-007 1.3565e-007
           9 5.4170e-002 4.1579e-002 2.9094e-003 4.3162e-002 1.0832e-003 3.7014e-002 7.7083e-003 3.0942e-002 1.5389e-002 2.8167e-002 2.1943e-002 3.1453e-002 2.5482e-002 4.5231e-002 2.2740e-002 8.0292e-002 1.3168e-002 2.7139e-001 2.0787e-001 1.7081e-002 1.0400e-003 6.6437e-005 6.0425e-005 1.4045e-005 2.0505e-006 2.4327e-007
          10 4.1637e-002 4.7409e-002 8.0666e-005 3.5200e-002 1.1527e-002 1.7879e-002 2.6041e-002 6.1033e-003 3.6420e-002 8.6928e-004 4.3686e-002 7.0157e-005 5.1515e-002 1.0056e-003 6.3043e-002 1.8496e-003 8.7969e-002 3.1912e-003 2.9059e-001 2.2348e-001 6.6679e-003 3.5841e-003 6.5530e-005 3.0061e-005 3.3672e-005 1.3031e-005
          11 3.1597e-002 4.8609e-002 3.7016e-003 2.2594e-002 2.3418e-002 3.5188e-003 3.3329e-002 6.3194e-004 3.1101e-002 8.9506e-003 2.2917e-002 2.2388e-002 1.4390e-002 3.7539e-002 7.6499e-003 5.4283e-002 2.5112e-003 8.0464e-002 8.0981e-004 3.3077e-001 2.1266e-001 3.2540e-005 4.6202e-003 1.2444e-003 1.4727e-004 1.0422e-005
          12 2.3732e-002 4.6368e-002 1.0114e-002 1.1105e-002 2.9562e-002 1.4477e-004 2.6578e-002 1.0786e-002 1.2486e-002 2.6183e-002 1.7346e-003 3.5586e-002 1.1041e-003 3.6259e-002 1.1278e-002 2.8416e-002 3.2129e-002 1.3745e-002 6.5846e-002 1.5382e-003 4.0013e-001 1.5637e-001 1.4178e-002 5.5919e-004 1.6150e-003 7.0352e-004
          13 1.7717e-002 4.2062e-002 1.6576e-002 3.5807e-003 2.8839e-002 4.8539e-003 1.4245e-002 2.1701e-002 9.6185e-004 2.8565e-002 3.7832e-003 2.0669e-002 1.9363e-002 7.0227e-003 3.6098e-002 8.3711e-006 4.1258e-002 1.2580e-002 2.4845e-002 4.9408e-002 9.8138e-003 4.8401e-001 5.8183e-002 4.3812e-002 6.1601e-003 4.3555e-004
          14 1.3178e-002 3.6777e-002 2.1560e-002 3.2601e-004 2.3501e-002 1.2023e-002 4.4151e-003 2.4910e-002 1.7324e-003 1.7859e-002 1.6296e-002 3.5746e-003 2.8871e-002 1.4402e-003 2.4977e-002 1.7971e-002 7.2560e-003 3.9147e-002 2.4010e-003 3.0696e-002 3.3101e-002 4.5943e-002 5.1728e-001 8.1999e-004 2.4064e-002 1.3856e-002
          15 9.7878e-003 3.1293e-002 2.4531e-002 3.0932e-004 1.6506e-002 1.7525e-002 2.2740e-004 2.0713e-002 8.8239e-003 6.0501e-003 2.2847e-002 5.8812e-004 1.9778e-002 1.4551e-002 4.4321e-003 2.9699e-002 2.6743e-003 1.9987e-002 2.8017e-002 3.7526e-007 3.1157e-002 1.5551e-002 1.5319e-001 3.5790e-001 9.8807e-002 8.8210e-003
          16 7.2382e-003 2.5961e-002 2.5432e-002 2.1148e-003 9.9989e-003 1.9668e-002 7.9969e-004 1.3281e-002 1.5087e-002 3.8198e-004 1.9697e-002 7.3859e-003 6.5087e-003 2.2417e-002 7.7861e-004 1.8271e-002 1.8125e-002 8.4117e-004 2.6561e-002 1.5856e-002 9.8951e-004 3.0718e-002 2.4360e-004 3.3333e-001 4.6988e-002 7.1347e-002
          17 5.2446e-003 2.0716e-002 2.4157e-002 4.3678e-003 5.0667e-003 1.8391e-002 3.5698e-003 6.4415e-003 1.6877e-002 8.2534e-004 1.1752e-002 1.3741e-002 2.8936e-004 1.8217e-002 8.4489e-003 4.1421e-003 2.2292e-002 4.3827e-003 7.8732e-003 2.4171e-002 6.9310e-003 1.8876e-003 3.5950e-002 3.1035e-002 3.5881e-001 4.9711e-002
