   v'->v''           0           1           2           3           4           5           6           7           8           9          10          11          12          13          14          15          16          17          18          19          20          21          22          23          24          25
           0 1.5392e-002 8.1890e-002 1.9172e-001 2.6138e-001 2.3099e-001 1.3910e-001 5.8378e-002 1.7110e-002 3.4365e-003 4.5496e-004 3.7453e-005 1.5104e-006 1.1076e-009 1.5920e-008 2.9285e-008 1.2965e-008 1.6619e-009 4.4141e-009 2.0306e-011 2.5307e-009 6.8413e-010 3.3675e-010 1.4393e-009 1.1137e-009 4.3087e-010 1.0600e-010
           1 4.7431e-002 1.4825e-001 1.4757e-001 2.9770e-002 1.9689e-002 1.4899e-001 2.1626e-001 1.5522e-001 6.6210e-002 1.7615e-002 2.8784e-003 2.7060e-004 1.2289e-005 9.6338e-008 1.1618e-008 2.3740e-008 2.6923e-008 6.6143e-010 3.5621e-009 1.9525e-009 2.6171e-009 4.4854e-011 1.7969e-009 1.7203e-009 6.8516e-010 1.6418e-010
           2 8.2695e-002 1.3927e-001 3.0177e-002 2.6738e-002 1.1772e-001 4.6480e-002 1.0597e-002 1.4103e-001 2.0918e-001 1.3660e-001 4.8656e-002 9.7858e-003 1.0458e-003 4.8663e-005 3.9844e-007 1.4400e-008 1.0922e-008 1.7688e-008 3.4406e-009 4.6559e-010 3.1267e-009 8.0697e-010 4.3860e-010 1.3306e-009 7.9934e-010 2.4722e-010
           3 1.0835e-001 8.4698e-002 1.6794e-003 8.7176e-002 3.4009e-002 2.2270e-002 1.0653e-001 2.6971e-002 3.1532e-002 1.7807e-001 1.9618e-001 9.5755e-002 2.3700e-002 2.8489e-003 1.2974e-004 5.6838e-007 7.5241e-008 2.2051e-008 2.8655e-008 6.7924e-009 2.4974e-009 4.4385e-009 3.7043e-009 5.2959e-011 5.1137e-010 5.4340e-010
           4 1.1874e-001 3.1856e-002 3.5062e-002 6.2325e-002 3.0260e-003 7.9251e-002 1.4002e-002 4.6587e-002 9.1865e-002 1.6805e-003 9.5208e-002 2.1698e-001 1.5080e-001 4.6115e-002 6.1451e-003 2.6003e-004 2.1862e-007 1.7148e-007 1.4084e-010 5.7200e-009 4.9663e-009 1.0432e-010 2.4126e-009 1.2352e-009 5.9635e-011 1.2876e-011
           5 1.1544e-001 4.2677e-003 6.3023e-002 1.4177e-002 4.3131e-002 3.5397e-002 1.9394e-002 6.8393e-002 6.9548e-005 8.5956e-002 4.5112e-002 2.2982e-002 1.9213e-001 2.0209e-001 7.6886e-002 1.1157e-002 4.0414e-004 3.1375e-007 2.8187e-007 2.7410e-008 5.8856e-009 5.2730e-009 5.3892e-010 8.6497e-010 9.4844e-010 2.8600e-010
           6 1.0343e-001 9.9283e-004 6.1905e-002 3.6434e-004 5.7450e-002 2.1558e-004 5.8146e-002 5.7809e-003 5.3632e-002 2.9909e-002 3.0191e-002 8.9916e-002 1.5130e-004 1.3628e-001 2.3928e-001 1.1428e-001 1.7682e-002 4.8869e-004 5.3483e-006 7.2354e-008 1.0905e-007 8.3910e-008 1.6404e-009 8.8836e-009 1.0791e-009 1.2077e-012
           7 8.7373e-002 1.1109e-002 4.2162e-002 1.5226e-002 3.4336e-002 1.6153e-002 3.6157e-002 1.3699e-002 4.6056e-002 7.1506e-003 6.5168e-002 8.5838e-005 8.8575e-002 2.3328e-002 7.4050e-002 2.5747e-001 1.5620e-001 2.5232e-002 4.6532e-004 1.5573e-005 8.5299e-007 1.0273e-007 2.4385e-007 2.9980e-008 5.5156e-010 1.1683e-011
           8 7.0415e-002 2.4197e-002 2.0384e-002 3.2889e-002 8.6765e-003 3.7828e-002 4.7504e-003 4.1911e-002 4.2468e-003 4.6326e-002 7.2690e-003 5.0485e-002 1.9294e-002 4.9363e-002 6.2776e-002 2.5824e-002 2.5685e-001 2.0215e-001 3.3974e-002 4.0423e-004 1.3923e-005 7.2995e-006 6.0051e-007 1.3596e-007 1.4891e-007 4.5943e-008
           9 5.4267e-002 3.3686e-002 6.0388e-003 3.8781e-002 3.4569e-006 3.7270e-002 2.2508e-003 3.4832e-002 6.4660e-003 3.4408e-002 1.0173e-002 3.8572e-002 1.1931e-002 5.1727e-002 1.0013e-002 8.7975e-002 1.8370e-003 2.3700e-001 2.5508e-001 4.7078e-002 5.5211e-004 1.3261e-008 1.0874e-005 6.7182e-006 9.5841e-007 9.4620e-008
          10 3.9635e-002 3.6534e-002 4.7577e-004 3.2867e-002 4.2705e-003 2.2384e-002 1.4263e-002 1.2871e-002 2.3906e-002 6.4721e-003 3.2296e-002 3.0201e-003 4.0959e-002 1.5972e-003 5.3489e-002 1.5728e-003 8.0842e-002 6.5891e-003 1.8863e-001 3.1981e-001 7.5647e-002 1.8062e-003 3.1637e-005 2.2720e-006 5.7613e-006 4.2713e-006
          11 2.7725e-002 3.3544e-002 3.1028e-004 2.2596e-002 1.0229e-002 9.1230e-003 2.0550e-002 1.4535e-003 2.5862e-002 2.1201e-004 2.6877e-002 3.6777e-003 2.5862e-002 1.0426e-002 2.4855e-002 2.0940e-002 2.5870e-002 4.2569e-002 4.3478e-002 1.0142e-001 3.8065e-001 1.3603e-001 5.4882e-003 5.6865e-005 8.0378e-005 3.0062e-005
          12 2.1288e-002 3.1386e-002 1.9670e-003 1.5366e-002 1.4469e-002 2.6677e-003 2.1302e-002 3.0970e-004 1.9901e-002 5.7678e-003 1.3905e-002 1.4895e-002 7.1542e-003 2.5112e-002 1.9610e-003 3.5958e-002 3.1605e-005 5.0148e-002 6.1330e-003 9.6188e-002 2.1866e-002 3.9555e-001 1.9264e-001 1.3908e-003 2.0916e-003 2.7129e-004
          13 1.7671e-002 3.0717e-002 4.4521e-003 1.0220e-002 1.7752e-002 1.8138e-004 1.9463e-002 3.8177e-003 1.2229e-002 1.3469e-002 3.8955e-003 2.1975e-002 2.5268e-005 2.5732e-002 3.2986e-003 2.3556e-002 1.5824e-002 1.5069e-002 4.3875e-002 3.7841e-003 1.1301e-001 5.2099e-004 4.2248e-001 1.6282e-001 1.1092e-002 7.7005e-006
          14 1.4486e-002 2.9026e-002 7.1208e-003 5.9274e-003 1.8879e-002 4.2780e-004 1.4951e-002 8.8000e-003 5.0419e-003 1.7977e-002 2.1894e-005 2.0155e-002 3.9836e-003 1.4593e-002 1.5443e-002 5.1569e-003 2.9485e-002 8.8889e-005 3.7345e-002 1.8259e-002 2.9583e-002 8.3059e-002 9.1110e-004 5.1840e-001 3.0917e-002 2.9345e-002
          15 1.1818e-002 2.6782e-002 9.5344e-003 2.8706e-003 1.8172e-002 2.3870e-003 9.7687e-003 1.2804e-002 9.0056e-004 1.7747e-002 2.0069e-003 1.2872e-002 1.1687e-002 3.8012e-003 2.1885e-002 2.2218e-004 2.2974e-002 1.1636e-002 9.6130e-003 3.9420e-002 1.6590e-003 5.2114e-002 4.5823e-002 3.5323e-002 4.9199e-001 5.3669e-002
          16 9.5815e-003 2.4161e-002 1.1380e-002 1.0230e-003 1.6143e-002 4.9283e-003 5.3016e-003 1.4620e-002 5.0929e-005 1.4047e-002 6.5039e-003 5.4404e-003 1.6320e-002 2.7595e-006 1.8416e-002 6.5652e-003 8.7706e-003 2.2572e-002 6.3193e-005 2.5924e-002 2.4917e-002 1.8067e-003 5.4213e-002 1.2334e-002 2.1882e-001 5.6923e-002
          17 7.7323e-003 2.1392e-002 1.2542e-002 1.6850e-004 1.3445e-002 7.2028e-003 2.2221e-003 1.4278e-002 1.3996e-003 9.1655e-003 1.0376e-002 1.0453e-003 1.5959e-002 2.2440e-003 1.0331e-002 1.3801e-002 6.9556e-004 2.0768e-002 7.3360e-003 6.5147e-003 3.0334e-002 9.4744e-003 7.6141e-003 5.2757e-002 1.1251e-002 2.2604e-001
          18 6.1962e-003 1.8573e-002 1.2966e-002 8.7113e-006 1.0581e-002 8.7074e-003 5.6979e-004 1.2407e-002 3.5369e-003 4.8734e-003 1.2076e-002 1.8809e-005 1.2210e-002 6.4416e-003 3.5326e-003 1.5962e-002 9.6782e-004 1.1786e-002 1.5318e-002 4.6540e-007 1.7419e-002 2.3227e-002 1.6689e-003 6.8410e-003 9.1177e-002 1.1401e-001
          19 4.9202e-003 1.5797e-002 1.2694e-002 2.4157e-004 7.9231e-003 9.2836e-003 1.8903e-005 9.8312e-003 5.3784e-003 1.9918e-003 1.1606e-002 1.0694e-003 7.6172e-003 9.4061e-003 3.7613e-004 1.3356e-002 4.9202e-003 3.9400e-003 1.6434e-002 3.3283e-003 5.0295e-003 2.1179e-002 1.2250e-002 4.3160e-005 1.3253e-004 2.5170e-001
          20 3.8753e-003 1.3189e-002 1.1873e-002 6.1443e-004 5.6989e-003 9.0534e-003 1.1659e-004 7.2512e-003 6.4140e-003 5.1962e-004 9.8013e-003 2.6878e-003 3.9117e-003 1.0152e-002 1.6035e-004 8.9200e-003 8.1597e-003 4.0894e-004 1.2462e-002 8.0610e-003 2.3107e-004 1.1957e-002 1.6457e-002 5.3827e-003 8.5150e-004 1.0554e-001
          21 2.9897e-003 1.0680e-002 1.0529e-002 9.3998e-004 3.9271e-003 8.1467e-003 4.5601e-004 5.0038e-003 6.5124e-003 3.1368e-005 7.4629e-003 3.8593e-003 1.5986e-003 9.0674e-003 1.1924e-003 4.9168e-003 9.0307e-003 1.4946e-004 7.3557e-003 9.9067e-003 6.1520e-004 4.5281e-003 1.3059e-002 9.4425e-003 3.4150e-003 5.8376e-002
          22 2.2658e-003 8.4176e-003 8.9129e-003 1.1212e-003 2.6295e-003 6.8851e-003 7.6187e-004 3.2987e-003 5.9229e-003 4.1487e-005 5.2942e-003 4.2591e-003 4.8452e-004 7.1766e-003 2.1787e-003 2.3045e-003 8.0658e-003 1.0711e-003 3.5786e-003 9.0180e-003 2.2807e-003 1.0391e-003 7.9397e-003 9.1323e-003 3.9935e-003 3.5924e-002
          23 1.6409e-003 6.2855e-003 7.0279e-003 1.1093e-003 1.6851e-003 5.3763e-003 8.8802e-004 2.0598e-003 4.8333e-003 1.8361e-004 3.4934e-003 3.9027e-003 8.3363e-005 5.1153e-003 2.5419e-003 9.1190e-004 6.1730e-003 1.7887e-003 1.4468e-003 6.7852e-003 3.1838e-003 6.2459e-005 4.0437e-003 6.7521e-003 4.4007e-003 1.7951e-003
          24 1.1551e-003 4.5261e-003 5.2659e-003 9.6659e-004 1.0637e-003 3.9796e-003 8.4549e-004 1.2624e-003 3.6709e-003 2.7650e-004 2.2309e-003 3.1817e-003 1.4556e-006 3.4487e-003 2.3650e-003 3.1796e-004 4.3407e-003 1.9422e-003 5.1242e-004 4.6268e-003 3.1313e-003 3.6054e-005 1.8974e-003 4.3939e-003 3.5975e-003 4.8175e-003
          25 8.0748e-004 3.2161e-003 3.8486e-003 7.8110e-004 6.7998e-004 2.8753e-003 7.1903e-004 7.8448e-004 2.6921e-003 2.9401e-004 1.4290e-003 2.4385e-003 9.2781e-006 2.2949e-003 1.9583e-003 1.0134e-004 2.9620e-003 1.7397e-003 1.6622e-004 3.0560e-003 2.6291e-003 1.5946e-004 8.8462e-004 2.7508e-003 2.5801e-003 6.9548e-004
          26 5.8160e-004 2.3439e-003 2.8622e-003 6.2254e-004 4.5589e-004 2.1176e-003 5.9150e-004 5.1298e-004 2.0006e-003 2.7495e-004 9.5594e-004 1.8649e-003 2.6535e-005 1.5781e-003 1.5725e-003 2.9484e-005 2.0691e-003 1.4613e-003 4.9753e-005 2.0718e-003 2.1095e-003 2.3559e-004 4.3401e-004 1.7726e-003 1.8370e-003 9.3419e-004
          27 4.2226e-004 1.7166e-003 2.1276e-003 4.8621e-004 3.1261e-004 1.5616e-003 4.7172e-004 3.4432e-004 1.4836e-003 2.3784e-004 6.5297e-004 1.4104e-003 3.6439e-005 1.1004e-003 1.2287e-003 6.8014e-006 1.4577e-003 1.1743e-003 1.2180e-005 1.4220e-003 1.6388e-003 2.5457e-004 2.2062e-004 1.1633e-003 1.3055e-003 6.9909e-004
          28 2.9145e-004 1.1923e-003 1.4936e-003 3.5343e-004 2.0655e-004 1.0895e-003 3.4769e-004 2.2362e-004 1.0388e-003 1.8482e-004 4.2966e-004 1.0008e-003 3.6197e-005 7.3499e-004 8.9121e-004 8.6755e-007 9.8027e-004 8.6708e-004 1.8470e-006 9.3627e-004 1.1806e-003 2.2375e-004 1.1138e-004 7.3826e-004 8.8149e-004 4.6322e-004
          29 1.7292e-004 7.1035e-004 8.9611e-004 2.1687e-004 1.1894e-004 6.5085e-004 2.1518e-004 1.2721e-004 6.2185e-004 1.1815e-004 2.4659e-004 6.0420e-004 2.6473e-005 4.2606e-004 5.4545e-004 7.1384e-009 5.7060e-004 5.3640e-004 6.6831e-008 5.3684e-004 7.1852e-004 1.5310e-004 5.1992e-005 4.1228e-004 5.1395e-004 2.7049e-004
