   v'->v''           0           1           2           3           4           5           6           7           8           9          10          11          12          13          14          15          16          17          18          19          20          21          22          23          24          25          26          27          28          29          30          31          32
           0 9.9668e-001 3.0626e-003 2.2829e-004 2.9478e-005 7.3629e-007 2.2493e-007 7.8925e-007 1.0924e-007 3.5476e-009 1.1627e-009 2.8488e-008 3.9086e-008 7.9406e-009 5.4611e-010 3.3386e-009 1.6137e-009 5.2929e-010 6.1913e-010 1.1676e-009 1.2760e-009 6.5017e-010 8.0349e-011 4.4810e-011 3.0642e-010 5.4800e-010 6.5943e-010 6.4781e-010 5.5801e-010 4.3419e-010 3.0723e-010 1.9367e-010 1.0062e-010 3.6447e-011
           1 3.1668e-003 9.8990e-001 6.5106e-003 3.6864e-004 5.0788e-005 2.3261e-006 1.5020e-007 1.0172e-006 1.9453e-007 4.2947e-008 2.9652e-010 3.9231e-008 4.2315e-008 6.7598e-009 6.5878e-011 4.7375e-011 9.6454e-011 2.5856e-010 2.6190e-009 4.6322e-009 3.6033e-009 1.4328e-009 2.2152e-010 3.0040e-012 1.2763e-010 2.4736e-010 2.8339e-010 2.5494e-010 1.9759e-010 1.3658e-010 8.3812e-011 4.2647e-011 1.5280e-011
           2 9.7315e-005 6.8548e-003 9.8107e-001 1.1440e-002 4.5507e-004 7.4058e-005 6.5211e-006 4.0647e-009 8.6884e-007 3.8585e-007 2.1299e-007 2.1642e-008 2.2589e-008 3.3769e-008 1.2229e-008 7.2663e-009 6.7257e-009 2.1377e-009 1.5265e-010 3.0999e-009 4.4128e-009 2.8870e-009 1.1771e-009 3.4400e-010 8.1455e-011 1.8615e-011 6.7670e-012 6.0605e-012 8.3798e-012 1.0685e-011 1.0496e-011 7.1883e-012 2.9647e-012
           3 5.2996e-005 7.7685e-005 1.2017e-002 9.6982e-001 1.7378e-002 5.4105e-004 1.0083e-004 1.2261e-005 2.8540e-007 6.4735e-007 5.0662e-007 4.3331e-007 9.4138e-008 1.4059e-009 1.3565e-008 1.2332e-008 1.9466e-008 2.2065e-008 9.8778e-009 7.0388e-010 6.1281e-010 1.7715e-009 1.4577e-009 7.9917e-010 4.1244e-010 2.4767e-010 1.9062e-010 1.7839e-010 1.7740e-010 1.6613e-010 1.3326e-010 8.1609e-011 3.2061e-011
           4 5.1195e-006 9.0353e-005 2.0043e-005 1.8149e-002 9.5678e-001 2.4205e-002 6.0212e-004 1.2410e-004 1.9300e-005 1.1128e-006 2.5871e-007 5.8416e-007 6.1862e-007 1.9595e-007 1.8391e-008 6.2187e-012 8.5436e-009 2.7849e-008 2.9995e-008 1.5349e-008 4.5584e-009 1.0032e-009 2.3280e-010 6.5121e-011 1.1629e-011 1.1749e-012 3.1176e-011 9.1223e-011 1.5320e-010 1.8507e-010 1.6835e-010 1.0945e-010 4.4052e-011
           5 1.5668e-007 1.4024e-005 1.1799e-004 1.3586e-006 2.5048e-002 9.4185e-001 3.2147e-002 6.4396e-004 1.4729e-004 2.6893e-005 2.9018e-006 6.7142e-008 3.5402e-007 7.7685e-007 3.8007e-007 6.3334e-008 1.4598e-008 1.0835e-009 9.5604e-009 3.2742e-008 3.0182e-008 1.4444e-008 5.0646e-009 1.9074e-009 1.0750e-009 8.7568e-010 8.1047e-010 7.2096e-010 5.7654e-010 4.0627e-010 2.4847e-010 1.2450e-010 4.4065e-011
           6 5.6695e-007 2.5864e-008 3.0784e-005 1.3407e-004 7.0980e-005 3.2821e-002 9.2505e-001 4.1011e-002 6.6747e-004 1.6903e-004 3.5825e-005 5.1270e-006 5.9269e-008 2.6303e-007 7.0402e-007 4.5698e-007 2.0814e-007 8.4230e-008 1.2633e-008 1.2986e-009 1.1604e-008 1.4524e-008 1.2565e-008 1.0364e-008 8.8557e-009 7.6164e-009 6.3484e-009 5.0240e-009 3.7309e-009 2.5679e-009 1.5915e-009 8.1878e-010 2.9525e-010
           7 4.4107e-007 4.9968e-007 1.6175e-006 5.0821e-005 1.2556e-004 2.9075e-004 4.1163e-002 9.0668e-001 5.0766e-002 6.6989e-004 1.9181e-004 4.4634e-005 8.6477e-006 3.7226e-007 3.0474e-008 6.4352e-007 5.6069e-007 2.6432e-007 1.6931e-007 8.3257e-008 1.2075e-008 8.0558e-010 7.4157e-009 8.3978e-009 6.6110e-009 5.1242e-009 4.3565e-009 4.0039e-009 3.7072e-009 3.2098e-009 2.4151e-009 1.4182e-009 5.4599e-010
           8 1.1210e-007 7.7932e-007 9.3552e-008 6.2875e-006 7.1374e-005 9.8925e-005 7.1881e-004 4.9922e-002 8.8696e-001 6.1289e-002 6.4850e-004 2.1421e-004 5.4096e-005 1.2448e-005 1.2787e-006 1.4868e-008 3.8742e-007 4.9030e-007 3.4456e-007 2.7608e-007 1.6761e-007 5.8461e-008 1.1005e-008 8.3820e-010 1.7777e-011 3.2448e-010 6.3386e-010 9.2444e-010 1.1722e-009 1.2690e-009 1.1120e-009 7.1585e-010 2.8760e-010
           9 2.4155e-009 2.7713e-007 9.7120e-007 4.6656e-008 1.4028e-005 8.8184e-005 5.9852e-005 1.4098e-003 5.8841e-002 8.6617e-001 7.2497e-002 5.9609e-004 2.3728e-004 6.3856e-005 1.7119e-005 2.7570e-006 2.5683e-007 1.4152e-007 3.5293e-007 3.3870e-007 3.3546e-007 2.5879e-007 1.3959e-007 5.9572e-008 2.4288e-008 1.0620e-008 5.1618e-009 2.6908e-009 1.3949e-009 6.7245e-010 2.9036e-010 1.0928e-010 3.2726e-011
          10 4.1904e-008 4.2801e-009 6.2359e-007 7.5834e-007 1.0646e-006 2.5129e-005 9.8383e-005 2.1215e-005 2.4125e-003 6.7698e-002 8.4462e-001 8.4247e-002 5.1176e-004 2.6284e-004 7.3863e-005 2.2735e-005 4.6357e-006 9.6813e-007 5.4815e-009 1.9343e-007 2.2942e-007 2.8447e-007 3.0019e-007 2.2991e-007 1.4281e-007 8.0536e-008 4.4854e-008 2.6145e-008 1.6171e-008 1.0276e-008 6.2575e-009 3.2407e-009 1.1777e-009
          11 2.7518e-008 1.3740e-008 1.0534e-007 8.0328e-007 3.1406e-007 3.7987e-006 3.7949e-005 9.9209e-005 2.9562e-007 3.7698e-003 7.6214e-002 8.2278e-001 9.6291e-002 3.9405e-004 2.9034e-004 8.4546e-005 2.8523e-005 7.3516e-006 2.0858e-006 9.9569e-008 3.0212e-008 9.8908e-008 1.7685e-007 2.3602e-007 2.3502e-007 1.9112e-007 1.3795e-007 9.4151e-008 6.2918e-008 4.1184e-008 2.5329e-008 1.3174e-008 4.7981e-009
          12 9.8573e-009 1.5992e-008 6.2670e-009 3.4736e-007 8.1318e-007 9.0810e-010 9.0000e-006 5.0669e-005 8.7453e-005 2.0467e-005 5.5035e-003 8.4026e-002 8.0120e-001 1.0839e-001 2.4688e-004 3.1993e-004 9.6331e-005 3.4374e-005 1.1141e-005 3.5445e-006 6.0710e-007 4.4339e-008 4.8177e-009 5.9912e-008 1.2060e-007 1.5028e-007 1.4786e-007 1.2751e-007 1.0117e-007 7.4536e-008 4.9393e-008 2.6777e-008 9.9312e-009
          13 4.3568e-009 1.7861e-008 1.4923e-009 1.1542e-007 5.5929e-007 5.0271e-007 4.3395e-007 1.6611e-005 6.2380e-005 6.7018e-005 1.0991e-004 7.6220e-003 9.0790e-002 7.8056e-001 1.2015e-001 9.4057e-005 3.5305e-004 1.0821e-004 4.2493e-005 1.4179e-005 6.3488e-006 1.7010e-006 3.0011e-007 5.7691e-008 7.0008e-009 2.4135e-009 2.6447e-008 5.7058e-008 7.3897e-008 7.1320e-008 5.4462e-008 3.1584e-008 1.2028e-008
          14 1.4232e-009 1.9960e-008 2.2411e-008 1.1101e-008 3.2138e-007 6.5936e-007 1.2976e-007 2.1463e-006 2.5195e-005 6.7780e-005 3.9698e-005 2.9981e-004 1.0121e-002 9.6079e-002 7.6181e-001 1.3096e-001 1.2003e-006 3.8510e-004 1.2396e-004 5.0207e-005 1.8644e-005 9.3361e-006 3.5634e-006 1.1066e-006 3.9841e-007 1.7306e-007 7.0077e-008 1.8550e-008 1.1106e-009 1.2272e-009 4.4583e-009 4.4262e-009 2.0633e-009
          15 4.5750e-011 1.0434e-008 4.2837e-008 9.7256e-009 1.0381e-007 5.6056e-007 5.1732e-007 2.0840e-008 5.7893e-006 3.6079e-005 6.7206e-005 1.2859e-005 6.2479e-004 1.2955e-002 9.9313e-002 7.4636e-001 1.3984e-001 1.2376e-004 4.0480e-004 1.4693e-004 5.6900e-005 2.5434e-005 1.2390e-005 5.8203e-006 2.8220e-006 1.4434e-006 7.5165e-007 3.8392e-007 1.8848e-007 8.8503e-008 3.9561e-008 1.6085e-008 5.1317e-009
          16 2.8191e-009 6.9152e-010 2.8484e-008 3.7230e-008 2.6710e-009 2.7531e-007 6.9687e-007 2.1045e-007 7.0082e-007 1.1006e-005 4.5684e-005 5.9661e-005 1.1012e-009 1.1209e-003 1.6057e-002 9.9773e-002 7.3604e-001 1.4538e-001 8.0575e-004 3.8886e-004 1.7697e-004 6.9112e-005 3.0970e-005 1.6887e-005 9.4535e-006 5.2504e-006 3.0032e-006 1.7970e-006 1.0997e-006 6.6286e-007 3.7558e-007 1.8291e-007 6.4268e-008
          17 6.0640e-009 1.6055e-009 6.2908e-009 3.2544e-008 1.3849e-008 5.8648e-008 4.9786e-007 6.1289e-007 6.9665e-009 2.5179e-006 1.7822e-005 5.1458e-005 4.4677e-005 1.7988e-005 1.8063e-003 1.9309e-002 9.6668e-002 7.3327e-001 1.4536e-001 2.7565e-003 2.9054e-004 2.1458e-004 9.1238e-005 3.8549e-005 2.1829e-005 1.4183e-005 8.9985e-006 5.4980e-006 3.3397e-006 2.0317e-006 1.1874e-006 5.9842e-007 2.1468e-007
          18 5.3618e-009 4.6490e-009 2.4968e-011 1.6381e-008 2.5764e-008 1.8188e-009 1.9785e-007 6.4116e-007 3.5018e-007 2.6851e-007 5.8040e-006 2.5445e-005 5.1861e-005 2.2855e-005 8.9504e-005 2.6934e-003 2.2553e-002 8.9016e-002 7.4123e-001 1.3638e-001 7.3124e-003 8.3619e-005 2.4277e-004 1.2617e-004 5.6206e-005 3.0295e-005 1.9504e-005 1.3100e-005 8.5660e-006 5.3687e-006 3.1454e-006 1.5769e-006 5.6361e-007
          19 2.3433e-009 3.8376e-009 7.1280e-010 7.3373e-009 2.0443e-008 2.6200e-009 5.0565e-008 3.6897e-007 5.4021e-007 5.2416e-008 1.4595e-006 1.0772e-005 3.2631e-005 4.8638e-005 5.2316e-006 2.4017e-004 3.7738e-003 2.5621e-002 7.5744e-002 7.6365e-001 1.1372e-001 1.6456e-002 8.7416e-005 1.8185e-004 1.6883e-004 8.9920e-005 4.8212e-005 2.8987e-005 1.8563e-005 1.1827e-005 7.0607e-006 3.5789e-006 1.2848e-006
          20 3.4677e-010 1.7041e-009 7.5687e-010 3.7296e-009 1.5183e-008 8.6847e-009 9.1437e-009 1.6013e-007 4.5200e-007 3.5649e-007 7.9651e-008 3.8089e-006 1.6904e-005 3.6451e-005 3.6334e-005 9.3959e-007 4.8921e-004 4.9798e-003 2.8369e-002 5.6003e-002 8.0301e-001 7.3846e-002 3.0594e-002 2.0399e-003 1.3314e-006 1.4180e-004 1.3274e-004 8.1612e-005 4.7367e-005 2.7894e-005 1.5991e-005 7.9676e-006 2.8428e-006
          21 2.3497e-011 5.3011e-010 4.0246e-010 1.7770e-009 1.2924e-008 1.5086e-008 2.6665e-010 6.9002e-008 3.1374e-007 4.2911e-007 7.8337e-008 8.0419e-007 7.3528e-006 2.2196e-005 3.6335e-005 1.9112e-005 2.6925e-005 8.5702e-004 6.1934e-003 3.0858e-002 3.0717e-002 8.5313e-001 2.5111e-002 4.2077e-002 9.4784e-003 9.2421e-004 1.6707e-006 6.5216e-005 8.9821e-005 6.9527e-005 4.3302e-005 2.1991e-005 7.8645e-006
          22 3.1864e-010 1.8674e-010 3.2107e-010 4.1704e-010 1.0623e-008 2.0707e-008 2.3911e-009 2.8933e-008 2.0336e-007 3.5416e-007 2.4122e-007 4.3509e-008 2.5585e-006 1.2452e-005 2.6672e-005 3.0585e-005 4.4666e-006 1.0174e-004 1.3332e-003 7.1999e-003 3.3446e-002 7.0884e-003 8.8630e-001 6.3627e-005 3.5608e-002 2.0924e-002 6.1026e-003 1.1363e-003 1.1373e-004 3.0640e-007 8.7693e-006 1.0987e-005 5.2128e-006
          23 4.6914e-010 1.3804e-010 5.1717e-010 1.1129e-011 6.8693e-009 2.1933e-008 1.0609e-008 7.6076e-009 1.1712e-007 2.7939e-007 2.7840e-007 2.1225e-008 6.9841e-007 5.7884e-006 1.7293e-005 2.8002e-005 1.9153e-005 1.0521e-006 2.4692e-004 1.8742e-003 7.7814e-003 3.7053e-002 1.5100e-003 8.5254e-001 4.2233e-002 1.0277e-002 2.2698e-002 1.4055e-002 5.8980e-003 2.0909e-003 6.9348e-004 2.2150e-004 6.1762e-005
          24 3.9174e-010 1.7083e-010 9.1112e-010 5.7887e-010 3.0210e-009 1.7932e-008 1.8577e-008 8.5981e-011 5.4958e-008 2.1744e-007 2.7153e-007 9.8454e-008 1.2443e-007 2.2342e-006 9.6620e-006 2.0650e-005 2.3380e-005 6.2466e-006 2.3785e-005 4.6681e-004 2.3495e-003 7.6770e-003 4.4253e-002 3.4760e-002 7.1957e-001 1.4158e-001 1.7021e-003 8.1744e-003 1.2993e-002 9.5268e-003 5.2785e-003 2.4007e-003 8.0588e-004
          25 2.4361e-010 2.0273e-010 1.2781e-009 1.4325e-009 6.9451e-010 1.1681e-008 2.1135e-008 2.7305e-009 1.9355e-008 1.5498e-007 2.5356e-007 1.6039e-007 2.3701e-009 7.8753e-007 4.8573e-006 1.3275e-005 2.1043e-005 1.4363e-005 2.3818e-008 9.0563e-005 7.3818e-004 2.6778e-003 6.8186e-003 5.7150e-002 1.0834e-001 5.2771e-001 2.2164e-001 3.4897e-002 4.9271e-004 2.2161e-003 3.9259e-003 2.8154e-003 1.1340e-003
          26 1.2788e-010 1.9078e-010 1.3957e-009 1.9258e-009 1.0023e-011 6.3319e-009 1.8448e-008 7.9953e-009 4.4334e-009 9.6961e-008 2.1857e-007 1.9333e-007 1.9269e-008 2.6865e-007 2.3849e-006 7.9878e-006 1.5732e-005 1.6549e-005 3.7376e-006 1.2965e-005 2.0733e-004 9.8105e-004 2.6296e-003 5.9468e-003 7.2925e-002 2.0161e-001 3.5319e-001 2.2980e-001 7.9606e-002 1.8087e-002 2.5901e-003 1.9662e-004 6.1682e-006
          27 6.2480e-011 1.4265e-010 1.2546e-009 1.9298e-009 1.4892e-010 3.0075e-009 1.3713e-008 1.0871e-008 3.4954e-010 5.4007e-008 1.7074e-007 1.9426e-007 5.8922e-008 8.3343e-008 1.2025e-006 4.7580e-006 1.0633e-005 1.4464e-005 8.0177e-006 3.7654e-007 5.9657e-005 3.5872e-004 1.1837e-003 2.2158e-003 6.5852e-003 8.1098e-002 2.9742e-001 2.3959e-001 1.7678e-001 9.4495e-002 3.9039e-002 1.3849e-002 4.0316e-003
          28 2.9339e-011 8.3649e-011 9.2776e-010 1.5410e-009 3.8767e-010 1.2540e-009 8.8187e-009 1.0158e-008 7.1288e-011 2.6481e-008 1.1599e-007 1.6100e-007 7.7054e-008 1.8644e-008 5.9357e-007 2.7186e-006 6.5844e-006 1.0419e-005 8.6532e-006 7.1627e-007 1.5645e-005 1.3487e-004 4.8255e-004 1.1177e-003 1.7380e-003 9.7097e-003 6.8876e-002 3.9889e-001 2.0757e-001 9.8976e-002 6.4262e-002 3.0826e-002 1.0402e-002
          29 1.4455e-011 4.2080e-011 6.0822e-010 1.0755e-009 4.5198e-010 5.0443e-010 5.2965e-009 7.7581e-009 4.0419e-010 1.2443e-008 7.2503e-008 1.1699e-007 7.1298e-008 2.0703e-009 2.9428e-007 1.5385e-006 3.9659e-006 6.8380e-006 6.9711e-006 1.8626e-006 3.5290e-006 5.3320e-005 2.1504e-004 5.3801e-004 8.6618e-004 1.9727e-003 1.7648e-002 2.5141e-002 4.6390e-001 2.6679e-001 3.4085e-002 2.5454e-002 9.8706e-003
          30 6.4885e-012 1.7052e-011 3.1463e-010 5.8292e-010 3.1642e-010 1.8194e-010 2.6197e-009 4.4249e-009 4.1884e-010 5.1005e-009 3.6679e-008 6.5365e-008 4.5405e-008 1.2425e-012 1.2731e-007 7.3904e-007 1.9962e-006 3.6046e-006 4.0594e-006 1.6010e-006 6.3040e-007 1.9558e-005 8.9408e-005 2.3329e-004 3.8995e-004 6.8040e-004 3.8996e-003 1.8120e-002 1.4853e-003 3.8216e-001 4.7603e-001 5.0126e-005 3.8882e-003
          31 5.6661e-013 1.3805e-012 2.8676e-011 5.4207e-011 3.2150e-011 1.4219e-011 2.3540e-010 4.1931e-010 4.7462e-011 4.2266e-010 3.3215e-009 6.1558e-009 4.4822e-009 1.2581e-011 1.0812e-008 6.5744e-008 1.8120e-007 3.3263e-007 3.8712e-007 1.7138e-007 3.1442e-008 1.5504e-006 7.5148e-006 1.9999e-005 3.3983e-005 5.5538e-005 2.5731e-004 1.4374e-003 1.7007e-004 1.6529e-002 1.5099e-002 3.6638e-001 5.2727e-001
          32 5.2375e-013 1.2563e-012 2.6683e-011 5.0620e-011 3.0472e-011 1.2870e-011 2.1855e-010 3.9283e-010 4.5765e-011 3.8672e-010 3.0876e-009 5.7614e-009 4.2285e-009 1.6663e-011 9.9367e-009 6.0932e-008 1.6855e-007 3.1027e-007 3.6305e-007 1.6372e-007 2.5849e-008 1.4076e-006 6.8957e-006 1.8419e-005 3.1397e-005 5.0799e-005 2.2668e-004 1.2978e-003 2.4299e-004 1.3116e-002 1.8304e-002 1.8468e-001 3.3756e-002
