# Analytic fits to MCCC calculations of electron scattering on molecular hydrogen and its isotopologues
# Adiabatic nuclei calculations performed with the spheroidal MCCC(210) model
# Reference: Scarlett et al. Atom. Data Nucl. Data Tables (2021)
# MCCC Database: mccc-db.org
# This file: e + D2(X1Sg,vi=8) -> e + D2(H1Sg) all bound vf + dissociative excitation (DE)
#
# Fitting function: |(x-1)/x * (a0^2*log(x)/x + a1/x + a2/x^2 + a3/x^3 + a4/x^4 + a5/x^5)|
#                   where x = energy / threshold_energy
# Yields integrated cross section in atomic units

# vf    vi  threshold (eV)   a0            a1            a2            a3            a4            a5
   0 <-  8  1.14816E+01    1.20900E-02  -4.41580E-04   2.01080E-03  -4.48240E-03   5.16890E-03  -2.27480E-03
   1 <-  8  1.16807E+01    4.32340E-02  -2.45910E-03   2.33810E-02  -5.58420E-02   6.87690E-02  -3.32320E-02
   2 <-  8  1.18689E+01    1.43480E-01  -2.33110E-02   2.52010E-01  -6.31510E-01   8.11160E-01  -4.01260E-01
   3 <-  8  1.20423E+01    1.79180E-01  -3.26640E-02   4.12310E-01  -1.05850E+00   1.37180E+00  -6.75390E-01
   4 <-  8  1.21978E+01    3.36970E-02  -1.46920E-03   6.54710E-03  -1.56030E-02   2.02870E-02  -9.80250E-03
   5 <-  8  1.23434E+01    1.11910E-01  -1.26680E-02   1.39900E-01  -3.49720E-01   4.44100E-01  -2.14070E-01
   6 <-  8  1.24841E+01    1.11070E-01  -1.85670E-02   1.35140E-01  -3.34900E-01   4.18560E-01  -1.96460E-01
   7 <-  8  1.26175E+01    1.90040E-02  -9.36120E-04   4.52100E-03  -1.07980E-02   1.29170E-02  -5.72840E-03
   8 <-  8  1.27438E+01    5.98750E-11  -3.39770E-21   3.63100E-20  -8.98010E-20   1.11350E-19  -5.18440E-20
   9 <-  8  1.27439E+01    6.16270E-02  -4.64270E-03   3.84900E-02  -9.15200E-02   1.11120E-01  -5.11280E-02
  10 <-  8  1.27749E+01    3.43430E-11  -2.73080E-21   2.58110E-21   1.29580E-20  -2.93950E-20   1.75140E-20
  11 <-  8  1.28066E+01   -1.22080E-15   2.50560E-23  -3.62730E-22   1.62740E-21  -2.74270E-21   1.54350E-21
  12 <-  8  1.28379E+01    6.84400E-11  -1.37420E-20   4.09190E-20  -5.90810E-20   4.49380E-20  -1.27220E-20
  13 <-  8  1.28624E+01    9.31650E-02  -1.37310E-02   9.51070E-02  -2.23190E-01   2.65610E-01  -1.18710E-01
  14 <-  8  1.28681E+01    1.43680E-11  -1.50560E-22  -1.23110E-21   5.99010E-21  -8.50590E-21   4.04590E-21
  15 <-  8  1.28971E+01    9.72580E-12  -2.71510E-22   7.97670E-22  -8.17860E-22   3.43120E-24   3.67170E-22
  16 <-  8  1.29254E+01    3.20570E-11  -1.99960E-21   7.07050E-21  -1.06460E-20   9.45320E-21  -3.49850E-21
  17 <-  8  1.29529E+01   -3.08720E-15   1.68100E-21   1.06180E-20  -4.01600E-20   5.36050E-20  -2.39230E-20
  18 <-  8  1.29726E+01    8.00760E-02  -1.06640E-02   7.25970E-02  -1.69020E-01   1.98890E-01  -8.73600E-02
  19 <-  8  1.29797E+01    1.15730E-14   4.02610E-21   3.84330E-20  -1.40550E-19   1.89320E-19  -8.66050E-20
  20 <-  8  1.30058E+01    1.82010E-10  -6.69800E-20   3.55780E-19  -7.66100E-19   8.64370E-19  -3.71070E-19
  21 <-  8  1.30312E+01    6.12920E-10  -6.76970E-19   3.85740E-18  -8.31860E-18   9.40450E-18  -4.02530E-18
  22 <-  8  1.30561E+01    4.04710E-09  -2.59100E-17   1.86520E-16  -4.32970E-16   5.06050E-16  -2.19190E-16
  23 <-  8  1.30740E+01    4.61960E-02  -3.34550E-03   2.43600E-02  -5.64110E-02   6.57270E-02  -2.83370E-02
  24 <-  8  1.30804E+01    4.09620E-08  -2.60650E-15   1.91100E-14  -4.41880E-14   5.14080E-14  -2.21160E-14
  25 <-  8  1.31042E+01    3.44180E-08  -1.71930E-15   1.33580E-14  -3.07760E-14   3.56000E-14  -1.51620E-14
  26 <-  8  1.31275E+01    8.96390E-08  -1.01410E-14   8.84900E-14  -2.02340E-13   2.31440E-13  -9.67230E-14
  27 <-  8  1.31504E+01    4.26870E-07  -1.48750E-13   1.86750E-12  -4.16360E-12   4.60280E-12  -1.81860E-12
  28 <-  8  1.31657E+01    1.03440E-02   1.53030E-05   9.01010E-04  -1.84270E-03   1.79540E-03  -5.51570E-04
  29 <-  8  1.31729E+01    1.43270E-06   3.32590E-12   1.11930E-11  -1.64780E-11   6.07600E-12   5.42640E-12
  30 <-  8  1.31949E+01   -4.37050E-11   2.05820E-12  -6.77060E-12   2.79290E-11  -4.71350E-11   2.75460E-11
  31 <-  8  1.32164E+01    4.65200E-07   5.29310E-12  -4.14860E-11   1.49540E-10  -2.26420E-10   1.19050E-10
  32 <-  8  1.32375E+01    6.00560E-05  -8.44720E-09   4.41950E-08  -1.02320E-07   1.20760E-07  -5.36660E-08
  33 <-  8  1.32463E+01    1.27840E-02  -3.73280E-04   2.03260E-03  -4.75820E-03   5.65480E-03  -2.52000E-03
  34 <-  8  1.32581E+01    2.20050E-04  -1.06490E-07   6.03650E-07  -1.42020E-06   1.69110E-06  -7.52540E-07
  35 <-  8  1.32782E+01    4.23700E-04  -3.71030E-07   2.21840E-06  -5.22440E-06   6.20980E-06  -2.74760E-06
  36 <-  8  1.32975E+01    2.00030E-03  -7.86570E-06   4.90180E-05  -1.15440E-04   1.36930E-04  -6.02860E-05
  37 <-  8  1.33108E+01    2.15250E-02  -8.82420E-04   5.64370E-03  -1.32890E-02   1.57430E-02  -6.90940E-03
  38 <-  8  1.33173E+01    1.16980E-02  -2.56800E-04   1.66230E-03  -3.91420E-03   4.63400E-03  -2.03090E-03
  39 <-  8  1.33341E+01    8.68100E-03  -1.36280E-04   9.09330E-04  -2.14120E-03   2.53130E-03  -1.10550E-03
  40 <-  8  1.33494E+01    1.34890E-02  -3.18650E-04   2.18340E-03  -5.14260E-03   6.07310E-03  -2.64480E-03
  41 <-  8  1.33628E+01    1.79450E-02  -5.47450E-04   3.84260E-03  -9.05010E-03   1.06750E-02  -4.63640E-03
  42 <-  8  1.33768E+01    1.82540E-02  -5.49040E-04   3.95300E-03  -9.31050E-03   1.09700E-02  -4.75110E-03
  43 <-  8  1.33916E+01    1.82350E-02  -5.29330E-04   3.91920E-03  -9.23140E-03   1.08630E-02  -4.69080E-03
  44 <-  8  1.34067E+01    1.89700E-02  -5.52070E-04   4.21140E-03  -9.91840E-03   1.16540E-02  -5.01600E-03
  45 <-  8  1.34216E+01    1.97830E-02  -5.77630E-04   4.54640E-03  -1.07060E-02   1.25600E-02  -5.38770E-03
  46 <-  8  1.34366E+01    2.03100E-02  -5.83540E-04   4.75150E-03  -1.11840E-02   1.30960E-02  -5.59640E-03
  47 <-  8  1.34516E+01    2.06290E-02  -5.74460E-04   4.85550E-03  -1.14200E-02   1.33420E-02  -5.67680E-03
  48 <-  8  1.34665E+01    2.08390E-02  -5.57380E-04   4.90500E-03  -1.15260E-02   1.34320E-02  -5.68830E-03
  49 <-  8  1.34815E+01    2.09650E-02  -5.34040E-04   4.91070E-03  -1.15260E-02   1.33920E-02  -5.64230E-03
  50 <-  8  1.34964E+01    2.10020E-02  -5.05340E-04   4.87190E-03  -1.14190E-02   1.32250E-02  -5.54110E-03
  51 <-  8  1.35113E+01    2.09420E-02  -4.72930E-04   4.79010E-03  -1.12110E-02   1.29390E-02  -5.38890E-03
  52 <-  8  1.35260E+01    2.07800E-02  -4.35060E-04   4.65730E-03  -1.08780E-02   1.25040E-02  -5.17180E-03
  53 <-  8  1.35407E+01    2.05310E-02  -3.93560E-04   4.48340E-03  -1.04440E-02   1.19460E-02  -4.90180E-03
  54 <-  8  1.35553E+01    2.02140E-02  -3.50190E-04   4.28020E-03  -9.93710E-03   1.13000E-02  -4.59390E-03
  55 <-  8  1.35698E+01    1.98300E-02  -3.05910E-04   4.05120E-03  -9.36630E-03   1.05780E-02  -4.25480E-03
  56 <-  8  1.35841E+01    1.93950E-02  -2.62270E-04   3.80680E-03  -8.75750E-03   9.81280E-03  -3.89820E-03
  57 <-  8  1.35984E+01    1.89080E-02  -2.19560E-04   3.54810E-03  -8.11300E-03   9.00600E-03  -3.52580E-03
  58 <-  8  1.36125E+01    1.83670E-02  -1.78970E-04   3.27940E-03  -7.44520E-03   8.17590E-03  -3.14680E-03
  59 <-  8  1.36264E+01    1.77980E-02  -1.41000E-04   3.01120E-03  -6.77800E-03   7.34850E-03  -2.77110E-03
  60 <-  8  1.36402E+01    1.72100E-02  -1.06050E-04   2.74780E-03  -6.12240E-03   6.53750E-03  -2.40490E-03
  61 <-  8  1.36539E+01    1.65970E-02  -7.42360E-05   2.48910E-03  -5.47870E-03   5.74430E-03  -2.04930E-03
  62 <-  8  1.36675E+01    1.59520E-02  -4.49680E-05   2.23220E-03  -4.83970E-03   4.95990E-03  -1.69980E-03
  63 <-  8  1.36809E+01    1.52930E-02  -1.88340E-05   1.98570E-03  -4.22740E-03   4.21150E-03  -1.36890E-03
  64 <-  8  1.36941E+01    1.45500E-02   1.15940E-05   1.71160E-03  -3.54010E-03   3.36610E-03  -9.92190E-04
  65 <-  8  1.37072E+01    1.38730E-02   2.98450E-05   1.49480E-03  -3.00660E-03   2.72420E-03  -7.14850E-04
  66 <-  8  1.37201E+01    1.33150E-02   3.30980E-05   1.35320E-03  -2.67300E-03   2.34440E-03  -5.64250E-04
  67 <-  8  1.37329E+01    1.27850E-02   3.25530E-05   1.23270E-03  -2.39400E-03   2.03500E-03  -4.46880E-04
  68 <-  8  1.37455E+01    1.22970E-02   2.73940E-05   1.13800E-03  -2.18260E-03   1.81340E-03  -3.71480E-04
  69 <-  8  1.37580E+01    1.18110E-02   2.11400E-05   1.05090E-03  -1.99110E-03   1.61830E-03  -3.08770E-04
  70 <-  8  1.37703E+01    1.13490E-02   1.21310E-05   9.80280E-04  -1.84440E-03   1.48260E-03  -2.74820E-04
  71 <-  8  1.37824E+01    1.08340E-02   7.85410E-06   8.91000E-04  -1.64710E-03   1.28030E-03  -2.08090E-04
  72 <-  8  1.37944E+01    1.02320E-02   1.09510E-05   7.71030E-04  -1.36700E-03   9.68160E-04  -8.74870E-05
  73 <-  8  1.38063E+01    9.63940E-03   1.27400E-05   6.63550E-04  -1.12030E-03   6.99960E-04   1.25010E-05
  74 <-  8  1.38180E+01    9.05550E-03   1.37030E-05   5.66360E-04  -9.00050E-04   4.64020E-04   9.83840E-05
  75 <-  8  1.38295E+01    8.49140E-03   1.33890E-05   4.82180E-04  -7.13010E-04   2.68960E-04   1.66210E-04
  76 <-  8  1.38409E+01    7.92910E-03   1.31780E-05   4.04470E-04  -5.43460E-04   9.63960E-05   2.23970E-04
  77 <-  8  1.38521E+01    7.38610E-03   1.23660E-05   3.37190E-04  -4.01390E-04  -4.13460E-05   2.65980E-04
  78 <-  8  1.38631E+01    6.86640E-03   1.06890E-05   2.81040E-04  -2.89000E-04  -1.41050E-04   2.90560E-04
  79 <-  8  1.38741E+01    6.35700E-03   8.94010E-06   2.31760E-04  -1.94880E-04  -2.17730E-04   3.04970E-04
  80 <-  8  1.38848E+01    5.86130E-03   7.02760E-06   1.89630E-04  -1.19780E-04  -2.70420E-04   3.08710E-04
  81 <-  8  1.38954E+01    5.37820E-03   5.23050E-06   1.53250E-04  -5.93260E-05  -3.05530E-04   3.05130E-04
  82 <-  8  1.39059E+01    4.90390E-03   3.80470E-06   1.21130E-04  -9.16610E-06  -3.29100E-04   2.97280E-04
  83 <-  8  1.39162E+01    4.42880E-03   2.88500E-06   9.19570E-05   3.37610E-05  -3.44640E-04   2.86580E-04
  84 <-  8  1.39264E+01    3.96100E-03   2.21610E-06   6.68170E-05   6.70640E-05  -3.49520E-04   2.71950E-04
  85 <-  8  1.39364E+01    3.50630E-03   1.63130E-06   4.61830E-05   8.97140E-05  -3.42600E-04   2.52890E-04
  86 <-  8  1.39463E+01    3.06720E-03   1.04220E-06   3.00500E-05   1.01720E-04  -3.23830E-04   2.29320E-04
  87 <-  8  1.39561E+01    2.63440E-03   6.83840E-07   1.68890E-05   1.07290E-04  -2.98780E-04   2.03900E-04
  88 <-  8  1.39657E+01    2.20650E-03   5.37570E-07   6.42680E-06   1.07380E-04  -2.68870E-04   1.77370E-04
  89 <-  8  1.39752E+01    1.77740E-03   5.93790E-07  -1.66960E-06   1.02850E-04  -2.35140E-04   1.50150E-04
  90 <-  8  1.39845E+01    1.33400E-03   8.64980E-07  -7.80840E-06   9.49060E-05  -1.99230E-04   1.23020E-04
  91 <-  8  1.39937E+01    8.57990E-04   1.21040E-06  -1.16300E-05   8.26640E-05  -1.60010E-04   9.54350E-05
  92 <-  8  1.40028E+01    1.69080E-04   1.51870E-06  -1.29070E-05   6.55870E-05  -1.16820E-04   6.70690E-05
  93 <-  8  1.40118E+01   -7.04740E-07   4.93140E-07  -6.85550E-06   3.44410E-05  -6.07720E-05   3.47280E-05
  94 <-  8  1.40206E+01   -6.86420E-09   3.42580E-07  -2.83640E-06   9.30980E-06  -1.35220E-05   7.16830E-06
  95 <-  8  1.40293E+01   -1.21700E-07   1.07080E-06  -1.10440E-06  -9.21560E-06   2.42820E-05  -1.53670E-05
  96 <-  8  1.40378E+01    5.19470E-09   2.58350E-06  -1.49290E-06  -2.14570E-05   5.29880E-05  -3.30420E-05
  97 <-  8  1.40462E+01    4.15990E-07   4.78860E-06  -3.83310E-06  -2.77540E-05   7.29820E-05  -4.60420E-05
  98 <-  8  1.40545E+01    1.13310E-06   7.59150E-06  -7.94550E-06  -2.84650E-05   8.46530E-05  -5.45520E-05
  99 <-  8  1.40627E+01    6.91910E-04   9.15630E-06  -6.43990E-06  -3.95910E-05   1.05500E-04  -6.58080E-05
  100 <-  8  1.40706E+01    1.06460E-03   1.03230E-05  -3.40540E-06  -5.17530E-05   1.24730E-04  -7.52100E-05
  101 <-  8  1.40782E+01    1.32540E-03   1.08510E-05  -2.33960E-07  -5.94040E-05   1.33440E-04  -7.82140E-05
  DE <-  8  1.40834E+01    1.90210E-01  -8.20070E-02   5.10610E-01  -1.24920E+00   1.55600E+00  -7.47070E-01
