# Analytic fits to MCCC calculations of electron scattering on molecular hydrogen and its isotopologues
# Adiabatic nuclei calculations performed with the spheroidal MCCC(210) model
# Reference: Scarlett et al. Atom. Data Nucl. Data Tables (2021)
# MCCC Database: mccc-db.org
# This file: e + D2(X1Sg,vi=8) -> e + D2(B1Su) all bound vf + dissociative excitation (DE)
#
# Fitting function: |(x-1)/x * (a0^2*log(x)/x + a1/x + a2/x^2 + a3/x^3 + a4/x^4 + a5/x^5)|
#                   where x = energy / threshold_energy
# Yields integrated cross section in atomic units

# vf    vi  threshold (eV)   a0            a1            a2            a3            a4            a5
   0 <-  8  8.67032E+00    1.46640E+00   5.97720E-01  -5.67280E+00   1.70840E+01  -1.49640E+01   4.07450E+00
   1 <-  8  8.78731E+00    1.41810E+00   7.17420E-01  -6.07300E+00   1.79200E+01  -1.68040E+01   5.45740E+00
   2 <-  8  8.90187E+00    7.36730E-01   3.14260E-01  -2.21430E+00   6.00220E+00  -5.58820E+00   1.74390E+00
   3 <-  8  9.01416E+00    6.78760E-01   9.32330E-02  -1.00620E+00   3.33260E+00  -3.35220E+00   1.25490E+00
   4 <-  8  9.12427E+00    1.02780E+00   2.63950E-01  -2.47260E+00   7.50250E+00  -6.95820E+00   2.23140E+00
   5 <-  8  9.23224E+00    4.22310E-01   9.72300E-03  -2.36690E-01   8.21210E-01  -7.17900E-01   1.93120E-01
   6 <-  8  9.33812E+00    3.45330E-01   1.03340E-01  -6.39070E-01   1.64930E+00  -1.58520E+00   5.63220E-01
   7 <-  8  9.44194E+00    7.31810E-01   3.60050E-01  -2.36430E+00   6.34140E+00  -6.32190E+00   2.33910E+00
   8 <-  8  9.54373E+00    6.56550E-01   2.55190E-01  -1.73310E+00   4.72190E+00  -4.79740E+00   1.83020E+00
   9 <-  8  9.64350E+00    2.88740E-01   4.28680E-02  -3.14470E-01   9.18160E-01  -1.04150E+00   4.56350E-01
  10 <-  8  9.74129E+00    1.27040E-01   2.12020E-02  -1.14730E-01   2.58880E-01  -2.06320E-01   4.80570E-02
  11 <-  8  9.83712E+00    4.25850E-01   1.73290E-01  -1.03350E+00   2.60540E+00  -2.56610E+00   9.39030E-01
  12 <-  8  9.93099E+00    5.41770E-01   2.75750E-01  -1.66930E+00   4.28880E+00  -4.42120E+00   1.73510E+00
  13 <-  8  1.00229E+01    4.87380E-01   2.32630E-01  -1.41160E+00   3.66080E+00  -3.90880E+00   1.61210E+00
  14 <-  8  1.01130E+01    3.16240E-01   1.17800E-01  -7.05360E-01   1.84860E+00  -2.08080E+00   9.13250E-01
  15 <-  8  1.02011E+01    9.76630E-02   2.20430E-02  -1.26610E-01   3.36580E-01  -4.15960E-01   1.99980E-01
  16 <-  8  1.02874E+01    9.91880E-02   5.39160E-03  -3.47960E-02   9.17300E-02  -7.56320E-02   1.73300E-02
  17 <-  8  1.03719E+01    2.56620E-01   6.11200E-02  -3.73100E-01   9.82530E-01  -1.03870E+00   4.16530E-01
  18 <-  8  1.04546E+01    3.57450E-01   1.13760E-01  -7.00790E-01   1.82640E+00  -1.93360E+00   7.89800E-01
  19 <-  8  1.05354E+01    3.90320E-01   1.46930E-01  -8.97090E-01   2.32440E+00  -2.49790E+00   1.04490E+00
  20 <-  8  1.06145E+01    3.67460E-01   1.42990E-01  -8.62900E-01   2.21760E+00  -2.40480E+00   1.02050E+00
  21 <-  8  1.06919E+01    3.03240E-01   1.10950E-01  -6.58610E-01   1.67350E+00  -1.82600E+00   7.82200E-01
  22 <-  8  1.07675E+01    2.13770E-01   6.73930E-02  -3.90770E-01   9.76580E-01  -1.06920E+00   4.60510E-01
  23 <-  8  1.08415E+01    1.13740E-01   2.82930E-02  -1.58180E-01   3.84690E-01  -4.21570E-01   1.81900E-01
  24 <-  8  1.09137E+01    9.94090E-03   3.97140E-03  -2.06540E-02   4.76050E-02  -5.22650E-02   2.24540E-02
  25 <-  8  1.09843E+01    6.95860E-02  -2.09970E-03   5.89970E-03  -1.90390E-03  -2.84720E-04   6.69960E-04
  26 <-  8  1.10533E+01    1.42170E-01   7.48530E-03  -5.83650E-02   1.76330E-01  -1.99160E-01   8.74660E-02
  27 <-  8  1.11207E+01    1.96740E-01   2.59210E-02  -1.70800E-01   4.67320E-01  -5.17730E-01   2.24170E-01
  28 <-  8  1.11864E+01    2.33730E-01   4.52790E-02  -2.84840E-01   7.50310E-01  -8.18380E-01   3.49460E-01
  29 <-  8  1.12506E+01    2.53980E-01   6.04870E-02  -3.71320E-01   9.54440E-01  -1.02600E+00   4.31910E-01
  30 <-  8  1.13132E+01    2.59100E-01   6.94480E-02  -4.18900E-01   1.05690E+00  -1.12230E+00   4.66300E-01
  31 <-  8  1.13743E+01    2.51980E-01   7.07530E-02  -4.21460E-01   1.04640E+00  -1.09660E+00   4.49020E-01
  32 <-  8  1.14338E+01    2.34640E-01   6.65270E-02  -3.91750E-01   9.59850E-01  -9.96100E-01   4.02960E-01
  33 <-  8  1.14918E+01    2.09890E-01   5.80330E-02  -3.38250E-01   8.19710E-01  -8.44450E-01   3.38140E-01
  34 <-  8  1.15482E+01    1.81010E-01   4.58880E-02  -2.65890E-01   6.36710E-01  -6.48080E-01   2.55590E-01
  35 <-  8  1.16031E+01    1.49360E-01   3.33240E-02  -1.92320E-01   4.55390E-01  -4.58050E-01   1.77840E-01
  36 <-  8  1.16564E+01    1.16540E-01   2.20100E-02  -1.26730E-01   2.97120E-01  -2.95880E-01   1.13240E-01
  37 <-  8  1.17082E+01    8.40790E-02   1.27220E-02  -7.33280E-02   1.70230E-01  -1.67810E-01   6.32340E-02
  38 <-  8  1.17583E+01    5.30890E-02   5.94850E-03  -3.45350E-02   7.93220E-02  -7.72570E-02   2.85440E-02
  39 <-  8  1.18069E+01    2.44130E-02   1.77210E-03  -1.05510E-02   2.39230E-02  -2.28870E-02   8.18480E-03
  40 <-  8  1.18537E+01    4.47810E-07   1.44000E-05  -1.68040E-04   6.88600E-04  -1.06830E-03   5.51560E-04
  41 <-  8  1.18987E+01    2.48650E-02   8.71770E-05  -4.24650E-05   1.03760E-03  -2.13590E-03   1.41410E-03
  42 <-  8  1.19419E+01    4.44010E-02   1.58110E-03  -7.81510E-03   1.96170E-02  -2.13290E-02   9.15460E-03
  43 <-  8  1.19830E+01    6.09990E-02   3.68540E-03  -1.91010E-02   4.56890E-02  -4.68450E-02   1.87830E-02
  44 <-  8  1.20218E+01    7.40570E-02   6.03620E-03  -3.18300E-02   7.48120E-02  -7.50700E-02   2.92540E-02
  45 <-  8  1.20582E+01    8.35640E-02   8.18880E-03  -4.35620E-02   1.01460E-01  -1.00710E-01   3.86430E-02
  46 <-  8  1.20916E+01    8.94230E-02   9.76110E-03  -5.22140E-02   1.20930E-01  -1.19210E-01   4.52860E-02
  47 <-  8  1.21216E+01    9.13130E-02   1.04670E-02  -5.62040E-02   1.29710E-01  -1.27340E-01   4.80660E-02
  48 <-  8  1.21474E+01    8.85910E-02   1.00490E-02  -5.41090E-02   1.24600E-01  -1.22020E-01   4.58670E-02
  49 <-  8  1.21679E+01    7.99020E-02   8.28740E-03  -4.47170E-02   1.02830E-01  -1.00580E-01   3.77170E-02
  50 <-  8  1.21819E+01    6.27450E-02   5.14130E-03  -2.77800E-02   6.38210E-02  -6.23360E-02   2.33270E-02
  51 <-  8  1.21887E+01    3.97050E-02   2.06400E-03  -1.11600E-02   2.56280E-02  -2.50160E-02   9.35240E-03
  52 <-  8  1.21914E+01    2.64030E-02   9.13660E-04  -4.94150E-03   1.13450E-02  -1.10720E-02   4.13770E-03
  53 <-  8  1.21926E+01    1.86530E-02   4.56200E-04  -2.46770E-03   5.66520E-03  -5.52800E-03   2.06550E-03
  54 <-  8  1.21933E+01    1.30800E-02   2.24370E-04  -1.21380E-03   2.78640E-03  -2.71880E-03   1.01580E-03
  55 <-  8  1.21936E+01    9.01830E-03   1.06670E-04  -5.77060E-04   1.32470E-03  -1.29250E-03   4.82890E-04
  56 <-  8  1.21937E+01    8.48990E-03   9.45330E-05  -5.11420E-04   1.17400E-03  -1.14550E-03   4.27930E-04
  DE <-  8  1.21938E+01    8.74130E-01   9.30330E-01  -6.26790E+00   1.49660E+01  -1.52730E+01   5.69100E+00
