# Analytic fits to MCCC calculations of electron scattering on molecular hydrogen
# Adiabatic nuclei calculations performed with the spheroidal MCCC(210) model
# Reference: Scarlett et al. Atom. Data Nucl. Data Tables (2021)
# MCCC Database: mccc-db.org
# This file: e + H2(X1Sg,vi=10) -> e + H2(B1Su) all bound vf + dissociative excitation (DE)
#
# Fitting function: |(x-1)/x * (a0^2*log(x)/x + a1/x + a2/x^2 + a3/x^3 + a4/x^4 + a5/x^5)|
#                   where x = energy / threshold_energy
# Yields integrated cross section in atomic units

# vf    vi  threshold (eV)   a0            a1            a2            a3            a4            a5
   0 <- 10  7.32011E+00    2.39290E-02   2.71930E-03  -1.82240E-02   5.47330E-02  -7.29480E-02   3.46870E-02
   1 <- 10  7.48399E+00    3.92710E-01  -2.18720E-02  -2.43410E-01   1.00170E+00  -8.75680E-01   1.75590E-01
   2 <- 10  7.64324E+00    1.54600E+00  -4.57980E-01  -2.31230E+00   1.20090E+01  -1.04550E+01   2.45360E+00
   3 <- 10  7.79815E+00    2.45990E+00  -4.38330E-01  -9.26570E+00   3.77340E+01  -3.34470E+01   8.61990E+00
   4 <- 10  7.94884E+00    7.68710E-01   4.72540E-02  -1.48150E+00   5.03510E+00  -5.00560E+00   1.64100E+00
   5 <- 10  8.09541E+00    1.37200E+00  -4.01890E-02  -2.59460E+00   1.05630E+01  -8.85100E+00   2.03620E+00
   6 <- 10  8.23793E+00    1.69390E-01   7.12690E-03  -6.13690E-02   2.26810E-01  -2.08890E-01   7.10650E-02
   7 <- 10  8.37646E+00    8.23430E-01   4.34300E-02  -1.19230E+00   4.33050E+00  -3.93200E+00   1.17620E+00
   8 <- 10  8.51106E+00    8.98640E-01   1.55150E-01  -1.86030E+00   6.31000E+00  -6.17800E+00   2.16800E+00
   9 <- 10  8.64180E+00    3.89960E-01   3.74520E-02  -3.70680E-01   1.22020E+00  -1.21070E+00   4.35100E-01
  10 <- 10  8.76873E+00    1.98170E-01   1.86730E-02  -1.53200E-01   4.63880E-01  -4.85370E-01   1.95100E-01
  11 <- 10  8.89192E+00    5.63090E-01   1.40790E-01  -1.11130E+00   3.31710E+00  -3.38330E+00   1.30390E+00
  12 <- 10  9.01143E+00    6.32060E-01   2.09760E-01  -1.53700E+00   4.45430E+00  -4.59050E+00   1.78290E+00
  13 <- 10  9.12732E+00    4.85320E-01   1.28210E-01  -9.09820E-01   2.56070E+00  -2.60260E+00   9.86620E-01
  14 <- 10  9.23966E+00    2.32770E-01   2.83100E-02  -1.97360E-01   5.31320E-01  -5.26530E-01   1.89440E-01
  15 <- 10  9.34852E+00    2.80070E-02   1.11050E-03  -7.31950E-03   2.38200E-02  -2.83170E-02   1.57200E-02
  16 <- 10  9.45396E+00    2.33790E-01   4.41350E-02  -2.84880E-01   7.92090E-01  -8.26830E-01   3.34580E-01
  17 <- 10  9.55604E+00    3.61500E-01   1.01890E-01  -6.52500E-01   1.76520E+00  -1.81280E+00   7.09350E-01
  18 <- 10  9.65483E+00    4.10460E-01   1.29470E-01  -8.24660E-01   2.18820E+00  -2.22210E+00   8.52810E-01
  19 <- 10  9.75037E+00    3.93660E-01   1.20240E-01  -7.61600E-01   1.98920E+00  -2.01320E+00   7.67310E-01
  20 <- 10  9.84272E+00    3.29260E-01   9.13800E-02  -5.71570E-01   1.47730E+00  -1.52090E+00   5.91470E-01
  21 <- 10  9.93193E+00    2.40580E-01   5.12630E-02  -3.19300E-01   8.13330E-01  -8.43630E-01   3.31750E-01
  22 <- 10  1.00180E+01    1.42860E-01   1.92380E-02  -1.19980E-01   2.98420E-01  -3.11680E-01   1.24460E-01
  23 <- 10  1.01010E+01    4.71600E-02   2.92210E-03  -1.81950E-02   4.25870E-02  -4.57870E-02   1.94030E-02
  24 <- 10  1.01809E+01    3.98360E-02  -3.55280E-04   1.66340E-03  -2.74060E-03   1.03480E-02  -7.88360E-03
  25 <- 10  1.02578E+01    1.09470E-01   5.41080E-03  -3.48610E-02   9.40260E-02  -7.83920E-02   2.05570E-02
  26 <- 10  1.03315E+01    1.61920E-01   1.63870E-02  -1.02630E-01   2.69020E-01  -2.54830E-01   8.69160E-02
  27 <- 10  1.04020E+01    1.98030E-01   2.77370E-02  -1.72340E-01   4.46840E-01  -4.39070E-01   1.59300E-01
  28 <- 10  1.04692E+01    2.19070E-01   3.68390E-02  -2.27820E-01   5.87260E-01  -5.89550E-01   2.21380E-01
  29 <- 10  1.05328E+01    2.27710E-01   4.13490E-02  -2.55870E-01   6.56470E-01  -6.65410E-01   2.54320E-01
  30 <- 10  1.05926E+01    2.25740E-01   4.20310E-02  -2.60360E-01   6.66070E-01  -6.81130E-01   2.64490E-01
  31 <- 10  1.06481E+01    2.15240E-01   3.96690E-02  -2.45870E-01   6.28180E-01  -6.48680E-01   2.55960E-01
  32 <- 10  1.06985E+01    1.98090E-01   3.49380E-02  -2.16620E-01   5.53310E-01  -5.77050E-01   2.31200E-01
  33 <- 10  1.07426E+01    1.75400E-01   2.84740E-02  -1.76590E-01   4.51260E-01  -4.75090E-01   1.92990E-01
  34 <- 10  1.07786E+01    1.46680E-01   2.06200E-02  -1.27900E-01   3.27090E-01  -3.47180E-01   1.42660E-01
  35 <- 10  1.08033E+01    1.07300E-01   1.13310E-02  -7.02950E-02   1.79910E-01  -1.92110E-01   7.95800E-02
  36 <- 10  1.08141E+01    5.61490E-02   3.14170E-03  -1.94900E-02   4.99020E-02  -5.34330E-02   2.22130E-02
  37 <- 10  1.08171E+01    3.24680E-02   1.05440E-03  -6.54090E-03   1.67490E-02  -1.79480E-02   7.46910E-03
  38 <- 10  1.08181E+01    1.96970E-02   3.88490E-04  -2.41010E-03   6.17180E-03  -6.61550E-03   2.75390E-03
  39 <- 10  1.08185E+01    1.27250E-02   1.62210E-04  -1.00630E-03   2.57700E-03  -2.76260E-03   1.15020E-03
  DE <- 10  1.08187E+01    8.98750E-01   5.34760E-01  -5.09020E+00   1.32200E+01  -1.39760E+01   5.35160E+00
