# MCCC calculations of D2 vibrational energy levels
# Reference: Scarlett et al., Atom. Data Nucl. Data Tables (2021)
# MCCC Database: mccc-db.org
# This file: vibrational level energies for the EF1Sg electronic state of D2
# v    Energy (Hartrees)  Energy (eV)  *** Asterisks denote wave functions located in the outer well ***
  0   -0.71415           -19.43300
  1   -0.71253           -19.38880 *
  2   -0.70862           -19.28260 *
  3   -0.70646           -19.22370
  4   -0.70484           -19.17970 *
  5   -0.70119           -19.08040 *
  6   -0.69921           -19.02650
  7   -0.69767           -18.98470 *
  8   -0.69433           -18.89370 *
  9   -0.69263           -18.84760
 10   -0.69107           -18.80510 *
 11   -0.68835           -18.73100
 12   -0.68654           -18.68180
 13   -0.68449           -18.62580
 14   -0.68210           -18.56090
 15   -0.67986           -18.49990
 16   -0.67761           -18.43880
 17   -0.67530           -18.37590
 18   -0.67301           -18.31340
 19   -0.67074           -18.25170
 20   -0.66848           -18.19030
 21   -0.66624           -18.12920
 22   -0.66402           -18.06890
 23   -0.66184           -18.00940
 24   -0.65968           -17.95080
 25   -0.65756           -17.89300
 26   -0.65547           -17.83620
 27   -0.65342           -17.78040
 28   -0.65141           -17.72560
 29   -0.64943           -17.67200
 30   -0.64750           -17.61940
 31   -0.64561           -17.56800
 32   -0.64377           -17.51790
 33   -0.64197           -17.46890
 34   -0.64022           -17.42130
 35   -0.63852           -17.37510
 36   -0.63687           -17.33020
 37   -0.63528           -17.28690
 38   -0.63375           -17.24530
 39   -0.63229           -17.20540
 40   -0.63089           -17.16750
 41   -0.62958           -17.13190
 42   -0.62837           -17.09890
 43   -0.62728           -17.06910
 44   -0.62633           -17.04330
 45   -0.62558           -17.02280
 46   -0.62510           -17.00980
