# Analytic fits to MCCC calculations of electron scattering on molecular hydrogen and its isotopologues
# Adiabatic nuclei calculations performed with the spheroidal MCCC(210) model
# Reference: Scarlett et al. Atom. Data Nucl. Data Tables (2021)
# MCCC Database: mccc-db.org
# This file: e + D2(X1Sg,vi=11) -> e + D2(B1Su) all bound vf + dissociative excitation (DE)
#
# Fitting function: |(x-1)/x * (a0^2*log(x)/x + a1/x + a2/x^2 + a3/x^3 + a4/x^4 + a5/x^5)|
#                   where x = energy / threshold_energy
# Yields integrated cross section in atomic units

# vf    vi  threshold (eV)   a0            a1            a2            a3            a4            a5
   0 <- 11  7.94264E+00    3.76790E-01  -2.86940E-03  -2.32350E-01   1.05980E+00  -1.20010E+00   5.26280E-01
   1 <- 11  8.05964E+00    1.33750E+00   2.18910E-01  -4.07760E+00   1.49720E+01  -1.52640E+01   5.68650E+00
   2 <- 11  8.17420E+00    1.97170E+00   1.70720E-01  -6.78510E+00   2.56530E+01  -2.33530E+01   7.00890E+00
   3 <- 11  8.28649E+00    4.33640E-01   4.35610E-02  -5.26110E-01   1.63970E+00  -1.49310E+00   4.39560E-01
   4 <- 11  8.39659E+00    1.28890E+00   4.59240E-01  -4.72200E+00   1.50730E+01  -1.44850E+01   4.87850E+00
   5 <- 11  8.50457E+00    4.59910E-02   1.01400E-02  -5.45000E-02   1.32910E-01  -1.34020E-01   4.69260E-02
   6 <- 11  8.61045E+00    9.46510E-01   1.75460E-01  -2.06610E+00   6.90990E+00  -6.76420E+00   2.39200E+00
   7 <- 11  8.71427E+00    7.86180E-01   1.62090E-01  -1.57400E+00   4.90880E+00  -4.62080E+00   1.49570E+00
   8 <- 11  8.81605E+00    6.37070E-07   3.05170E-04  -5.18000E-03   2.58030E-02  -4.95830E-02   3.32080E-02
   9 <- 11  8.91583E+00    6.28820E-01   1.39620E-01  -1.19860E+00   3.72270E+00  -3.84210E+00   1.50480E+00
  10 <- 11  9.01362E+00    7.46870E-01   1.97430E-01  -1.64460E+00   4.94540E+00  -4.93100E+00   1.79810E+00
  11 <- 11  9.10944E+00    4.40480E-01   4.81320E-02  -4.50780E-01   1.35470E+00  -1.26280E+00   3.98260E-01
  12 <- 11  9.20331E+00   -3.99190E-05   5.10380E-03  -2.79190E-02   7.78370E-02  -9.97770E-02   5.15680E-02
  13 <- 11  9.29526E+00    3.96760E-01   1.17660E-01  -7.69220E-01   2.10660E+00  -2.17270E+00   8.50140E-01
  14 <- 11  9.38530E+00    5.64140E-01   1.95460E-01  -1.31690E+00   3.57440E+00  -3.56090E+00   1.31730E+00
  15 <- 11  9.47346E+00    5.15200E-01   1.56550E-01  -1.05890E+00   2.85460E+00  -2.84220E+00   1.04740E+00
  16 <- 11  9.55976E+00    3.20700E-01   5.56360E-02  -3.84600E-01   1.03840E+00  -1.04600E+00   3.93010E-01
  17 <- 11  9.64423E+00    6.90510E-02   6.23100E-04  -8.73440E-03   2.78360E-02  -3.37020E-02   1.61700E-02
  18 <- 11  9.72689E+00    1.63970E-01   2.35610E-02  -1.40090E-01   3.47800E-01  -3.14450E-01   9.88870E-02
  19 <- 11  9.80776E+00    3.29310E-01   8.48710E-02  -5.21370E-01   1.31790E+00  -1.25270E+00   4.33710E-01
  20 <- 11  9.88686E+00    4.06350E-01   1.36540E-01  -8.37680E-01   2.13660E+00  -2.12250E+00   7.89250E-01
  21 <- 11  9.96422E+00    4.01140E-01   1.44620E-01  -8.81630E-01   2.26330E+00  -2.33400E+00   9.16750E-01
  22 <- 11  1.00399E+01    3.34010E-01   1.06610E-01  -6.48100E-01   1.66960E+00  -1.76980E+00   7.23610E-01
  23 <- 11  1.01138E+01    2.26520E-01   5.53470E-02  -3.34300E-01   8.66510E-01  -9.55760E-01   4.11330E-01
  24 <- 11  1.01861E+01    1.00870E-01   1.63710E-02  -9.66750E-02   2.54380E-01  -3.03730E-01   1.41980E-01
  25 <- 11  1.02567E+01    8.62160E-06   9.41430E-04  -5.93910E-03   1.92500E-02  -2.55600E-02   1.19070E-02
  26 <- 11  1.03256E+01    1.20900E-01   1.07140E-02  -6.52550E-02   1.66930E-01  -1.52120E-01   4.77370E-02
  27 <- 11  1.03930E+01    2.02160E-01   3.44350E-02  -2.10190E-01   5.41540E-01  -5.42540E-01   2.04310E-01
  28 <- 11  1.04588E+01    2.55740E-01   5.95700E-02  -3.63300E-01   9.38820E-01  -9.75020E-01   3.88490E-01
  29 <- 11  1.05229E+01    2.82580E-01   7.62600E-02  -4.65190E-01   1.20270E+00  -1.27250E+00   5.21520E-01
  30 <- 11  1.05856E+01    2.85300E-01   8.09900E-02  -4.93920E-01   1.27550E+00  -1.36610E+00   5.70170E-01
  31 <- 11  1.06466E+01    2.67810E-01   7.53100E-02  -4.58140E-01   1.18050E+00  -1.27740E+00   5.40930E-01
  32 <- 11  1.07061E+01    2.35010E-01   6.23360E-02  -3.77300E-01   9.68690E-01  -1.05770E+00   4.53330E-01
  33 <- 11  1.07641E+01    1.91830E-01   4.59060E-02  -2.75590E-01   7.03590E-01  -7.74560E-01   3.35360E-01
  34 <- 11  1.08205E+01    1.42650E-01   2.96850E-02  -1.75910E-01   4.45640E-01  -4.95110E-01   2.16580E-01
  35 <- 11  1.08754E+01    9.13630E-02   1.59590E-02  -9.27310E-02   2.32320E-01  -2.60980E-01   1.15450E-01
  36 <- 11  1.09287E+01    4.08170E-02   6.05600E-03  -3.41100E-02   8.40670E-02  -9.60290E-02   4.31080E-02
  37 <- 11  1.09805E+01   -1.18860E-06   1.45160E-04  -1.17960E-03   3.63330E-03  -4.92390E-03   2.44400E-03
  38 <- 11  1.10307E+01    4.35880E-02  -9.29220E-04   3.54240E-03  -4.76390E-03   5.93140E-03  -3.23520E-03
  39 <- 11  1.10792E+01    7.86600E-02   1.15110E-03  -1.08660E-02   3.61450E-02  -3.89870E-02   1.58620E-02
  40 <- 11  1.11260E+01    1.06760E-01   5.64010E-03  -3.88890E-02   1.10980E-01  -1.22660E-01   5.22560E-02
  41 <- 11  1.11710E+01    1.28200E-01   1.13360E-02  -7.31770E-02   2.00390E-01  -2.23120E-01   9.61780E-02
  42 <- 11  1.12142E+01    1.43790E-01   1.66400E-02  -1.04670E-01   2.80560E-01  -3.11770E-01   1.34450E-01
  43 <- 11  1.12553E+01    1.54020E-01   2.05570E-02  -1.27780E-01   3.37300E-01  -3.72120E-01   1.59660E-01
  44 <- 11  1.12941E+01    1.59320E-01   2.26510E-02  -1.40070E-01   3.64990E-01  -3.98390E-01   1.69470E-01
  45 <- 11  1.13305E+01    1.60390E-01   2.25040E-02  -1.39420E-01   3.58670E-01  -3.84880E-01   1.61380E-01
  46 <- 11  1.13639E+01    1.55770E-01   2.24490E-02  -1.37870E-01   3.51800E-01  -3.76360E-01   1.57320E-01
  47 <- 11  1.13939E+01    1.46640E-01   2.12780E-02  -1.29400E-01   3.28290E-01  -3.51380E-01   1.46860E-01
  48 <- 11  1.14197E+01    1.33230E-01   1.84280E-02  -1.11320E-01   2.80990E-01  -3.00420E-01   1.25360E-01
  49 <- 11  1.14403E+01    1.14260E-01   1.40100E-02  -8.42420E-02   2.11780E-01  -2.26050E-01   9.41350E-02
  50 <- 11  1.14542E+01    8.67300E-02   8.24250E-03  -4.94250E-02   1.23910E-01  -1.32070E-01   5.49090E-02
  51 <- 11  1.14610E+01    5.39840E-02   3.22570E-03  -1.93160E-02   4.83630E-02  -5.15120E-02   2.13980E-02
  52 <- 11  1.14637E+01    3.56700E-02   1.41320E-03  -8.45900E-03   2.11680E-02  -2.25380E-02   9.35870E-03
  53 <- 11  1.14650E+01    2.51230E-02   7.02340E-04  -4.20280E-03   1.05140E-02  -1.11930E-02   4.64700E-03
  54 <- 11  1.14656E+01    1.75910E-02   3.44550E-04  -2.06170E-03   5.15700E-03  -5.48950E-03   2.27870E-03
  55 <- 11  1.14659E+01    1.21200E-02   1.63600E-04  -9.78900E-04   2.44850E-03  -2.60630E-03   1.08180E-03
  56 <- 11  1.14661E+01    1.14050E-02   1.44910E-04  -8.67020E-04   2.16860E-03  -2.30830E-03   9.58130E-04
  DE <- 11  1.14661E+01    9.01970E-01   7.81340E-01  -6.07950E+00   1.51220E+01  -1.57960E+01   6.03780E+00
