# Analytic fits to MCCC calculations of electron scattering on molecular hydrogen and its isotopologues
# Adiabatic nuclei calculations performed with the spheroidal MCCC(210) model
# Reference: Scarlett et al. Atom. Data Nucl. Data Tables (2021)
# MCCC Database: mccc-db.org
# This file: e + D2(X1Sg,vi=10) -> e + D2(B1Su) all bound vf + dissociative excitation (DE)
#
# Fitting function: |(x-1)/x * (a0^2*log(x)/x + a1/x + a2/x^2 + a3/x^3 + a4/x^4 + a5/x^5)|
#                   where x = energy / threshold_energy
# Yields integrated cross section in atomic units

# vf    vi  threshold (eV)   a0            a1            a2            a3            a4            a5
   0 <- 10  8.17062E+00    6.98630E-01   6.95570E-02  -1.10830E+00   3.96700E+00  -3.97960E+00   1.45280E+00
   1 <- 10  8.28762E+00    1.78920E+00   2.56960E-01  -5.85450E+00   2.10680E+01  -1.87950E+01   5.50180E+00
   2 <- 10  8.40218E+00    1.34600E+00   4.06160E-01  -4.71290E+00   1.54340E+01  -1.48430E+01   4.99160E+00
   3 <- 10  8.51447E+00    8.14200E-01   2.55980E-01  -2.20910E+00   6.68440E+00  -6.46520E+00   2.16940E+00
   4 <- 10  8.62457E+00    7.80960E-01   1.33750E-01  -1.48430E+00   4.96160E+00  -5.00860E+00   1.86550E+00
   5 <- 10  8.73255E+00    1.02010E+00   2.97600E-01  -2.76580E+00   8.52020E+00  -8.05930E+00   2.64110E+00
   6 <- 10  8.83843E+00    1.65690E-01   1.90660E-02  -1.23450E-01   3.23660E-01  -3.08010E-01   9.19860E-02
   7 <- 10  8.94225E+00    6.37290E-01   1.43220E-01  -1.22940E+00   3.81530E+00  -3.94310E+00   1.53980E+00
   8 <- 10  9.04403E+00    8.20900E-01   2.31910E-01  -1.93390E+00   5.76050E+00  -5.62710E+00   1.98240E+00
   9 <- 10  9.14381E+00    4.57340E-01   5.05700E-02  -4.71210E-01   1.39400E+00  -1.25380E+00   3.70300E-01
  10 <- 10  9.24160E+00    8.36690E-02   1.49650E-02  -8.72630E-02   2.38480E-01  -2.73600E-01   1.23550E-01
  11 <- 10  9.33742E+00    4.95550E-01   1.48440E-01  -1.00860E+00   2.74930E+00  -2.71110E+00   9.91220E-01
  12 <- 10  9.43129E+00    6.22660E-01   2.26830E-01  -1.54440E+00   4.19320E+00  -4.16240E+00   1.52780E+00
  13 <- 10  9.52324E+00    5.00010E-01   1.35750E-01  -9.40010E-01   2.55200E+00  -2.54450E+00   9.43100E-01
  14 <- 10  9.61328E+00    2.31770E-01   2.26100E-02  -1.72160E-01   4.85300E-01  -5.08030E-01   2.03500E-01
  15 <- 10  9.70144E+00    6.37680E-02   6.10970E-03  -3.20610E-02   7.20220E-02  -5.53030E-02   1.11660E-02
  16 <- 10  9.78774E+00    2.99920E-01   7.19230E-02  -4.35710E-01   1.08270E+00  -9.94220E-01   3.24920E-01
  17 <- 10  9.87221E+00    4.27970E-01   1.51730E-01  -9.28910E-01   2.36000E+00  -2.32100E+00   8.51700E-01
  18 <- 10  9.95487E+00    4.45830E-01   1.80540E-01  -1.10120E+00   2.83220E+00  -2.92490E+00   1.15130E+00
  19 <- 10  1.00357E+01    3.78010E-01   1.37120E-01  -8.36700E-01   2.16510E+00  -2.30460E+00   9.46650E-01
  20 <- 10  1.01148E+01    2.52390E-01   7.10350E-02  -4.30370E-01   1.12490E+00  -1.25540E+00   5.45610E-01
  21 <- 10  1.01922E+01    1.00260E-01   2.00740E-02  -1.17810E-01   3.15010E-01  -3.86140E-01   1.83290E-01
  22 <- 10  1.02678E+01    2.84090E-02   2.20090E-03  -1.13810E-02   3.01560E-02  -3.06750E-02   1.05010E-02
  23 <- 10  1.03418E+01    1.58560E-01   1.90450E-02  -1.15890E-01   2.95250E-01  -2.76780E-01   9.36860E-02
  24 <- 10  1.04140E+01    2.45460E-01   5.69550E-02  -3.43680E-01   8.88300E-01  -9.21000E-01   3.64440E-01
  25 <- 10  1.04846E+01    2.98090E-01   8.75940E-02  -5.30100E-01   1.37060E+00  -1.45140E+00   5.93280E-01
  26 <- 10  1.05536E+01    3.15770E-01   1.02800E-01  -6.21960E-01   1.60580E+00  -1.72330E+00   7.18430E-01
  27 <- 10  1.06210E+01    3.03340E-01   1.00570E-01  -6.06550E-01   1.56150E+00  -1.69300E+00   7.15960E-01
  28 <- 10  1.06867E+01    2.67570E-01   8.47610E-02  -5.07970E-01   1.30160E+00  -1.42330E+00   6.08740E-01
  29 <- 10  1.07509E+01    2.15730E-01   6.17490E-02  -3.66380E-01   9.32320E-01  -1.02710E+00   4.43380E-01
  30 <- 10  1.08135E+01    1.54650E-01   3.79830E-02  -2.21970E-01   5.59290E-01  -6.20800E-01   2.70330E-01
  31 <- 10  1.08746E+01    9.03840E-02   1.80340E-02  -1.03000E-01   2.55560E-01  -2.85950E-01   1.25590E-01
  32 <- 10  1.09341E+01    2.67220E-02   4.73100E-03  -2.59880E-02   6.28780E-02  -7.13640E-02   3.17170E-02
  33 <- 10  1.09921E+01    2.55980E-02  -9.40050E-04   4.42880E-03  -8.37950E-03   8.86260E-03  -3.95360E-03
  34 <- 10  1.10485E+01    7.62560E-02   3.94130E-04  -6.63720E-03   2.67030E-02  -2.99620E-02   1.25200E-02
  35 <- 10  1.11034E+01    1.16930E-01   6.96990E-03  -4.76740E-02   1.36810E-01  -1.53110E-01   6.60360E-02
  36 <- 10  1.11567E+01    1.48380E-01   1.64070E-02  -1.04160E-01   2.83470E-01  -3.16710E-01   1.37080E-01
  37 <- 10  1.12085E+01    1.71880E-01   2.52240E-02  -1.56510E-01   4.14960E-01  -4.58490E-01   1.96920E-01
  38 <- 10  1.12586E+01    1.87660E-01   3.19590E-02  -1.96230E-01   5.10440E-01  -5.56030E-01   2.36070E-01
  39 <- 10  1.13072E+01    1.96350E-01   3.59260E-02  -2.19390E-01   5.61390E-01  -6.01600E-01   2.51790E-01
  40 <- 10  1.13540E+01    1.98240E-01   3.79780E-02  -2.30450E-01   5.81580E-01  -6.15190E-01   2.54350E-01
  41 <- 10  1.13990E+01    1.92590E-01   4.09720E-02  -2.44290E-01   6.12620E-01  -6.52180E-01   2.70810E-01
  42 <- 10  1.14422E+01    1.84010E-01   3.97530E-02  -2.35160E-01   5.84550E-01  -6.18890E-01   2.55370E-01
  43 <- 10  1.14833E+01    1.72210E-01   3.67830E-02  -2.16190E-01   5.33120E-01  -5.61320E-01   2.30090E-01
  44 <- 10  1.15221E+01    1.58360E-01   3.23190E-02  -1.89170E-01   4.62720E-01  -4.83430E-01   1.96410E-01
  45 <- 10  1.15585E+01    1.43050E-01   2.71880E-02  -1.58690E-01   3.85150E-01  -3.98980E-01   1.60510E-01
  46 <- 10  1.15919E+01    1.26850E-01   2.19260E-02  -1.27760E-01   3.07800E-01  -3.16100E-01   1.25860E-01
  47 <- 10  1.16219E+01    1.10160E-01   1.68970E-02  -9.83790E-02   2.35430E-01  -2.39740E-01   9.44810E-02
  48 <- 10  1.16477E+01    9.30890E-02   1.22870E-02  -7.15290E-02   1.70180E-01  -1.71950E-01   6.71090E-02
  49 <- 10  1.16682E+01    7.51310E-02   8.11310E-03  -4.72560E-02   1.11890E-01  -1.12300E-01   4.34510E-02
  50 <- 10  1.16822E+01    5.45310E-02   4.36460E-03  -2.54110E-02   6.00380E-02  -6.01390E-02   2.31960E-02
  51 <- 10  1.16890E+01    3.31820E-02   1.63430E-03  -9.51330E-03   2.24540E-02  -2.24740E-02   8.65570E-03
  52 <- 10  1.16917E+01    2.17270E-02   7.03880E-04  -4.09680E-03   9.66620E-03  -9.67180E-03   3.72310E-03
  53 <- 10  1.16929E+01    1.52370E-02   3.46910E-04  -2.01910E-03   4.76310E-03  -4.76510E-03   1.83370E-03
  54 <- 10  1.16936E+01    1.06460E-02   1.69530E-04  -9.86670E-04   2.32740E-03  -2.32820E-03   8.95860E-04
  55 <- 10  1.16939E+01    7.32710E-03   8.03420E-05  -4.67600E-04   1.10290E-03  -1.10330E-03   4.24490E-04
  56 <- 10  1.16940E+01    6.89070E-03   7.10760E-05  -4.13670E-04   9.75710E-04  -9.75980E-04   3.75490E-04
  DE <- 10  1.16941E+01    8.44760E-01   8.23230E-01  -6.05320E+00   1.49390E+01  -1.57400E+01   6.05750E+00
