# Analytic fits to MCCC calculations of electron scattering on molecular hydrogen and its isotopologues
# Adiabatic nuclei calculations performed with the spheroidal MCCC(210) model
# Reference: Scarlett et al. Atom. Data Nucl. Data Tables (2021)
# MCCC Database: mccc-db.org
# This file: e + D2(X1Sg,vi=17) -> e + D2(B1Su) all bound vf + dissociative excitation (DE)
#
# Fitting function: |(x-1)/x * (a0^2*log(x)/x + a1/x + a2/x^2 + a3/x^3 + a4/x^4 + a5/x^5)|
#                   where x = energy / threshold_energy
# Yields integrated cross section in atomic units

# vf    vi  threshold (eV)   a0            a1            a2            a3            a4            a5
   0 <- 17  6.92383E+00   -2.77330E-09   8.47780E-06  -1.14050E-04   4.98670E-04  -8.56060E-04   4.98630E-04
   1 <- 17  7.04083E+00    1.07420E-06   1.11540E-05  -1.77370E-04   8.58750E-04  -1.60750E-03   1.02280E-03
   2 <- 17  7.15539E+00   -3.98410E-06   1.26040E-04  -1.06220E-03   4.33080E-03  -7.45520E-03   4.40370E-03
   3 <- 17  7.26768E+00    4.53300E-02   1.47660E-03  -1.28890E-02   3.79910E-02  -4.15310E-02   1.47160E-02
   4 <- 17  7.37778E+00    1.11840E-01  -1.39880E-02   6.51300E-02  -1.39100E-01   2.02810E-01  -1.16110E-01
   5 <- 17  7.48576E+00    2.74530E-01   2.28730E-02  -4.19210E-01   1.27840E+00  -1.45370E+00   5.90060E-01
   6 <- 17  7.59164E+00    1.56140E+00   2.05350E-01  -7.52900E+00   2.57250E+01  -2.72160E+01   9.93940E+00
   7 <- 17  7.69546E+00    2.52440E+00   2.48660E-01  -1.64510E+01   5.83020E+01  -6.00550E+01   2.12930E+01
   8 <- 17  7.79724E+00    9.66570E-01   3.96790E-01  -4.82870E+00   1.46380E+01  -1.61090E+01   6.41030E+00
   9 <- 17  7.89702E+00    9.28260E-01  -2.69520E-01   3.09710E-01   1.18250E+00   3.89920E-01  -1.15380E+00
  10 <- 17  7.99481E+00    1.72340E-01   2.41070E-02  -1.91930E-01   5.83670E-01  -6.50000E-01   2.79710E-01
  11 <- 17  8.09063E+00    7.22470E-01   8.40120E-02  -1.35030E+00   4.45670E+00  -4.17460E+00   1.26770E+00
  12 <- 17  8.18450E+00    6.98620E-01   8.82530E-03  -7.16820E-01   2.77720E+00  -2.26460E+00   5.03250E-01
  13 <- 17  8.27645E+00    1.51070E-01   9.57680E-03  -7.70850E-02   2.43560E-01  -2.33870E-01   8.22680E-02
  14 <- 17  8.36649E+00    4.02150E-01  -1.22680E-02  -1.64600E-01   7.23630E-01  -5.74010E-01   1.12980E-01
  15 <- 17  8.45465E+00    5.99970E-01   5.23180E-02  -7.52020E-01   2.61240E+00  -2.48510E+00   8.18590E-01
  16 <- 17  8.54095E+00    4.52250E-01   4.89650E-02  -5.14430E-01   1.68550E+00  -1.64830E+00   5.75810E-01
  17 <- 17  8.62542E+00    1.20770E-01   4.19870E-03  -3.71770E-02   1.14730E-01  -1.06370E-01   3.32270E-02
  18 <- 17  8.70808E+00    2.06730E-01   1.27650E-02  -1.25110E-01   4.07920E-01  -4.29130E-01   1.72510E-01
  19 <- 17  8.78895E+00    4.08480E-01   4.86810E-02  -4.60880E-01   1.46720E+00  -1.48470E+00   5.63690E-01
  20 <- 17  8.86805E+00    4.45030E-01   5.69900E-02  -5.28310E-01   1.65200E+00  -1.62870E+00   5.92830E-01
  21 <- 17  8.94541E+00    3.40340E-01   4.19680E-02  -3.49240E-01   1.06220E+00  -1.07520E+00   3.99950E-01
  22 <- 17  9.02104E+00    1.63220E-01   7.57840E-03  -6.75670E-02   2.05810E-01  -2.01720E-01   6.87980E-02
  23 <- 17  9.09498E+00    2.55290E-02   1.99310E-03  -1.15580E-02   3.23850E-02  -3.88180E-02   1.91230E-02
  24 <- 17  9.16725E+00    1.86920E-01   2.55170E-02  -1.69370E-01   4.72060E-01  -4.87510E-01   1.94080E-01
  25 <- 17  9.23785E+00    2.89060E-01   5.29260E-02  -3.58000E-01   9.88790E-01  -9.94810E-01   3.77950E-01
  26 <- 17  9.30683E+00    3.26520E-01   6.27720E-02  -4.28270E-01   1.17120E+00  -1.16010E+00   4.28840E-01
  27 <- 17  9.37419E+00    3.04350E-01   5.57010E-02  -3.77140E-01   1.02460E+00  -1.02710E+00   3.83760E-01
  28 <- 17  9.43995E+00    2.39900E-01   3.44190E-02  -2.33060E-01   6.29210E-01  -6.36960E-01   2.39980E-01
  29 <- 17  9.50413E+00    1.51710E-01   1.16970E-02  -8.23090E-02   2.20100E-01  -2.19760E-01   8.08380E-02
  30 <- 17  9.56674E+00    5.44910E-02   6.26140E-04  -6.17750E-03   1.62840E-02  -1.59340E-02   5.66800E-03
  31 <- 17  9.62780E+00    3.82950E-02   1.79210E-03  -1.02950E-02   2.70510E-02  -2.61220E-02   9.97380E-03
  32 <- 17  9.68731E+00    1.16370E-01   1.11640E-02  -6.87180E-02   1.79350E-01  -1.74250E-01   6.36490E-02
  33 <- 17  9.74528E+00    1.74320E-01   2.36390E-02  -1.47260E-01   3.82100E-01  -3.73580E-01   1.36470E-01
  34 <- 17  9.80171E+00    2.09950E-01   3.51140E-02  -2.18170E-01   5.64090E-01  -5.59720E-01   2.07950E-01
  35 <- 17  9.85659E+00    2.22890E-01   4.49690E-02  -2.74830E-01   7.12290E-01  -7.33250E-01   2.84990E-01
  36 <- 17  9.90993E+00    2.21370E-01   4.23170E-02  -2.59790E-01   6.66770E-01  -6.77810E-01   2.59930E-01
  37 <- 17  9.96169E+00    2.04400E-01   3.62730E-02  -2.22400E-01   5.66980E-01  -5.76730E-01   2.22040E-01
  38 <- 17  1.00118E+01    1.76140E-01   2.83790E-02  -1.72960E-01   4.39300E-01  -4.52600E-01   1.77670E-01
  39 <- 17  1.00604E+01    1.40970E-01   1.97240E-02  -1.19270E-01   3.02170E-01  -3.17310E-01   1.27990E-01
  40 <- 17  1.01072E+01    1.02430E-01   1.18510E-02  -7.09030E-02   1.79410E-01  -1.93570E-01   8.09110E-02
  41 <- 17  1.01522E+01    6.35660E-02   5.69640E-03  -3.35820E-02   8.48890E-02  -9.50950E-02   4.15970E-02
  42 <- 17  1.01954E+01    2.64290E-02   1.77740E-03  -1.01900E-02   2.57500E-02  -3.06750E-02   1.43120E-02
  43 <- 17  1.02365E+01   -1.19250E-07   2.68850E-05  -1.66460E-04   5.98940E-04  -5.62580E-04   1.08010E-04
  44 <- 17  1.02753E+01    3.25950E-02   2.28950E-04  -1.69040E-03   4.70480E-03  -1.63250E-03  -1.31340E-03
  45 <- 17  1.03117E+01    5.48610E-02   1.60870E-03  -1.02310E-02   2.68260E-02  -2.30230E-02   6.19990E-03
  46 <- 17  1.03451E+01    7.08300E-02   3.45650E-03  -2.14120E-02   5.56940E-02  -5.30440E-02   1.80370E-02
  47 <- 17  1.03751E+01    7.96020E-02   5.50950E-03  -3.33180E-02   8.68990E-02  -8.86530E-02   3.36110E-02
  48 <- 17  1.04009E+01    8.34860E-02   5.44480E-03  -3.34840E-02   8.64050E-02  -8.59330E-02   3.17910E-02
  49 <- 17  1.04215E+01    7.81820E-02   4.95480E-03  -3.04010E-02   7.83650E-02  -7.88300E-02   2.97410E-02
  50 <- 17  1.04354E+01    6.26960E-02   3.21610E-03  -1.97400E-02   5.08220E-02  -5.12960E-02   1.94940E-02
  51 <- 17  1.04422E+01    4.00230E-02   1.31700E-03  -8.08470E-03   2.08040E-02  -2.10340E-02   8.02140E-03
  52 <- 17  1.04449E+01    2.66990E-02   5.87500E-04  -3.60620E-03   9.27800E-03  -9.38790E-03   3.58530E-03
  53 <- 17  1.04462E+01    1.88890E-02   2.94440E-04  -1.80730E-03   4.64960E-03  -4.70660E-03   1.79890E-03
  54 <- 17  1.04468E+01    1.32550E-02   1.45050E-04  -8.90340E-04   2.29040E-03  -2.31880E-03   8.86470E-04
  55 <- 17  1.04471E+01    9.14200E-03   6.90240E-05  -4.23680E-04   1.08990E-03  -1.10360E-03   4.22020E-04
  56 <- 17  1.04473E+01    8.60780E-03   6.12130E-05  -3.75720E-04   9.66540E-04  -9.78740E-04   3.74320E-04
  DE <- 17  1.04473E+01    8.83480E-01   2.86420E-01  -3.53820E+00   9.20150E+00  -9.00350E+00   3.08480E+00
