   v'->v''           0           1           2           3           4
           0 0.0000e+000 0.0000e+000 0.0000e+000 0.0000e+000 0.0000e+000
           1 0.0000e+000 0.0000e+000 0.0000e+000 0.0000e+000 0.0000e+000
           2 0.0000e+000 0.0000e+000 0.0000e+000 0.0000e+000 0.0000e+000
           3 0.0000e+000 0.0000e+000 0.0000e+000 0.0000e+000 0.0000e+000
           4 0.0000e+000 0.0000e+000 0.0000e+000 0.0000e+000 0.0000e+000
           5 0.0000e+000 0.0000e+000 0.0000e+000 0.0000e+000 0.0000e+000
           6 0.0000e+000 0.0000e+000 0.0000e+000 0.0000e+000 0.0000e+000
           7 0.0000e+000 0.0000e+000 0.0000e+000 0.0000e+000 0.0000e+000
           8 0.0000e+000 0.0000e+000 0.0000e+000 0.0000e+000 0.0000e+000
           9 0.0000e+000 0.0000e+000 0.0000e+000 0.0000e+000 0.0000e+000
          10 0.0000e+000 0.0000e+000 0.0000e+000 0.0000e+000 0.0000e+000
          11 0.0000e+000 0.0000e+000 0.0000e+000 0.0000e+000 0.0000e+000
          12 0.0000e+000 0.0000e+000 0.0000e+000 0.0000e+000 0.0000e+000
          13 0.0000e+000 0.0000e+000 0.0000e+000 0.0000e+000 0.0000e+000
          14 0.0000e+000 0.0000e+000 0.0000e+000 0.0000e+000 0.0000e+000
          15 0.0000e+000 0.0000e+000 0.0000e+000 0.0000e+000 0.0000e+000
          16 0.0000e+000 0.0000e+000 0.0000e+000 0.0000e+000 0.0000e+000
          17 0.0000e+000 0.0000e+000 0.0000e+000 0.0000e+000 0.0000e+000
          18 0.0000e+000 0.0000e+000 0.0000e+000 0.0000e+000 0.0000e+000
          19 0.0000e+000 0.0000e+000 0.0000e+000 0.0000e+000 0.0000e+000
          20 0.0000e+000 0.0000e+000 0.0000e+000 0.0000e+000 0.0000e+000
          21 0.0000e+000 0.0000e+000 0.0000e+000 0.0000e+000 0.0000e+000
          22 0.0000e+000 0.0000e+000 0.0000e+000 0.0000e+000 0.0000e+000
          23 0.0000e+000 0.0000e+000 0.0000e+000 0.0000e+000 0.0000e+000
          24 0.0000e+000 0.0000e+000 0.0000e+000 0.0000e+000 0.0000e+000
          25 0.0000e+000 0.0000e+000 0.0000e+000 0.0000e+000 0.0000e+000
          26 0.0000e+000 0.0000e+000 0.0000e+000 0.0000e+000 0.0000e+000
          27 0.0000e+000 0.0000e+000 0.0000e+000 0.0000e+000 0.0000e+000
          28 0.0000e+000 0.0000e+000 0.0000e+000 0.0000e+000 0.0000e+000
          29 0.0000e+000 0.0000e+000 0.0000e+000 0.0000e+000 0.0000e+000
          30 0.0000e+000 0.0000e+000 0.0000e+000 0.0000e+000 0.0000e+000
          31 2.5592e-008 0.0000e+000 0.0000e+000 0.0000e+000 0.0000e+000
          32 2.8311e-006 0.0000e+000 0.0000e+000 0.0000e+000 0.0000e+000
          33 1.9634e-005 0.0000e+000 0.0000e+000 0.0000e+000 0.0000e+000
          34 6.0088e-005 2.5608e-010 0.0000e+000 0.0000e+000 0.0000e+000
          35 1.1777e-004 5.1560e-007 0.0000e+000 0.0000e+000 0.0000e+000
          36 1.7013e-004 4.3129e-006 0.0000e+000 0.0000e+000 0.0000e+000
          37 1.9289e-004 1.4377e-005 0.0000e+000 0.0000e+000 0.0000e+000
          38 1.7563e-004 3.0753e-005 2.5923e-008 0.0000e+000 0.0000e+000
          39 1.2682e-004 4.9772e-005 1.4062e-006 0.0000e+000 0.0000e+000
          40 6.7542e-005 6.5907e-005 9.9000e-006 0.0000e+000 0.0000e+000
          41 2.0300e-005 7.4597e-005 3.2348e-005 1.7197e-009 0.0000e+000
          42 2.5367e-007 7.4157e-005 6.9330e-005 4.0554e-007 0.0000e+000
          43 1.1966e-005 6.5917e-005 1.1295e-004 9.6907e-007 0.0000e+000
          44 5.0772e-005 5.3031e-005 1.5119e-004 2.7565e-007 0.0000e+000
          45 1.0609e-004 3.8920e-005 1.7426e-004 8.6333e-007 1.2219e-009
          46 1.6442e-004 2.6168e-005 1.7814e-004 1.0338e-005 8.3173e-008
          47 2.1099e-004 1.6125e-005 1.6427e-004 3.4422e-005 1.3544e-007
          48 2.3061e-004 9.0738e-006 1.3693e-004 6.7168e-005 6.4656e-008
          49 2.0848e-004 4.5877e-006 1.0008e-004 8.7558e-005 4.8752e-009
          50 1.3729e-004 1.9469e-006 5.7077e-005 7.1298e-005 3.0376e-009
          51 5.6683e-005 6.3669e-007 2.1971e-005 3.2351e-005 5.1653e-009
