   v'->v''           0           1           2           3           4
           0 0.0000e+000 0.0000e+000 0.0000e+000 0.0000e+000 0.0000e+000
           1 0.0000e+000 0.0000e+000 0.0000e+000 0.0000e+000 0.0000e+000
           2 1.0911e+002 0.0000e+000 0.0000e+000 0.0000e+000 0.0000e+000
           3 3.2400e+001 1.5476e+002 0.0000e+000 0.0000e+000 0.0000e+000
           4 9.7194e-001 1.2923e+002 8.4559e+001 0.0000e+000 0.0000e+000
           5 5.7431e-003 2.6585e+001 2.2818e+002 5.7946e+000 0.0000e+000
           6 9.0451e-004 2.8762e+000 1.0178e+002 1.9481e+002 0.0000e+000
           7 8.3240e-002 1.8864e-001 2.6243e+001 1.6586e+002 3.9093e+001
           8 8.4851e-002 1.1259e-002 3.2739e+000 3.9859e+001 3.4579e+001
           9 5.7896e-002 4.7882e-003 1.4473e+000 2.0522e+001 2.1353e+001
          10 4.7657e-002 2.7943e-003 8.1239e-001 1.3254e+001 1.5949e+001
          11 3.6677e-002 1.7646e-003 4.7452e-001 8.5950e+000 1.1401e+001
          12 2.7451e-002 1.1832e-003 2.9396e-001 5.7303e+000 8.1017e+000
