   v'->v''           0           1           2           3           4           5           6           7           8           9          10          11          12          13          14          15          16          17          18          19          20          21          22          23          24          25          26          27          28          29          30          31          32          33          34          35          36          37          38          39          40          41          42          43          44          45          46
           0 0.0000e+000 0.0000e+000 0.0000e+000 0.0000e+000 0.0000e+000 0.0000e+000 0.0000e+000 0.0000e+000 0.0000e+000 0.0000e+000 0.0000e+000 0.0000e+000 0.0000e+000 0.0000e+000 0.0000e+000 0.0000e+000 0.0000e+000 0.0000e+000 0.0000e+000 0.0000e+000 0.0000e+000 0.0000e+000 0.0000e+000 0.0000e+000 0.0000e+000 0.0000e+000 0.0000e+000 0.0000e+000 0.0000e+000 0.0000e+000 0.0000e+000 0.0000e+000 0.0000e+000 0.0000e+000 0.0000e+000 0.0000e+000 0.0000e+000 0.0000e+000 0.0000e+000 0.0000e+000 0.0000e+000 0.0000e+000 0.0000e+000 0.0000e+000 0.0000e+000 0.0000e+000 0.0000e+000
           1 7.1029e+002 1.9226e-005 4.9141e-005 0.0000e+000 0.0000e+000 0.0000e+000 0.0000e+000 0.0000e+000 0.0000e+000 0.0000e+000 0.0000e+000 0.0000e+000 0.0000e+000 0.0000e+000 0.0000e+000 0.0000e+000 0.0000e+000 0.0000e+000 0.0000e+000 0.0000e+000 0.0000e+000 0.0000e+000 0.0000e+000 0.0000e+000 0.0000e+000 0.0000e+000 0.0000e+000 0.0000e+000 0.0000e+000 0.0000e+000 0.0000e+000 0.0000e+000 0.0000e+000 0.0000e+000 0.0000e+000 0.0000e+000 0.0000e+000 0.0000e+000 0.0000e+000 0.0000e+000 0.0000e+000 0.0000e+000 0.0000e+000 0.0000e+000 0.0000e+000 0.0000e+000 0.0000e+000
           2 3.2593e+002 3.0265e-003 2.1632e-002 8.7131e+002 8.2729e-002 6.5112e-002 0.0000e+000 0.0000e+000 0.0000e+000 0.0000e+000 0.0000e+000 0.0000e+000 0.0000e+000 0.0000e+000 0.0000e+000 0.0000e+000 0.0000e+000 0.0000e+000 0.0000e+000 0.0000e+000 0.0000e+000 0.0000e+000 0.0000e+000 0.0000e+000 0.0000e+000 0.0000e+000 0.0000e+000 0.0000e+000 0.0000e+000 0.0000e+000 0.0000e+000 0.0000e+000 0.0000e+000 0.0000e+000 0.0000e+000 0.0000e+000 0.0000e+000 0.0000e+000 0.0000e+000 0.0000e+000 0.0000e+000 0.0000e+000 0.0000e+000 0.0000e+000 0.0000e+000 0.0000e+000 0.0000e+000
           3 5.2605e+001 1.7948e-001 1.3827e+000 8.5492e+002 5.0966e+000 1.1755e+001 5.7615e+002 2.6050e+001 1.7777e+001 0.0000e+000 0.0000e+000 0.0000e+000 0.0000e+000 0.0000e+000 0.0000e+000 0.0000e+000 0.0000e+000 0.0000e+000 0.0000e+000 0.0000e+000 0.0000e+000 0.0000e+000 0.0000e+000 0.0000e+000 0.0000e+000 0.0000e+000 0.0000e+000 0.0000e+000 0.0000e+000 0.0000e+000 0.0000e+000 0.0000e+000 0.0000e+000 0.0000e+000 0.0000e+000 0.0000e+000 0.0000e+000 0.0000e+000 0.0000e+000 0.0000e+000 0.0000e+000 0.0000e+000 0.0000e+000 0.0000e+000 0.0000e+000 0.0000e+000 0.0000e+000
           4 1.1226e+001 5.8136e+000 3.9710e+001 1.3290e+002 1.4246e+002 3.5946e+002 1.9217e+003 6.0618e+002 9.1838e+002 1.7858e+000 1.0299e+003 6.8784e+002 2.1088e+001 0.0000e+000 0.0000e+000 0.0000e+000 0.0000e+000 0.0000e+000 0.0000e+000 0.0000e+000 0.0000e+000 0.0000e+000 0.0000e+000 0.0000e+000 0.0000e+000 0.0000e+000 0.0000e+000 0.0000e+000 0.0000e+000 0.0000e+000 0.0000e+000 0.0000e+000 0.0000e+000 0.0000e+000 0.0000e+000 0.0000e+000 0.0000e+000 0.0000e+000 0.0000e+000 0.0000e+000 0.0000e+000 0.0000e+000 0.0000e+000 0.0000e+000 0.0000e+000 0.0000e+000 0.0000e+000
           5 3.4255e+000 1.1145e+002 6.5569e+002 5.7038e+001 2.0458e+003 4.4963e+003 5.9567e+001 7.8826e+003 1.2252e+004 6.5970e+003 7.8781e+003 6.3749e+003 3.4864e+000 2.6533e+003 8.8788e+002 1.0083e+000 0.0000e+000 0.0000e+000 0.0000e+000 0.0000e+000 0.0000e+000 0.0000e+000 0.0000e+000 0.0000e+000 0.0000e+000 0.0000e+000 0.0000e+000 0.0000e+000 0.0000e+000 0.0000e+000 0.0000e+000 0.0000e+000 0.0000e+000 0.0000e+000 0.0000e+000 0.0000e+000 0.0000e+000 0.0000e+000 0.0000e+000 0.0000e+000 0.0000e+000 0.0000e+000 0.0000e+000 0.0000e+000 0.0000e+000 0.0000e+000 0.0000e+000
           6 1.9749e-001 1.4512e+003 6.9947e+003 1.1045e+001 1.7973e+004 3.2573e+004 3.5712e+002 4.5803e+004 5.1953e+004 2.7407e+002 4.5050e+004 2.4089e+004 1.0427e+002 6.9718e+003 5.2859e+002 1.7374e+003 2.2309e+003 2.5999e+002 0.0000e+000 0.0000e+000 0.0000e+000 0.0000e+000 0.0000e+000 0.0000e+000 0.0000e+000 0.0000e+000 0.0000e+000 0.0000e+000 0.0000e+000 0.0000e+000 0.0000e+000 0.0000e+000 0.0000e+000 0.0000e+000 0.0000e+000 0.0000e+000 0.0000e+000 0.0000e+000 0.0000e+000 0.0000e+000 0.0000e+000 0.0000e+000 0.0000e+000 0.0000e+000 0.0000e+000 0.0000e+000 0.0000e+000
           7 3.8216e-001 1.3445e+004 4.9658e+004 3.7730e+000 9.8179e+004 1.3549e+005 1.6304e+000 1.4152e+005 1.0930e+005 9.2694e-002 5.4412e+004 2.9261e+003 2.4105e+004 1.0669e+004 6.7100e+002 5.5981e+003 7.4247e+002 1.1639e+003 2.7543e+003 9.4262e+002 1.2912e+001 0.0000e+000 0.0000e+000 0.0000e+000 0.0000e+000 0.0000e+000 0.0000e+000 0.0000e+000 0.0000e+000 0.0000e+000 0.0000e+000 0.0000e+000 0.0000e+000 0.0000e+000 0.0000e+000 0.0000e+000 0.0000e+000 0.0000e+000 0.0000e+000 0.0000e+000 0.0000e+000 0.0000e+000 0.0000e+000 0.0000e+000 0.0000e+000 0.0000e+000 0.0000e+000
           8 4.2054e-001 8.7886e+004 2.3148e+005 2.2560e+000 3.2096e+005 2.9682e+005 2.6773e+001 1.8655e+005 6.2615e+004 6.3081e+003 5.1213e+003 1.8276e+004 1.6039e+004 9.3380e+003 3.0847e+004 7.7529e+003 1.4536e+003 5.8141e+003 1.0751e+003 7.5246e+002 2.8561e+003 1.6148e+003 1.6195e+002 0.0000e+000 0.0000e+000 0.0000e+000 0.0000e+000 0.0000e+000 0.0000e+000 0.0000e+000 0.0000e+000 0.0000e+000 0.0000e+000 0.0000e+000 0.0000e+000 0.0000e+000 0.0000e+000 0.0000e+000 0.0000e+000 0.0000e+000 0.0000e+000 0.0000e+000 0.0000e+000 0.0000e+000 0.0000e+000 0.0000e+000 0.0000e+000
           9 1.5947e-002 4.0623e+005 6.6940e+005 3.0768e-001 5.4144e+005 2.4013e+005 6.8537e+001 3.5030e+004 7.8466e+003 6.0152e+003 5.8422e+004 6.2924e+004 2.6696e+003 4.4192e+004 3.7908e+003 1.6675e+004 2.5722e+004 3.3869e+003 2.0333e+003 5.2568e+003 1.0187e+003 5.4353e+002 2.6760e+003 2.0555e+003 4.3855e+002 1.9860e+000 0.0000e+000 0.0000e+000 0.0000e+000 0.0000e+000 0.0000e+000 0.0000e+000 0.0000e+000 0.0000e+000 0.0000e+000 0.0000e+000 0.0000e+000 0.0000e+000 0.0000e+000 0.0000e+000 0.0000e+000 0.0000e+000 0.0000e+000 0.0000e+000 0.0000e+000 0.0000e+000 0.0000e+000
          10 8.2155e-003 1.2939e+006 1.0234e+006 3.6241e+000 2.7386e+005 3.9350e+002 1.2105e+002 9.9184e+004 1.7446e+005 3.1025e+001 9.7940e+004 3.8519e+002 5.1066e+004 9.4429e+002 3.2628e+004 2.3157e+004 1.4906e+003 2.5686e+004 1.8284e+004 8.5101e+002 3.0329e+003 4.7124e+003 8.1269e+002 4.8403e+002 2.4843e+003 2.2441e+003 7.1151e+002 3.3911e+001 0.0000e+000 0.0000e+000 0.0000e+000 0.0000e+000 0.0000e+000 0.0000e+000 0.0000e+000 0.0000e+000 0.0000e+000 0.0000e+000 0.0000e+000 0.0000e+000 0.0000e+000 0.0000e+000 0.0000e+000 0.0000e+000 0.0000e+000 0.0000e+000 0.0000e+000
          11 7.2476e-003 2.7051e+006 4.5842e+005 3.8895e-001 4.2389e+004 3.5266e+005 1.8423e+001 2.8674e+005 4.9239e+004 1.1822e+004 8.1886e+003 8.4777e+004 7.7386e+002 6.8803e+004 2.1497e+004 1.2801e+004 3.7368e+004 3.6129e+003 1.0912e+004 2.5707e+004 9.7310e+003 8.5884e-002 3.8195e+003 3.8645e+003 4.8328e+002 5.3451e+002 2.3135e+003 2.2400e+003 8.9204e+002 9.7378e+001 0.0000e+000 0.0000e+000 0.0000e+000 0.0000e+000 0.0000e+000 0.0000e+000 0.0000e+000 0.0000e+000 0.0000e+000 0.0000e+000 0.0000e+000 0.0000e+000 0.0000e+000 0.0000e+000 0.0000e+000 0.0000e+000 0.0000e+000
          12 3.4213e-002 3.4054e+006 1.4505e+005 1.3286e+000 8.2476e+005 2.9562e+005 1.6339e+002 6.5352e+002 1.5251e+005 1.4298e+003 1.6758e+005 1.1437e+004 6.3787e+004 3.9107e+003 4.6803e+004 3.6503e+004 2.6444e+003 3.6748e+004 1.6034e+004 1.2973e+003 2.0797e+004 1.9149e+004 3.3435e+003 6.7312e+002 4.2149e+003 2.8269e+003 1.8145e+002 6.6682e+002 2.1830e+003 2.1097e+003 9.5048e+002 1.5735e+002 4.7335e-001 0.0000e+000 0.0000e+000 0.0000e+000 0.0000e+000 0.0000e+000 0.0000e+000 0.0000e+000 0.0000e+000 0.0000e+000 0.0000e+000 0.0000e+000 0.0000e+000 0.0000e+000 0.0000e+000
          13 6.9804e-004 2.1794e+006 2.6809e+006 6.0610e+000 2.3994e+005 1.6966e+005 8.5363e+001 4.2816e+005 1.2282e+005 1.4351e+004 4.2149e+003 1.1249e+005 5.0650e+002 9.0148e+004 1.3933e+004 3.4262e+004 4.4949e+004 2.9058e+001 2.7612e+004 2.4962e+004 4.5966e+002 1.1701e+004 2.1649e+004 9.6818e+003 2.5858e+002 2.0856e+003 3.9203e+003 1.6920e+003 1.0315e+001 8.7660e+002 2.0645e+003 1.8826e+003 8.9254e+002 1.8489e+002 3.7049e+000 0.0000e+000 0.0000e+000 0.0000e+000 0.0000e+000 0.0000e+000 0.0000e+000 0.0000e+000 0.0000e+000 0.0000e+000 0.0000e+000 0.0000e+000 0.0000e+000
          14 4.7956e-002 4.5677e+005 3.8573e+006 2.2483e+000 1.4091e+006 5.2568e+005 1.4420e+002 2.3625e+003 2.2425e+005 8.7388e+002 2.0097e+005 1.0144e+003 8.1648e+004 1.5537e+003 7.8924e+004 1.2197e+004 3.0796e+004 4.6753e+004 1.3983e+003 1.9938e+004 2.7736e+004 3.4581e+003 5.1761e+003 1.8877e+004 1.3941e+004 2.4286e+003 3.8078e+002 3.1301e+003 2.9059e+003 6.9039e+002 6.1774e+001 1.1159e+003 1.9071e+003 1.5798e+003 7.4550e+002 1.7160e+002 6.7657e+000 0.0000e+000 0.0000e+000 0.0000e+000 0.0000e+000 0.0000e+000 0.0000e+000 0.0000e+000 0.0000e+000 0.0000e+000 0.0000e+000
          15 1.2713e-001 1.6615e+002 8.7883e+005 5.4157e-001 4.6653e+006 9.6268e+005 1.6502e+001 3.5285e+005 8.1118e+004 2.3623e+004 8.5180e+004 1.3374e+005 1.8175e+004 8.4536e+004 4.0410e+003 6.9680e+004 6.3199e+003 2.9290e+004 4.1883e+004 1.7242e+003 1.5781e+004 2.6215e+004 5.5611e+003 2.2691e+003 1.4957e+004 1.4807e+004 4.6070e+003 3.8611e+000 1.8669e+003 3.0257e+003 1.5164e+003 9.2043e+001 3.4170e+002 1.3050e+003 1.6598e+003 1.2122e+003 5.4333e+002 1.2725e+002 6.3986e+000 0.0000e+000 0.0000e+000 0.0000e+000 0.0000e+000 0.0000e+000 0.0000e+000 0.0000e+000 0.0000e+000
          16 1.1673e-001 1.2285e+004 3.6088e+004 8.1737e-001 7.1691e+005 4.8934e+006 1.6031e+003 1.2486e+006 7.2685e+004 2.2028e+001 1.8188e+005 1.1079e+005 1.6732e+004 6.5251e+004 5.2516e+004 2.0676e+004 5.5579e+004 1.1246e+003 3.1460e+004 3.2087e+004 5.7574e+002 1.4513e+004 2.2318e+004 5.0496e+003 1.4755e+003 1.1928e+004 1.3343e+004 5.2333e+003 1.7592e+002 1.0417e+003 2.5401e+003 1.8140e+003 3.7519e+002 4.7185e+001 7.2132e+002 1.3253e+003 1.2880e+003 8.0999e+002 3.2937e+002 7.2261e+001 3.5256e+000 0.0000e+000 0.0000e+000 0.0000e+000 0.0000e+000 0.0000e+000 0.0000e+000
          17 5.6874e-002 6.0979e+002 3.0203e+004 5.7823e-001 3.2512e+005 7.0947e+004 7.5033e+002 3.8048e+006 2.0713e+006 2.4961e+004 3.4040e+004 2.2857e+005 2.9584e+005 6.1602e+004 2.5200e+004 2.4228e+004 6.2462e+004 2.2522e+004 3.5821e+002 3.6201e+004 1.7176e+004 5.5695e+001 1.5239e+004 1.6256e+004 2.7005e+003 1.8384e+003 1.0025e+004 1.0546e+004 4.1862e+003 1.7991e+002 7.2306e+002 1.9838e+003 1.6076e+003 4.6312e+002 1.3231e+000 3.9706e+002 9.4087e+002 1.0830e+003 8.1709e+002 4.3002e+002 1.5089e+002 2.8350e+001 1.0242e+000 0.0000e+000 0.0000e+000 0.0000e+000 0.0000e+000
          18 1.5867e-002 1.1224e+002 1.6110e+004 1.3263e-002 2.2512e+002 6.1000e+005 4.9191e+002 5.4406e+005 8.3584e+005 1.4695e+005 1.8350e+006 3.1675e+005 1.8649e+005 6.7932e+005 5.0787e+005 4.4214e+004 5.4579e+004 1.7932e+005 6.5892e+003 7.2673e+001 5.4459e+004 4.3096e+002 3.4693e+002 1.9153e+004 6.3078e+003 7.6352e+002 3.5995e+003 7.4995e+003 7.1010e+003 2.0232e+003 2.4081e+001 7.0944e+002 1.4525e+003 1.0835e+003 2.9764e+002 1.7231e+000 2.7287e+002 6.4856e+002 7.7132e+002 6.1730e+002 3.5999e+002 1.5212e+002 4.2892e+001 6.1620e+000 1.2894e-001 0.0000e+000 0.0000e+000
