   v'->v''           0           1           2           3           4
           0 0.0000e+000 0.0000e+000 0.0000e+000 0.0000e+000 0.0000e+000
           1 5.3287e+002 0.0000e+000 0.0000e+000 0.0000e+000 0.0000e+000
           2 6.9967e+000 1.3320e+003 0.0000e+000 0.0000e+000 0.0000e+000
           3 6.5685e-003 3.1966e+001 2.5815e+003 6.9081e+000 0.0000e+000
           4 1.3386e-003 9.0982e-002 1.0912e+002 4.5696e+003 1.6489e+002
           5 4.0103e-004 4.8488e-002 6.6856e-001 3.1250e+002 7.8898e+003
           6 9.9746e-002 6.8287e-002 5.9283e-002 5.7733e+000 8.7385e+002
           7 8.2082e-002 1.2595e-003 1.1119e-001 4.1818e-001 3.4831e+001
           8 2.4349e-002 2.8654e-002 1.8083e-001 1.0915e-002 2.4212e+000
           9 2.4751e-003 5.0986e-002 2.9727e-001 8.7939e-003 1.5121e-002
          10 5.4329e-002 1.7502e-002 9.5555e-002 1.0608e-001 1.3619e-005
          11 1.6981e-002 1.4879e-002 1.6131e-001 1.0871e-002 2.3224e-001
          12 6.3517e-002 5.7959e-004 1.3394e-001 2.7097e-002 9.3088e-002
          13 2.3264e-001 1.5729e-002 1.8109e-001 7.8095e-002 3.0927e-003
          14 1.5770e-001 3.0136e-003 5.5073e-004 3.0228e-003 3.2199e-002
          15 2.5697e-002 1.2367e-002 2.1473e-002 5.2177e-002 7.8153e-002
          16 8.6091e-004 3.2875e-002 1.0959e-002 1.4642e-002 1.5363e-001
          17 1.2181e-002 1.6720e-002 9.3133e-002 3.2445e-004 1.8109e-003
          18 1.5278e-002 1.4056e-003 5.3467e-002 2.3320e-003 8.6415e-002
          19 1.5272e-002 6.3706e-004 6.1114e-004 1.6354e-002 1.4606e-001
          20 1.7931e-002 1.9040e-003 7.4984e-002 2.5344e-002 9.3646e-002
          21 2.1696e-002 1.2411e-003 1.6253e-001 1.5983e-002 4.1087e-002
          22 2.1403e-002 4.3410e-004 1.6168e-001 4.8688e-003 1.7061e-002
          23 1.8750e-002 1.2913e-004 1.2609e-001 8.2238e-004 8.8406e-003
          24 1.6674e-002 3.6205e-005 9.8202e-002 8.1902e-006 5.7931e-003
          25 1.3852e-002 7.9280e-006 7.2164e-002 1.6960e-004 4.0531e-003
          26 1.0364e-002 1.0738e-006 4.8857e-002 4.2053e-004 2.7678e-003
          27 6.5358e-003 3.6759e-008 2.8711e-002 4.3657e-004 1.6679e-003
          28 2.7094e-003 4.9321e-009 1.1451e-002 2.2408e-004 6.7803e-004
