   v'->v''           0           1           2           3           4           5
           0 0.0000e+000 0.0000e+000 0.0000e+000 0.0000e+000 0.0000e+000 0.0000e+000
           1 0.0000e+000 0.0000e+000 0.0000e+000 0.0000e+000 0.0000e+000 0.0000e+000
           2 0.0000e+000 0.0000e+000 0.0000e+000 0.0000e+000 0.0000e+000 0.0000e+000
           3 0.0000e+000 0.0000e+000 0.0000e+000 0.0000e+000 0.0000e+000 0.0000e+000
           4 1.3810e+001 0.0000e+000 0.0000e+000 0.0000e+000 0.0000e+000 0.0000e+000
           5 2.9230e+002 6.6811e+000 0.0000e+000 0.0000e+000 0.0000e+000 0.0000e+000
           6 4.0024e+003 7.6117e+000 1.4376e-001 0.0000e+000 0.0000e+000 0.0000e+000
           7 8.0266e+003 1.1403e+003 9.7743e+001 0.0000e+000 0.0000e+000 0.0000e+000
           8 5.7834e+003 3.7101e+003 1.0955e+001 1.1400e+002 0.0000e+000 0.0000e+000
           9 1.0927e+003 4.2636e+003 7.6167e+002 1.2402e+002 2.4547e+001 0.0000e+000
          10 2.1191e+002 2.3750e+003 2.0017e+003 8.8659e+000 1.6885e+002 0.0000e+000
