   v'->v''           0           1           2           3           4
           0 0.0000e+000 0.0000e+000 0.0000e+000 0.0000e+000 0.0000e+000
           1 0.0000e+000 0.0000e+000 0.0000e+000 0.0000e+000 0.0000e+000
           2 0.0000e+000 0.0000e+000 0.0000e+000 0.0000e+000 0.0000e+000
           3 0.0000e+000 0.0000e+000 0.0000e+000 0.0000e+000 0.0000e+000
           4 3.0591e-002 0.0000e+000 0.0000e+000 0.0000e+000 0.0000e+000
           5 8.4456e-001 0.0000e+000 0.0000e+000 0.0000e+000 0.0000e+000
           6 8.6894e-001 1.6248e+000 0.0000e+000 0.0000e+000 0.0000e+000
           7 5.7508e-001 2.9023e+000 1.2480e+000 0.0000e+000 0.0000e+000
           8 3.2636e-001 2.4842e+000 4.4473e+000 1.9487e-001 0.0000e+000
           9 1.1671e-001 1.5622e+000 4.9445e+000 3.8480e+000 0.0000e+000
          10 2.5226e-002 7.6349e-001 3.9565e+000 6.0164e+000 1.0510e+000
