   v'->v''           0           1           2           3           4           5           6           7           8           9          10          11          12          13          14          15          16          17          18
           0 1.9860e+006 5.2760e+003 6.6799e+002 2.3815e+001 3.5424e+000 5.4102e-002 1.0603e-001 7.5495e-003 2.8753e-003 6.4481e-005 1.1771e-006 0.0000e+000 0.0000e+000 0.0000e+000 0.0000e+000 0.0000e+000 0.0000e+000 0.0000e+000 0.0000e+000
           1 4.8573e+003 2.1236e+006 2.9096e+004 5.8057e+003 4.6750e+002 2.2180e+001 6.8850e+000 1.0479e+000 2.2766e-001 1.8482e-002 1.1442e-002 4.3056e-005 0.0000e+000 0.0000e+000 0.0000e+000 0.0000e+000 0.0000e+000 0.0000e+000 0.0000e+000
           2 2.2498e+003 2.7925e+003 2.4668e+006 1.3845e+005 3.6284e+004 2.8056e+003 8.6930e+000 1.1230e+002 1.6347e+000 4.5499e+000 9.1752e-001 1.9591e-002 4.3569e-002 1.2635e-003 0.0000e+000 0.0000e+000 0.0000e+000 0.0000e+000 0.0000e+000
           3 3.7165e+000 1.0795e+004 2.6432e+002 3.1803e+006 5.4992e+005 1.4131e+005 4.7925e+003 1.0706e+003 1.1303e+002 1.2666e+002 8.0661e-001 7.8082e+000 2.3887e+000 3.0418e-002 2.7223e-002 4.0350e-003 0.0000e+000 0.0000e+000 0.0000e+000
           4 3.8170e+000 9.8800e+001 2.3498e+004 2.1544e+003 3.9483e+006 1.3267e+006 2.8325e+005 1.8950e+003 2.8340e+003 8.2996e+001 1.5709e+002 7.9558e+001 1.2778e+000 3.5569e+000 2.5198e+000 4.0831e-001 1.2044e-002 4.9284e-004 1.5339e-004
           5 1.7857e+001 7.0172e+001 5.3549e+003 6.9671e+003 2.3592e+004 3.8548e+006 1.9368e+006 3.7878e+005 3.9153e+002 2.4405e+003 5.7388e+002 9.4498e+000 1.0337e+002 3.3755e+001 1.4536e+000 7.1569e-001 1.2428e+000 5.7459e-001 1.5881e-001
           6 2.7303e-005 1.0714e+002 8.5378e+002 3.6053e+004 8.8690e+003 2.3714e+005 3.2549e+006 2.4840e+006 4.9472e+005 1.6653e+001 1.6909e+003 1.1279e+003 6.4355e+001 4.1387e+001 6.2124e+001 2.3479e+001 3.3981e+000 2.3222e-002 1.9667e-001
           7 1.5293e+000 7.2850e+001 1.9551e+002 9.9084e+002 3.2995e+004 2.1193e+004 5.7640e+005 2.5994e+006 2.9756e+006 6.1482e+005 2.0187e+001 7.0340e+002 1.2795e+003 3.3439e+002 2.8634e+000 2.6874e+001 3.6337e+001 2.0098e+001 7.3397e+000
           8 1.3553e-001 1.7359e+000 4.3340e+002 3.8611e+003 3.1895e+004 6.8162e+002 2.5214e+003 9.3426e+005 1.9019e+006 3.4181e+006 7.6953e+005 1.2805e+001 1.3123e+002 1.0403e+003 6.2628e+002 1.1186e+002 1.7282e+000 8.7060e+000 1.5115e+001
           9 1.5835e-032 2.0370e-031 4.9971e-029 4.4413e-028 3.6533e-027 8.1386e-029 2.9747e-028 1.0685e-025 2.1906e-025 3.8942e-025 8.3588e-026 7.3095e-028 3.0065e-026 2.3092e-024 5.7880e-022 2.1495e-018 5.2746e-015 1.0909e-009 4.3864e-004
          10 2.2203e-033 3.4127e-032 2.5225e-030 1.6866e-029 8.3049e-029 3.3123e-029 5.3258e-029 2.0423e-027 9.4809e-027 2.8700e-027 1.0728e-026 1.6368e-025 5.1057e-024 3.4538e-022 7.1026e-020 1.9750e-016 3.9060e-013 4.8306e-008 8.9378e-003
          11 4.8165e-031 7.2400e-030 3.3381e-028 1.6708e-027 4.8092e-027 1.0009e-026 8.8562e-027 1.0683e-025 1.0644e-024 3.4845e-027 3.5562e-024 2.1622e-023 4.4992e-022 2.4864e-020 4.2241e-018 8.7426e-015 1.3873e-011 1.0198e-006 8.5923e-002
          12 1.9890e-028 2.8220e-027 9.9109e-026 3.4995e-025 4.6812e-025 5.1589e-024 2.3593e-024 1.1150e-023 2.7305e-022 9.1173e-023 1.0855e-021 2.4298e-021 2.6334e-020 1.1625e-018 1.6166e-016 2.4772e-013 3.1395e-010 1.3653e-005 5.2112e-001
          13 1.3549e-015 1.8026e-014 5.2919e-013 1.1954e-012 2.8065e-013 4.2120e-011 8.7739e-012 1.5237e-011 1.3186e-009 1.3599e-009 4.1110e-009 1.0437e-009 5.0615e-014 5.5686e-015 5.1724e-013 1.0897e-011 6.0542e-009 1.6485e-004 3.0570e+000
          14 1.9702e-024 2.6043e-023 7.5312e-022 1.6137e-021 2.6051e-022 6.2292e-020 1.1858e-020 1.8190e-020 1.8631e-018 2.0764e-018 5.5712e-018 8.6746e-019 1.1438e-018 3.9760e-017 4.4777e-015 5.0571e-012 5.0961e-009 1.3065e-004 2.2658e+000
          15 1.0222e-024 1.2448e-023 3.0405e-022 2.5683e-022 4.5707e-022 3.9791e-020 1.6011e-021 1.1888e-023 7.1795e-019 1.6843e-018 9.2828e-019 2.0653e-018 4.2503e-017 1.0758e-015 9.6754e-014 7.9889e-011 6.3705e-008 9.6026e-004 7.6634e+000
          16 2.5537e-023 2.8073e-022 5.7024e-021 3.9567e-023 7.9653e-020 1.2703e-018 2.9303e-021 1.8809e-019 1.4222e-017 6.0481e-017 9.2494e-019 2.0030e-016 1.4259e-015 2.4203e-014 1.7074e-012 1.0237e-009 6.4237e-007 5.6817e-003 2.1399e+001
          17 1.7878e-021 1.6898e-020 2.6125e-019 6.3674e-019 1.8178e-017 1.2269e-016 1.3348e-017 5.0680e-017 8.4638e-016 6.3815e-015 8.2203e-016 2.3936e-014 5.5653e-014 4.7305e-013 2.5499e-011 1.0999e-008 5.3985e-006 2.8003e-002 5.1822e+001
          18 1.1329e-009 8.4066e-009 7.6847e-008 2.5806e-006 2.9966e-005 1.1653e-004 4.5502e-005 7.6252e-005 5.0484e-004 6.6381e-003 3.3583e-003 1.9818e-002 5.8947e-003 3.3191e-006 8.6312e-007 3.4027e-007 6.4070e-005 1.3671e-001 1.4392e+002
          19 1.1468e-018 8.0301e-018 6.2880e-017 3.3524e-015 3.5519e-014 1.2779e-013 5.8501e-014 8.8218e-014 5.1157e-013 7.4043e-012 4.2967e-012 2.0824e-011 3.0285e-012 7.9375e-012 3.3085e-010 1.0191e-007 3.8851e-005 1.1828e-001 1.1365e+002
          20 1.7477e-019 3.7097e-019 4.0802e-018 3.8527e-015 2.4105e-014 4.9296e-014 6.5107e-014 4.6277e-014 9.5804e-014 3.3792e-012 4.2460e-012 4.7025e-012 6.5807e-012 1.3693e-010 3.8605e-009 8.3158e-007 2.4410e-004 4.3748e-001 2.3331e+002
          21 1.1446e-020 1.3847e-017 1.5061e-015 9.7614e-014 4.1413e-013 4.6227e-013 1.6574e-012 5.2187e-013 2.2840e-013 4.2167e-011 9.1020e-011 1.1816e-011 3.4322e-010 2.3383e-009 4.1128e-008 6.0901e-006 1.3633e-003 1.4464e+000 4.5978e+002
          22 1.2329e-016 5.7891e-015 2.7238e-013 7.8193e-012 2.3516e-011 1.1813e-011 1.3547e-010 1.4141e-011 1.3687e-012 1.8357e-009 6.2432e-009 1.0876e-010 2.4778e-008 5.3830e-008 4.1303e-007 4.0743e-005 6.8713e-003 4.3516e+000 8.8168e+002
          23 5.0846e-004 1.5910e-002 5.8240e-001 1.1272e+001 2.5610e+001 4.3053e+000 2.0000e+002 4.1846e+000 2.3324e+001 1.6639e+003 8.0710e+003 1.5986e+003 2.5421e+004 9.2746e+003 1.9671e+001 2.7597e+000 1.1453e-004 2.1821e+001 1.8721e+003
          24 1.5325e-013 4.5728e-012 1.6042e-010 2.8790e-009 6.1097e-009 6.8366e-010 5.1413e-008 5.5498e-010 7.6369e-009 3.8177e-007 2.0150e-006 5.2424e-007 5.8453e-006 8.9867e-007 3.6513e-006 2.5203e-004 3.1682e-002 1.2117e+001 1.6545e+003
          25 1.8495e-013 4.8233e-012 1.4139e-010 1.8033e-009 2.5669e-009 4.9226e-011 3.3528e-008 4.1902e-010 1.0579e-008 1.3381e-007 1.1393e-006 7.6332e-007 1.7656e-006 1.4713e-006 3.7466e-005 1.4834e-003 1.3552e-001 3.1745e+001 3.0428e+003
          26 3.0183e-012 7.6298e-011 1.9386e-009 1.8550e-008 1.5627e-008 1.1917e-008 3.6365e-007 4.1240e-008 1.6163e-007 7.1898e-007 1.0944e-005 1.2964e-005 5.5640e-006 5.7574e-005 4.0397e-004 8.4087e-003 5.4465e-001 7.9408e+001 5.4834e+003
          27 1.8003e-010 4.6681e-009 1.0375e-007 7.5702e-007 2.7514e-007 1.6781e-006 1.5935e-005 5.4606e-006 8.2218e-006 1.2710e-005 4.3426e-004 7.8594e-004 9.8696e-006 3.5065e-003 7.0867e-003 4.7757e-002 2.0892e+000 1.9247e+002 9.6993e+003
          28 2.5124e-001 6.8003e+000 1.3749e+002 8.2746e+002 9.6462e+001 3.4342e+003 1.8582e+004 1.1320e+004 9.8105e+003 5.9079e+003 4.7951e+005 1.1182e+006 3.0126e+004 4.1127e+006 1.9600e+006 1.2070e+004 8.6082e+002 6.0142e+001 2.5489e+002
          29 1.1231e-008 3.1195e-007 6.0322e-006 3.3121e-005 1.3898e-006 1.7799e-004 7.7035e-004 5.9347e-004 4.0274e-004 1.3446e-004 1.9473e-002 5.0663e-002 3.7267e-003 1.6427e-001 2.1869e-002 2.4115e-001 7.7132e+000 4.5771e+002 1.6870e+004
          30 1.0412e-008 3.2325e-007 5.3458e-006 2.1029e-005 2.7765e-006 2.5186e-004 5.6790e-004 8.8323e-004 2.6056e-004 1.9621e-006 1.3710e-002 5.0380e-002 1.5959e-002 9.3331e-002 5.1789e-002 1.5773e+000 2.8396e+001 1.0809e+003 2.8947e+004
          31 8.5166e-008 3.1069e-006 4.2629e-005 1.0708e-004 1.8847e-004 3.0640e-003 3.7040e-003 1.1445e-002 1.1743e-003 1.2850e-003 8.9012e-002 4.6699e-001 2.9902e-001 3.6958e-001 1.8280e+000 1.2270e+001 1.0635e+002 2.5633e+003 4.9091e+004
          32 4.5220e-006 2.0748e-004 2.2471e-003 2.6862e-003 3.3662e-002 2.4843e-001 1.5244e-001 9.9775e-001 1.6458e-002 2.4784e-001 3.9128e+000 3.0400e+001 3.0855e+001 5.5834e+000 1.7134e+002 2.7635e+002 4.5789e+002 6.2194e+003 8.2440e+004
          33 8.5379e-002 4.4211e+000 4.2548e+001 3.0332e+001 9.7464e+002 5.6888e+003 2.5400e+003 2.3597e+004 7.2724e+001 6.9297e+003 6.9333e+004 6.4372e+005 7.6130e+005 3.9056e+004 3.7470e+006 2.6391e+006 5.2230e+004 3.5271e+003 4.6336e+000
          34 1.2457e-005 7.9956e-004 6.2809e-003 1.0070e-003 2.6068e-001 1.1368e+000 2.9576e-001 4.9560e+000 1.0686e-002 1.7100e+000 9.3949e+000 1.1599e+002 1.6739e+002 1.6405e-002 6.5397e+002 4.6405e+001 1.4203e+003 1.5088e+004 1.3707e+005
          35 1.2405e-005 1.3561e-003 6.5919e-003 3.9973e-003 7.8739e-001 2.2704e+000 1.4704e-001 1.0864e+001 4.9194e-001 4.2815e+000 8.9128e+000 1.9903e+002 3.8678e+002 3.8413e+001 9.0124e+002 3.7843e+002 7.9781e+003 4.0104e+004 2.2592e+005
          36 4.9211e-005 1.4751e-002 3.0848e-002 3.8916e-001 1.4477e+001 2.9161e+001 8.8160e-007 1.5520e+002 2.1894e+001 6.2306e+001 4.3083e+001 2.2579e+003 5.7365e+003 1.6985e+003 6.8221e+003 1.7995e+004 7.9103e+004 1.2870e+005 3.7016e+005
          37 4.7953e-004 9.3078e-001 5.2444e-001 6.2081e+001 1.3245e+003 2.0937e+003 7.7442e+001 1.2153e+004 2.9573e+003 4.6910e+003 1.0583e+003 1.5073e+005 4.6004e+005 2.1234e+005 2.9643e+005 1.8808e+006 3.0322e+006 4.7544e+005 1.3592e+005
          38 3.2117e-007 2.2299e-001 2.3599e-002 2.2251e+001 3.8529e+002 5.3890e+002 4.7299e+001 3.2834e+003 1.0094e+003 1.2233e+003 1.1434e+002 3.7585e+004 1.2582e+005 6.9265e+004 5.5583e+004 5.4403e+005 4.7439e+005 2.8841e+004 3.4209e+005
          39 3.2043e-004 6.1329e-002 7.7990e-002 1.5920e+001 1.8210e+002 1.8431e+002 6.5644e+001 1.2959e+003 6.7114e+002 4.1853e+002 6.7772e+000 1.2057e+004 5.1400e+004 4.0746e+004 5.6246e+003 2.2073e+005 8.3187e+003 4.4303e+005 6.1696e+005
          40 2.2723e-003 6.7022e-002 7.4927e-001 4.2886e+001 3.6619e+002 2.6679e+002 2.3919e+002 2.2166e+003 1.7528e+003 5.7657e+002 1.9430e+002 1.6916e+004 9.1450e+004 9.4840e+004 1.5891e+002 3.3936e+005 5.8037e+004 1.2008e+006 4.3972e+005
          41 6.9207e-003 5.0403e-002 2.5043e+000 8.2709e+001 5.6811e+002 2.9582e+002 5.4812e+002 2.9752e+003 3.3435e+003 5.7590e+002 7.1172e+002 1.8860e+004 1.2835e+005 1.6349e+005 5.3875e+003 3.8132e+005 3.3700e+005 1.3870e+006 7.9002e+003
          42 1.0554e-002 1.3780e-002 4.0346e+000 9.1779e+001 5.1585e+002 1.7569e+002 6.9294e+002 2.3095e+003 3.7079e+003 2.7345e+002 1.1033e+003 1.1883e+004 1.0585e+005 1.6350e+005 2.2102e+004 2.2669e+005 5.2757e+005 5.7900e+005 2.7720e+005
          43 1.3832e-002 9.9362e-005 5.5086e+000 9.3782e+001 4.3266e+002 8.0034e+001 7.8854e+002 1.6148e+003 3.8202e+003 6.8549e+001 1.3642e+003 6.4575e+003 8.0791e+004 1.5115e+005 4.2936e+004 1.0584e+005 5.6134e+005 7.7799e+004 6.7136e+005
          44 1.8081e-002 8.1897e-003 7.4468e+000 1.0068e+002 3.8355e+002 2.6400e+001 9.2514e+002 1.1602e+003 4.1672e+003 1.1882e-001 1.6120e+003 3.4070e+003 6.5735e+004 1.4806e+005 6.7770e+004 4.0648e+004 5.2164e+005 1.5163e+004 6.7429e+005
          45 2.2391e-002 3.5477e-002 9.5058e+000 1.0602e+002 3.3385e+002 1.8807e+000 1.0510e+003 7.8420e+002 4.4880e+003 6.0701e+001 1.7528e+003 1.5229e+003 5.3131e+004 1.4360e+005 9.2710e+004 8.2549e+003 4.1923e+005 1.7881e+005 3.7030e+005
          46 2.5771e-002 7.8742e-002 1.1270e+001 1.0608e+002 2.7409e+002 5.6282e+000 1.1257e+003 4.6372e+002 4.6219e+003 2.5425e+002 1.7254e+003 4.5940e+002 4.1081e+004 1.3355e+005 1.1292e+005 6.4550e+001 2.8789e+005 3.6414e+005 8.2451e+004
          47 2.7964e-002 1.3333e-001 1.2607e+001 1.0150e+002 2.1155e+002 3.5644e+001 1.1481e+003 2.2291e+002 4.5816e+003 5.6875e+002 1.5551e+003 3.6289e+001 3.0421e+004 1.1993e+005 1.2690e+005 8.5650e+003 1.6885e+005 4.5430e+005 1.4239e+003
          48 2.8990e-002 1.9483e-001 1.3498e+001 9.3613e+001 1.5277e+002 8.7380e+001 1.1266e+003 7.1092e+001 4.4093e+003 9.8295e+002 1.2905e+003 4.9189e+001 2.1638e+004 1.0498e+005 1.3493e+005 2.6383e+004 8.1904e+004 4.3663e+005 8.9777e+004
          49 2.8825e-002 2.5851e-001 1.3899e+001 8.3190e+001 1.0113e+002 1.5493e+002 1.0655e+003 4.6748e+000 4.1226e+003 1.4674e+003 9.7533e+002 3.1338e+002 1.4682e+004 8.9700e+004 1.3733e+005 4.7753e+004 2.9090e+004 3.4996e+005 2.2212e+005
          50 2.7510e-002 3.1947e-001 1.3787e+001 7.0986e+001 5.8954e+001 2.3145e+002 9.7027e+002 1.4249e+001 3.7387e+003 1.9857e+003 6.5329e+002 6.8172e+002 9.3809e+003 7.4764e+004 1.3467e+005 6.8601e+004 4.6308e+003 2.4086e+005 3.0534e+005
          51 2.5232e-002 3.7378e-001 1.3204e+001 5.7978e+001 2.7872e+001 3.1026e+002 8.5027e+002 8.6208e+001 3.2876e+003 2.5026e+003 3.6670e+002 1.0466e+003 5.5416e+003 6.0824e+004 1.2804e+005 8.6459e+004 3.8922e+002 1.4265e+005 3.1282e+005
          52 2.2262e-002 4.1885e-001 1.2237e+001 4.5116e+001 8.4679e+000 3.8569e+002 7.1639e+002 2.0457e+002 2.8027e+003 2.9888e+003 1.4964e+002 1.3391e+003 2.9309e+003 4.8343e+004 1.1869e+005 1.0018e+005 8.6392e+003 7.0542e+004 2.6373e+005
          53 1.8852e-002 4.5243e-001 1.0968e+001 3.3105e+001 3.6833e-001 4.5267e+002 5.7755e+002 3.5269e+002 2.3094e+003 3.4164e+003 2.5028e+001 1.5215e+003 1.2956e+003 3.7476e+004 1.0757e+005 1.0935e+005 2.3321e+004 2.6255e+004 1.9030e+005
          54 1.5240e-002 4.7269e-001 9.4830e+000 2.2491e+001 2.5509e+000 5.0674e+002 4.4165e+002 5.1403e+002 1.8287e+003 3.7595e+003 5.5873e+000 1.5794e+003 4.0032e+002 2.8229e+004 9.5384e+004 1.1396e+005 4.0139e+004 4.9837e+003 1.1847e+005
          55 1.1668e-002 4.7869e-001 7.8768e+000 1.3708e+001 1.3464e+001 5.4461e+002 3.1606e+002 6.7302e+002 1.3808e+003 3.9984e+003 9.3887e+001 1.5182e+003 3.8132e+001 2.0564e+004 8.2773e+004 1.1435e+005 5.6231e+004 5.5463e+001 6.2316e+004
          56 8.3639e-003 4.7074e-001 6.2539e+000 7.0482e+000 3.1138e+001 5.6465e+002 2.0718e+002 8.1645e+002 9.8336e+002 4.1236e+003 2.8249e+002 1.3588e+003 3.0476e+001 1.4404e+004 7.0323e+004 1.1114e+005 6.9863e+004 5.2199e+003 2.5757e+004
          57 5.5131e-003 4.5075e-001 4.7164e+000 2.6265e+000 5.3463e+001 5.6761e+002 1.1977e+002 9.3571e+002 6.5012e+002 4.1409e+003 5.5653e+002 1.1327e+003 2.2937e+002 9.6376e+003 5.8584e+004 1.0526e+005 8.0282e+004 1.5596e+004 6.5851e+003
          58 3.2265e-003 4.2067e-001 3.3374e+000 3.7887e-001 7.8368e+001 5.5478e+002 5.6113e+001 1.0249e+003 3.8708e+002 4.0583e+003 8.9633e+002 8.7303e+002 5.2022e+002 6.0865e+003 4.7859e+004 9.7488e+004 8.7280e+004 2.7827e+004 1.7355e+002
          59 1.5555e-003 3.8241e-001 2.1679e+000 1.2095e-001 1.0388e+002 5.2780e+002 1.6697e+001 1.0805e+003 1.9508e+002 3.8852e+003 1.2790e+003 6.1067e+002 8.2005e+002 3.5545e+003 3.8295e+004 8.8484e+004 9.0960e+004 3.9786e+004 1.8926e+003
          60 5.0467e-004 3.3823e-001 1.2414e+000 1.5838e+000 1.2828e+002 4.8901e+002 6.0294e-001 1.1014e+003 7.1337e+001 3.6356e+003 1.6807e+003 3.7334e+002 1.0739e+003 1.8508e+003 2.9965e+004 7.8824e+004 9.1663e+004 5.0254e+004 8.0625e+003
          61 3.7713e-005 2.9004e-001 5.7357e-001 4.4343e+000 1.4989e+002 4.4054e+002 5.7332e+000 1.0877e+003 1.0061e+001 3.3212e+003 2.0754e+003 1.8310e+002 1.2485e+003 7.9623e+002 2.2849e+004 6.8899e+004 8.9720e+004 5.8530e+004 1.6082e+004
          62 8.5766e-005 2.4054e-001 1.6637e-001 8.3007e+000 1.6761e+002 3.8578e+002 2.8986e+001 1.0433e+003 3.2038e+000 2.9628e+003 2.4421e+003 5.6392e+001 1.3317e+003 2.3205e+002 1.6942e+004 5.9170e+004 8.5703e+004 6.4399e+004 2.4276e+004
          63 5.5456e-004 1.9224e-001 4.9990e-003 1.2819e+001 1.8088e+002 3.2821e+002 6.6648e+001 9.7429e+002 4.0898e+001 2.5822e+003 2.7658e+003 1.9683e+000 1.3269e+003 1.6299e+001 1.2181e+004 5.0002e+004 8.0228e+004 6.7971e+004 3.1695e+004
          64 1.3368e-003 1.4690e-001 6.2652e-002 1.7627e+001 1.8919e+002 2.7035e+002 1.1464e+002 8.8557e+002 1.1253e+002 2.1944e+003 3.0316e+003 2.1752e+001 1.2454e+003 2.9589e+001 8.4403e+003 4.1553e+004 7.3711e+004 6.9387e+004 3.7816e+004
          65 2.3237e-003 1.0627e-001 3.0463e-001 2.2422e+001 1.9265e+002 2.1492e+002 1.6901e+002 7.8399e+002 2.0762e+002 1.8164e+003 3.2337e+003 1.1203e+002 1.1062e+003 1.7656e+002 5.5965e+003 3.3982e+004 6.6637e+004 6.8985e+004 4.2469e+004
          66 3.4108e-003 7.1452e-002 6.9169e-001 2.6931e+001 1.9139e+002 1.6378e+002 2.2592e+002 6.7501e+002 3.1625e+002 1.4597e+003 3.3666e+003 2.6471e+002 9.2895e+002 3.8480e+002 3.5051e+003 2.7318e+004 5.9320e+004 6.7050e+004 4.5627e+004
          67 4.5062e-003 4.3267e-002 1.1833e+000 3.0948e+001 1.8589e+002 1.1850e+002 2.8205e+002 5.6423e+002 4.2969e+002 1.1342e+003 3.4310e+003 4.6878e+002 7.3403e+002 6.0254e+002 2.0313e+003 2.1570e+004 5.2055e+004 6.3919e+004 4.7398e+004
          68 5.5237e-003 2.2095e-002 1.7370e+000 3.4260e+001 1.7642e+002 7.9973e+001 3.3400e+002 4.5559e+002 5.3963e+002 8.4515e+002 3.4238e+003 7.1042e+002 5.3878e+002 7.9419e+002 1.0470e+003 1.6672e+004 4.4977e+004 5.9801e+004 4.7856e+004
          69 6.4019e-003 8.1108e-003 2.3142e+000 3.6773e+001 1.6383e+002 4.9024e+001 3.7947e+002 3.5385e+002 6.3986e+002 5.9854e+002 3.3530e+003 9.7537e+002 3.5990e+002 9.3925e+002 4.4373e+002 1.2597e+004 3.8307e+004 5.5042e+004 4.7214e+004
          70 7.1017e-003 1.0808e-003 2.8823e+000 3.8455e+001 1.4897e+002 2.5880e+001 4.1696e+002 2.6243e+002 7.2616e+002 3.9673e+002 3.2282e+003 1.2506e+003 2.0981e+002 1.0291e+003 1.2417e+002 9.2800e+003 3.2182e+004 4.9936e+004 4.5695e+004
          71 7.5970e-003 5.0106e-004 3.4130e+000 3.9295e+001 1.3259e+002 1.0362e+001 4.4535e+002 1.8354e+002 7.9529e+002 2.3947e+002 3.0576e+003 1.5235e+003 9.6979e+001 1.0626e+003 6.3654e+000 6.6354e+003 2.6663e+004 4.4698e+004 4.3483e+004
          72 7.8794e-003 5.6679e-003 3.8842e+000 3.9328e+001 1.1541e+002 1.9979e+000 4.6413e+002 1.1855e+002 8.4559e+002 1.2482e+002 2.8508e+003 1.7835e+003 2.6431e+001 1.0443e+003 2.3756e+001 4.5760e+003 2.1778e+004 3.9508e+004 4.0757e+004
          73 7.9507e-003 1.5722e-002 4.2781e+000 3.8603e+001 9.8085e+001 9.8385e-002 4.7314e+002 6.8083e+001 8.7616e+002 4.9618e+001 2.6166e+003 2.0209e+003 1.9323e-001 9.8209e+002 1.2365e+002 3.0159e+003 1.7523e+004 3.4495e+004 3.7671e+004
          74 7.8281e-003 2.9711e-002 4.5849e+000 3.7217e+001 8.1223e+001 3.8030e+000 4.7289e+002 3.2101e+001 8.8763e+002 9.7217e+000 2.3649e+003 2.2291e+003 1.7592e+001 8.8618e+002 2.6554e+002 1.8731e+003 1.3881e+004 2.9772e+004 3.4380e+004
          75 7.5364e-003 4.6651e-002 4.7999e+000 3.5275e+001 6.5331e+001 1.2155e+001 4.6417e+002 9.9521e+000 8.8135e+002 3.4210e-001 2.1046e+003 2.4035e+003 7.5841e+001 7.6737e+002 4.1947e+002 1.0708e+003 1.0813e+004 2.5409e+004 3.1013e+004
          76 7.0986e-003 6.5523e-002 4.9190e+000 3.2861e+001 5.0752e+001 2.4153e+001 4.4765e+002 5.4092e-001 8.5846e+002 1.6402e+001 1.8419e+003 2.5393e+003 1.7052e+002 6.3551e+002 5.6401e+002 5.3876e+002 8.2596e+003 2.1427e+004 2.7652e+004
          77 6.5476e-003 8.5336e-002 4.9450e+000 3.0094e+001 3.7810e+001 3.8773e+001 4.2451e+002 2.4711e+000 8.2124e+002 5.2715e+001 1.5839e+003 2.6348e+003 2.9586e+002 5.0056e+002 6.8485e+002 2.1674e+002 6.1719e+003 1.7853e+004 2.4384e+004
          78 5.9189e-003 1.0523e-001 4.8865e+000 2.7100e+001 2.6727e+001 5.5068e+001 3.9622e+002 1.4093e+001 7.7255e+002 1.0425e+002 1.3372e+003 2.6911e+003 4.4558e+002 3.7132e+002 7.7412e+002 5.2114e+001 4.4967e+003 1.4697e+004 2.1284e+004
          79 5.2439e-003 1.2442e-001 4.7523e+000 2.3985e+001 1.7604e+001 7.2159e+001 3.6406e+002 3.3649e+001 7.1495e+002 1.6629e+002 1.1064e+003 2.7095e+003 6.1305e+002 2.5480e+002 8.2837e+002 4.2596e-001 3.1776e+003 1.1947e+004 1.8394e+004
          80 4.5494e-003 1.4217e-001 4.5507e+000 2.0836e+001 1.0464e+001 8.9221e+001 3.2916e+002 5.9320e+001 6.5072e+002 2.3443e+002 8.9461e+002 2.6912e+003 7.9122e+002 1.5644e+002 8.4728e+002 2.5268e+001 2.1609e+003 9.5773e+003 1.5733e+004
          81 3.8649e-003 1.5803e-001 4.2972e+000 1.7759e+001 5.2723e+000 1.0565e+002 2.9300e+002 8.9397e+001 5.8287e+002 3.0504e+002 7.0500e+002 2.6416e+003 9.7430e+002 8.0367e+001 8.3424e+002 9.7531e+001 1.3995e+003 7.5690e+003 1.3329e+004
          82 3.2094e-003 1.7155e-001 4.0016e+000 1.4817e+001 1.9191e+000 1.2088e+002 2.5652e+002 1.2223e+002 5.1335e+002 3.7483e+002 5.3866e+002 2.5631e+003 1.1561e+003 2.8921e+001 7.9340e+002 1.9466e+002 8.4753e+002 5.8859e+003 1.1177e+004
          83 2.5987e-003 1.8234e-001 3.6739e+000 1.2064e+001 2.5800e-001 1.3440e+002 2.2059e+002 1.5624e+002 4.4400e+002 4.4093e+002 3.9610e+002 2.4588e+003 1.3309e+003 3.2044e+000 7.2998e+002 2.9957e+002 4.6519e+002 4.4930e+003 9.2711e+003
          84 2.0473e-003 1.9040e-001 3.3287e+000 9.5576e+000 1.0964e-001 1.4604e+002 1.8621e+002 1.9025e+002 3.7694e+002 5.0159e+002 2.7761e+002 2.3351e+003 1.4952e+003 3.0973e+000 6.5066e+002 4.0034e+002 2.1787e+002 3.3604e+003 7.6084e+003
          85 1.5613e-003 1.9550e-001 2.9733e+000 7.3230e+000 1.2730e+000 1.5546e+002 1.5389e+002 2.2299e+002 3.1327e+002 5.5487e+002 1.8221e+002 2.1943e+003 1.6442e+003 2.7453e+001 5.6095e+002 4.8851e+002 7.4872e+001 2.4516e+003 6.1684e+003
          86 1.1454e-003 1.9771e-001 2.6175e+000 5.3840e+000 3.5358e+000 1.6259e+002 1.2418e+002 2.5354e+002 2.5421e+002 5.9969e+002 1.0878e+002 2.0409e+003 1.7752e+003 7.4294e+001 4.6669e+002 5.5899e+002 1.0352e+001 1.7360e+003 4.9363e+003
          87 8.0075e-004 1.9712e-001 2.2691e+000 3.7521e+000 6.6811e+000 1.6737e+002 9.7446e+001 2.8110e+002 2.0064e+002 6.3527e+002 5.5812e+001 1.8787e+003 1.8857e+003 1.4097e+002 3.7300e+002 6.0911e+002 2.4829e+000 1.1842e+003 3.8942e+003
          88 5.2555e-004 1.9392e-001 1.9353e+000 2.4302e+000 1.0496e+001 1.6987e+002 7.3964e+001 3.0513e+002 1.5319e+002 6.6134e+002 2.1469e+001 1.7116e+003 1.9746e+003 2.2438e+002 2.8437e+002 6.3823e+002 3.3164e+001 7.6975e+002 3.0242e+003
          89 3.1565e-004 1.8833e-001 1.6211e+000 1.4113e+000 1.4777e+001 1.7016e+002 5.3846e+001 3.2518e+002 1.1223e+002 6.7782e+002 3.7144e+000 1.5427e+003 2.0407e+003 3.2112e+002 2.0432e+002 6.4702e+002 8.7726e+001 4.6827e+002 2.3065e+003
          90 1.6549e-004 1.8070e-001 1.3317e+000 6.8338e-001 1.9337e+001 1.6847e+002 3.7148e+001 3.4112e+002 7.7957e+001 6.8524e+002 4.0741e-001 1.3759e+003 2.0848e+003 4.2777e+002 1.3567e+002 6.3749e+002 1.5459e+002 2.5868e+002 1.7240e+003
          91 6.7980e-005 1.7134e-001 1.0699e+000 2.2705e-001 2.4012e+001 1.6499e+002 2.3793e+001 3.5291e+002 5.0326e+001 6.8416e+002 9.3543e+000 1.2136e+003 2.1076e+003 5.4099e+002 8.0245e+001 6.1213e+002 2.2495e+002 1.2213e+002 1.2580e+003
          92 1.5448e-005 1.6051e-001 8.3723e-001 1.9266e-002 2.8643e+001 1.5987e+002 1.3630e+001 3.6043e+002 2.9115e+001 6.7502e+002 2.8393e+001 1.0576e+003 2.1093e+003 6.5732e+002 3.9099e+001 5.7356e+002 2.9225e+002 4.2448e+001 8.9135e+002
          93 3.6697e-009 1.4863e-001 6.3511e-001 3.4269e-002 3.3116e+001 1.5344e+002 6.4691e+000 3.6402e+002 1.4021e+001 6.5897e+002 5.5450e+001 9.1034e+002 2.0924e+003 7.7402e+002 1.2680e+001 5.2509e+002 3.5213e+002 6.0152e+000 6.0899e+002
          94 1.3816e-005 1.3597e-001 4.6334e-001 2.4439e-001 3.7314e+001 1.4586e+002 2.0630e+000 3.6377e+002 4.6037e+000 6.3668e+002 8.8559e+001 7.7288e+002 2.0577e+003 8.8819e+002 8.1573e-001 4.6955e+002 4.0165e+002 1.3550e+000 3.9658e+002
          95 4.9420e-005 1.2279e-001 3.2124e-001 6.2091e-001 4.1140e+001 1.3734e+002 1.4000e-001 3.5986e+002 3.6652e-001 6.0891e+002 1.2586e+002 6.4611e+002 2.0067e+003 9.9713e+002 2.8922e+000 4.0969e+002 4.3916e+002 1.9003e+001 2.4169e+002
          96 9.9946e-005 1.0949e-001 2.0789e-001 1.1354e+000 4.4550e+001 1.2819e+002 4.0894e-001 3.5285e+002 7.5789e-001 5.7700e+002 1.6576e+002 5.3125e+002 1.9426e+003 1.0994e+003 1.7927e+001 3.4845e+002 4.6440e+002 5.1241e+001 1.3369e+002
          97 1.5910e-004 9.6205e-002 1.2142e-001 1.7581e+000 4.7451e+001 1.1850e+002 2.5654e+000 3.4274e+002 5.1865e+000 5.4131e+002 2.0659e+002 4.2817e+002 1.8654e+003 1.1922e+003 4.4632e+001 2.8783e+002 4.7718e+002 9.1808e+001 6.3023e+001
          98 2.2131e-004 8.3194e-002 5.9924e-002 2.4594e+000 4.9789e+001 1.0845e+002 6.2936e+000 3.2984e+002 1.3025e+001 5.0268e+002 2.4687e+002 3.3714e+002 1.7769e+003 1.2736e+003 8.1439e+001 2.2994e+002 4.7815e+002 1.3568e+002 2.1722e+001
          99 2.8121e-004 7.0571e-002 2.1160e-002 3.2029e+000 5.1432e+001 9.8075e+001 1.1242e+001 3.1395e+002 2.3558e+001 4.6119e+002 2.8471e+002 2.5782e+002 1.6761e+003 1.3396e+003 1.2627e+002 1.7628e+002 4.6761e+002 1.7853e+002 2.9489e+000
         100 3.3267e-004 5.8357e-002 2.6514e-003 3.9316e+000 5.2082e+001 8.7197e+001 1.6933e+001 2.9412e+002 3.5787e+001 4.1597e+002 3.1697e+002 1.8968e+002 1.5578e+003 1.3812e+003 1.7569e+002 1.2805e+002 4.4492e+002 2.1592e+002 7.8145e-001
         101 3.6661e-004 4.6456e-002 1.1881e-003 4.5331e+000 5.1064e+001 7.5322e+001 2.2516e+001 2.6791e+002 4.7896e+001 3.6446e+002 3.3726e+002 1.3212e+002 1.4094e+003 1.3786e+003 2.2275e+002 8.6319e+001 4.0743e+002 2.4158e+002 9.5340e+000
