   v'->v''           0           1           2           3           4
           0 1.3752e+005 8.0182e+002 1.8998e+001 6.4236e-001 0.0000e+000
           1 2.4925e+001 1.4176e+005 4.1487e+002 6.6468e+002 3.5849e+001
           2 4.3654e+002 2.8591e+003 2.3095e+005 7.7717e+003 7.5506e+003
           3 1.1556e+003 2.5155e+004 1.3215e+005 7.4448e+005 9.3737e+004
           4 1.4534e+003 4.0882e+004 3.4595e+005 9.8085e+005 1.6548e+006
           5 1.1665e+002 6.6699e+003 1.1260e+005 6.9994e+005 1.5250e+006
           6 7.4910e+002 1.5093e+004 7.6064e+004 4.0194e+004 2.2846e+005
           7 1.7014e+002 7.0599e+003 8.7734e+004 3.4963e+005 2.3392e+005
           8 6.8549e+002 1.5635e+004 9.2284e+004 1.1222e+005 7.9557e+003
           9 3.9109e-005 2.9709e+002 1.3699e+004 1.1687e+005 1.9205e+005
          10 5.3079e+002 1.5230e+004 1.2408e+005 2.8924e+005 6.4813e+004
          11 3.7837e+002 8.1562e+003 4.0142e+004 2.9769e+004 1.8825e+004
          12 1.2554e-001 2.6005e+002 1.0652e+004 8.2463e+004 1.2589e+005
          13 2.6990e+002 8.6062e+003 7.9993e+004 2.2297e+005 9.1613e+004
          14 8.2232e+001 2.1754e+003 1.5809e+004 3.0909e+004 3.8637e+003
          15 2.3902e+002 6.2513e+003 4.4700e+004 8.5052e+004 9.2176e+003
          16 3.4592e+001 8.7357e+002 5.9402e+003 1.0345e+004 6.3376e+002
          17 2.0023e+001 4.9262e+002 3.2238e+003 5.2248e+003 1.6616e+002
          18 6.5283e+000 1.5883e+002 1.0223e+003 1.6039e+003 3.4301e+001
