   v'->v''           0           1           2           3           4           5
           0 1.0533e+006 1.1163e+005 2.4818e+003 2.8273e+001 1.8127e+000 0.0000e+000
           1 4.4514e+005 8.6104e+005 1.2886e+005 1.1614e+003 8.9027e+000 1.3190e+001
           2 5.6826e+004 4.3122e+005 4.5425e+005 2.6247e+005 4.8241e+001 3.5174e+001
           3 6.8107e+003 3.0759e+003 8.6652e+005 4.0742e+004 6.0709e+005 8.0220e+003
           4 1.1068e+005 1.2184e+004 1.1818e+005 2.4526e+006 7.8529e+004 5.2752e+005
           5 5.7288e+004 1.0592e+005 1.2308e+005 3.6053e+005 3.1644e+006 1.0729e+005
           6 2.7822e+003 1.1157e+005 7.4505e+003 1.4005e+004 9.7315e+004 3.3587e+006
           7 6.9564e+003 2.8131e+001 2.7009e+005 1.9050e+005 1.2715e+005 2.0260e+005
           8 3.1424e+004 2.6951e+004 2.0309e+005 4.9775e+003 5.5666e+000 8.9816e+004
           9 4.7058e+004 1.3701e+004 4.7618e+003 3.1428e+005 4.0327e+004 1.2251e+002
          10 3.1842e+004 2.4743e+003 1.4631e+005 4.0251e+005 1.6370e+002 4.9386e+004
          11 6.1586e+003 3.9551e+003 8.2428e+004 2.5757e+004 9.8137e+004 3.7882e+003
          12 1.1642e+003 1.2164e+004 4.0691e+002 1.2836e+005 1.5711e+005 5.1483e+004
          13 1.3078e+004 1.3994e+004 2.2388e+004 3.1792e+005 5.8732e+004 1.4052e+005
          14 4.2332e+003 1.3143e+003 5.1922e+003 4.7636e+004 2.6413e+002 2.3509e+004
          15 1.2561e+004 3.4785e+003 1.4608e+004 1.3266e+005 2.6382e+002 6.5979e+004
          16 1.9592e+003 3.6682e+002 1.8874e+003 1.6873e+004 4.9187e+001 8.5875e+003
          17 1.2116e+003 1.6141e+002 9.9023e+002 8.8880e+003 1.6185e+002 4.5967e+003
          18 4.0727e+002 4.6204e+001 3.0844e+002 2.7848e+003 8.1969e+001 1.4496e+003
