   v'->v''           0           1           2           3           4           5           6           7           8           9          10
           0 1.1613e+005 1.1159e+004 1.9958e+003 2.9729e+002 4.3834e+001 6.2368e+000 7.3629e-001 5.8923e-002 1.7143e-003 0.0000e+000 0.0000e+000
           1 1.7041e+002 1.1975e+005 1.7809e+004 5.0520e+003 1.0233e+003 1.9102e+002 3.3789e+001 5.2566e+000 7.1150e-001 7.4126e-002 4.2806e-003
           2 1.0971e+003 9.6686e-002 1.2823e+005 2.0820e+004 8.3612e+003 2.1443e+003 5.0377e+002 1.1292e+002 2.3780e+001 4.8913e+000 9.6811e-001
           3 3.2915e+001 3.6522e+003 7.1829e+002 1.4188e+005 2.0770e+004 1.1528e+004 3.6097e+003 1.0512e+003 2.9276e+002 7.8775e+001 2.1540e+001
           4 1.1562e+001 9.5432e+001 7.9489e+003 4.8705e+003 1.6424e+005 1.8190e+004 1.4395e+004 5.2735e+003 1.8385e+003 6.1720e+002 2.0087e+002
           5 3.7433e+000 2.8938e+001 1.3864e+002 1.5164e+004 1.7316e+004 2.0269e+005 1.3164e+004 1.6846e+004 6.7864e+003 2.7963e+003 1.1087e+003
           6 6.8523e-002 4.6956e+000 6.3343e+001 1.5731e+002 2.8029e+004 4.9079e+004 2.7273e+005 5.7085e+003 1.9495e+004 7.7942e+003 3.5588e+003
           7 2.6006e-001 2.7365e-005 1.2740e+001 1.5090e+002 1.2264e+002 5.1215e+004 1.2913e+005 4.2322e+005 5.2922e+001 2.3724e+004 9.0743e+003
           8 1.2304e+000 7.5641e-002 1.4773e+000 4.1332e+001 2.3985e+002 7.9967e+001 9.0748e+004 3.3402e+005 8.1771e+005 3.4350e+004 2.4711e+004
           9 1.6384e+000 2.9355e-001 1.3298e+000 7.4610e+000 1.0655e+002 1.5136e+002 9.4147e+002 1.1890e+005 7.3145e+005 1.7613e+006 2.0120e+005
          10 1.2690e+000 4.7586e-001 6.5220e-001 4.5741e+000 1.8039e+001 2.7940e+002 3.0870e+001 1.9728e+004 4.5786e+004 1.0104e+006 2.8950e+006
          11 5.9728e-001 3.0892e-001 7.5274e-002 2.1764e+000 8.0225e+000 6.8184e+001 3.1684e+002 7.5393e+001 7.7194e+004 7.1412e+001 1.3026e+006
          12 9.3693e-002 3.2525e-002 2.3535e-003 2.4933e-001 5.2724e+000 1.1951e+001 4.1562e+002 1.2824e+002 5.4340e+003 7.6276e+004 1.5771e+001
          13 1.7754e-002 4.6911e-002 9.4746e-003 2.6719e-002 9.2385e-001 1.0973e+001 1.1363e+002 3.1338e+002 7.5396e+002 3.6818e+004 1.6650e+004
          14 2.2660e-001 2.3323e-001 4.8336e-003 1.7026e-001 6.0204e-002 1.1653e+001 1.1285e+001 7.2635e+002 4.6201e+002 9.5375e+002 6.2329e+004
          15 4.9564e-001 3.4763e-001 1.1014e-002 2.4423e-001 3.7156e-001 6.5812e+000 9.7696e-001 3.5766e+002 1.1478e+002 1.2451e+003 1.0457e+004
          16 6.8429e-001 3.4100e-001 4.1731e-002 3.2886e-001 1.3740e-001 2.2379e+000 1.8008e+000 6.0595e+001 6.9861e+002 8.9686e+002 1.3473e+002
          17 7.4109e-001 2.7159e-001 9.3473e-002 4.2290e-001 2.6867e-004 5.3333e-001 5.1799e+000 6.6072e-001 6.3643e+002 5.5824e+001 6.2372e+002
          18 6.7609e-001 1.9236e-001 1.3097e-001 4.5644e-001 4.0530e-002 9.9304e-002 7.7232e+000 3.0273e+000 3.1900e+002 7.3084e+001 9.0254e+002
          19 5.2960e-001 1.2460e-001 1.3025e-001 3.9635e-001 7.0579e-002 1.4978e-002 7.3211e+000 3.8324e+000 1.1977e+002 2.2376e+002 4.8875e+002
          20 3.7553e-001 7.7551e-002 1.0489e-001 2.9491e-001 6.1657e-002 1.8505e-003 5.4409e+000 2.2401e+000 4.1610e+001 2.3795e+002 1.8566e+002
          21 2.6353e-001 4.9893e-002 7.8893e-002 2.1084e-001 4.4887e-002 1.3930e-004 3.7879e+000 1.1134e+000 1.5583e+001 1.9426e+002 6.5455e+001
          22 1.8520e-001 3.3031e-002 5.7740e-002 1.4898e-001 3.1008e-002 8.8083e-007 2.5968e+000 5.4081e-001 6.3500e+000 1.4520e+002 2.2654e+001
          23 1.1817e-001 2.0250e-002 3.7736e-002 9.5051e-002 1.9192e-002 3.0298e-005 1.6144e+000 2.4745e-001 2.5997e+000 9.4915e+001 7.3209e+000
          24 5.4583e-002 9.1442e-003 1.7648e-002 4.3841e-002 8.6545e-003 2.8434e-005 7.3232e-001 9.0855e-002 8.9789e-001 4.4190e+001 2.0101e+000
