   v'->v''           0           1           2           3           4           5
           0 0.0000e+000 0.0000e+000 0.0000e+000 0.0000e+000 0.0000e+000 0.0000e+000
           1 0.0000e+000 0.0000e+000 0.0000e+000 0.0000e+000 0.0000e+000 0.0000e+000
           2 0.0000e+000 0.0000e+000 0.0000e+000 0.0000e+000 0.0000e+000 0.0000e+000
           3 0.0000e+000 0.0000e+000 0.0000e+000 0.0000e+000 0.0000e+000 0.0000e+000
           4 0.0000e+000 0.0000e+000 0.0000e+000 0.0000e+000 0.0000e+000 0.0000e+000
           5 0.0000e+000 0.0000e+000 0.0000e+000 0.0000e+000 0.0000e+000 0.0000e+000
           6 0.0000e+000 0.0000e+000 0.0000e+000 0.0000e+000 0.0000e+000 0.0000e+000
           7 0.0000e+000 0.0000e+000 0.0000e+000 0.0000e+000 0.0000e+000 0.0000e+000
           8 0.0000e+000 0.0000e+000 0.0000e+000 0.0000e+000 0.0000e+000 0.0000e+000
           9 0.0000e+000 0.0000e+000 0.0000e+000 0.0000e+000 0.0000e+000 0.0000e+000
          10 0.0000e+000 0.0000e+000 0.0000e+000 0.0000e+000 0.0000e+000 0.0000e+000
          11 0.0000e+000 0.0000e+000 0.0000e+000 0.0000e+000 0.0000e+000 0.0000e+000
          12 0.0000e+000 0.0000e+000 0.0000e+000 0.0000e+000 0.0000e+000 0.0000e+000
          13 0.0000e+000 0.0000e+000 0.0000e+000 0.0000e+000 0.0000e+000 0.0000e+000
          14 0.0000e+000 0.0000e+000 0.0000e+000 0.0000e+000 0.0000e+000 0.0000e+000
          15 0.0000e+000 0.0000e+000 0.0000e+000 0.0000e+000 0.0000e+000 0.0000e+000
          16 0.0000e+000 0.0000e+000 0.0000e+000 0.0000e+000 0.0000e+000 0.0000e+000
          17 0.0000e+000 0.0000e+000 0.0000e+000 0.0000e+000 0.0000e+000 0.0000e+000
          18 0.0000e+000 0.0000e+000 0.0000e+000 0.0000e+000 0.0000e+000 0.0000e+000
          19 0.0000e+000 0.0000e+000 0.0000e+000 0.0000e+000 0.0000e+000 0.0000e+000
          20 0.0000e+000 0.0000e+000 0.0000e+000 0.0000e+000 0.0000e+000 0.0000e+000
          21 0.0000e+000 0.0000e+000 0.0000e+000 0.0000e+000 0.0000e+000 0.0000e+000
          22 0.0000e+000 0.0000e+000 0.0000e+000 0.0000e+000 0.0000e+000 0.0000e+000
          23 0.0000e+000 0.0000e+000 0.0000e+000 0.0000e+000 0.0000e+000 0.0000e+000
          24 0.0000e+000 0.0000e+000 0.0000e+000 0.0000e+000 0.0000e+000 0.0000e+000
          25 0.0000e+000 0.0000e+000 0.0000e+000 0.0000e+000 0.0000e+000 0.0000e+000
          26 0.0000e+000 0.0000e+000 0.0000e+000 0.0000e+000 0.0000e+000 0.0000e+000
          27 0.0000e+000 0.0000e+000 0.0000e+000 0.0000e+000 0.0000e+000 0.0000e+000
          28 0.0000e+000 0.0000e+000 0.0000e+000 0.0000e+000 0.0000e+000 0.0000e+000
          29 0.0000e+000 0.0000e+000 0.0000e+000 0.0000e+000 0.0000e+000 0.0000e+000
          30 0.0000e+000 0.0000e+000 0.0000e+000 0.0000e+000 0.0000e+000 0.0000e+000
          31 0.0000e+000 0.0000e+000 0.0000e+000 0.0000e+000 0.0000e+000 0.0000e+000
          32 0.0000e+000 0.0000e+000 0.0000e+000 0.0000e+000 0.0000e+000 0.0000e+000
          33 0.0000e+000 0.0000e+000 0.0000e+000 0.0000e+000 0.0000e+000 0.0000e+000
          34 1.6317e-007 0.0000e+000 0.0000e+000 0.0000e+000 0.0000e+000 0.0000e+000
          35 2.5923e-006 0.0000e+000 0.0000e+000 0.0000e+000 0.0000e+000 0.0000e+000
          36 6.3198e-006 0.0000e+000 0.0000e+000 0.0000e+000 0.0000e+000 0.0000e+000
          37 7.0073e-006 4.4331e-009 0.0000e+000 0.0000e+000 0.0000e+000 0.0000e+000
          38 3.5256e-006 3.6508e-007 0.0000e+000 0.0000e+000 0.0000e+000 0.0000e+000
          39 8.6923e-008 1.9954e-006 0.0000e+000 0.0000e+000 0.0000e+000 0.0000e+000
          40 3.6042e-006 5.4170e-006 0.0000e+000 0.0000e+000 0.0000e+000 0.0000e+000
          41 2.0015e-005 9.8218e-006 2.7491e-007 0.0000e+000 0.0000e+000 0.0000e+000
          42 5.2284e-005 1.2858e-005 1.6011e-006 0.0000e+000 0.0000e+000 0.0000e+000
          43 1.0030e-004 1.2045e-005 3.3973e-006 0.0000e+000 0.0000e+000 0.0000e+000
          44 1.6159e-004 7.1336e-006 4.8026e-006 9.1737e-008 0.0000e+000 0.0000e+000
          45 2.3184e-004 1.4319e-006 5.7940e-006 3.3136e-006 0.0000e+000 0.0000e+000
          46 3.0507e-004 6.6754e-007 7.0384e-006 1.4625e-005 0.0000e+000 0.0000e+000
          47 3.7372e-004 9.8704e-006 9.4301e-006 3.3019e-005 0.0000e+000 0.0000e+000
          48 4.2926e-004 3.0294e-005 1.3865e-005 5.1290e-005 2.2305e-008 0.0000e+000
          49 4.6339e-004 5.8298e-005 2.0931e-005 6.1372e-005 7.8453e-007 0.0000e+000
          50 4.6981e-004 8.6712e-005 3.0288e-005 5.9675e-005 4.8532e-006 0.0000e+000
          51 4.4570e-004 1.0765e-004 4.0123e-005 4.8444e-005 1.4985e-005 0.0000e+000
          52 3.9284e-004 1.1528e-004 4.7330e-005 3.3299e-005 3.0496e-005 3.0212e-012
          53 3.1635e-004 1.0704e-004 4.8442e-005 1.9500e-005 4.5137e-005 6.2177e-010
          54 2.2277e-004 8.3391e-005 4.0924e-005 9.6980e-006 4.8841e-005 3.2233e-009
          55 1.2173e-004 4.8551e-005 2.5157e-005 3.9295e-006 3.4844e-005 5.2072e-009
          56 4.9262e-005 2.0246e-005 1.0771e-005 1.3388e-006 1.5978e-005 3.4141e-009
