   v'->v''           0           1           2           3           4           5
           0 0.0000e+000 0.0000e+000 0.0000e+000 0.0000e+000 0.0000e+000 0.0000e+000
           1 0.0000e+000 0.0000e+000 0.0000e+000 0.0000e+000 0.0000e+000 0.0000e+000
           2 0.0000e+000 0.0000e+000 0.0000e+000 0.0000e+000 0.0000e+000 0.0000e+000
           3 0.0000e+000 0.0000e+000 0.0000e+000 0.0000e+000 0.0000e+000 0.0000e+000
           4 0.0000e+000 0.0000e+000 0.0000e+000 0.0000e+000 0.0000e+000 0.0000e+000
           5 0.0000e+000 0.0000e+000 0.0000e+000 0.0000e+000 0.0000e+000 0.0000e+000
           6 0.0000e+000 0.0000e+000 0.0000e+000 0.0000e+000 0.0000e+000 0.0000e+000
           7 0.0000e+000 0.0000e+000 0.0000e+000 0.0000e+000 0.0000e+000 0.0000e+000
           8 0.0000e+000 0.0000e+000 0.0000e+000 0.0000e+000 0.0000e+000 0.0000e+000
           9 0.0000e+000 0.0000e+000 0.0000e+000 0.0000e+000 0.0000e+000 0.0000e+000
          10 0.0000e+000 0.0000e+000 0.0000e+000 0.0000e+000 0.0000e+000 0.0000e+000
          11 1.1510e-005 0.0000e+000 0.0000e+000 0.0000e+000 0.0000e+000 0.0000e+000
          12 1.4901e-005 6.2200e-007 0.0000e+000 0.0000e+000 0.0000e+000 0.0000e+000
          13 3.6932e-004 2.0148e-005 0.0000e+000 0.0000e+000 0.0000e+000 0.0000e+000
          14 1.7308e-004 5.1761e-005 7.4959e-006 0.0000e+000 0.0000e+000 0.0000e+000
          15 1.9498e-004 1.2847e-004 2.6303e-005 2.9840e-007 0.0000e+000 0.0000e+000
          16 1.3369e-003 1.0978e-003 5.8468e-006 3.2131e-006 0.0000e+000 0.0000e+000
          17 1.5213e-003 1.1724e-003 3.9450e-005 6.1683e-006 4.5911e-007 0.0000e+000
          18 6.6618e-004 2.1737e-004 6.3087e-006 3.1497e-005 1.8936e-005 0.0000e+000
          19 8.7902e-005 8.8576e-005 2.6372e-004 2.6680e-005 2.7463e-005 3.1825e-009
          20 3.2818e-006 6.0215e-004 5.8003e-004 1.4389e-005 6.7079e-006 1.3843e-006
