   v'->v''           0           1           2           3           4           5           6           7           8           9          10          11          12          13          14          15
           0 0.0000e+000 0.0000e+000 0.0000e+000 0.0000e+000 0.0000e+000 0.0000e+000 0.0000e+000 0.0000e+000 0.0000e+000 0.0000e+000 0.0000e+000 0.0000e+000 0.0000e+000 0.0000e+000 0.0000e+000 0.0000e+000
           1 0.0000e+000 0.0000e+000 0.0000e+000 0.0000e+000 0.0000e+000 0.0000e+000 0.0000e+000 0.0000e+000 0.0000e+000 0.0000e+000 0.0000e+000 0.0000e+000 0.0000e+000 0.0000e+000 0.0000e+000 0.0000e+000
           2 0.0000e+000 0.0000e+000 0.0000e+000 0.0000e+000 0.0000e+000 0.0000e+000 0.0000e+000 0.0000e+000 0.0000e+000 0.0000e+000 0.0000e+000 0.0000e+000 0.0000e+000 0.0000e+000 0.0000e+000 0.0000e+000
           3 0.0000e+000 0.0000e+000 0.0000e+000 0.0000e+000 0.0000e+000 0.0000e+000 0.0000e+000 0.0000e+000 0.0000e+000 0.0000e+000 0.0000e+000 0.0000e+000 0.0000e+000 0.0000e+000 0.0000e+000 0.0000e+000
           4 2.3271e-003 0.0000e+000 0.0000e+000 0.0000e+000 0.0000e+000 0.0000e+000 0.0000e+000 0.0000e+000 0.0000e+000 0.0000e+000 0.0000e+000 0.0000e+000 0.0000e+000 0.0000e+000 0.0000e+000 0.0000e+000
           5 1.7237e-002 1.3102e-004 0.0000e+000 0.0000e+000 0.0000e+000 0.0000e+000 0.0000e+000 0.0000e+000 0.0000e+000 0.0000e+000 0.0000e+000 0.0000e+000 0.0000e+000 0.0000e+000 0.0000e+000 0.0000e+000
           6 6.2368e-002 4.9923e-001 2.8668e-003 0.0000e+000 0.0000e+000 0.0000e+000 0.0000e+000 0.0000e+000 0.0000e+000 0.0000e+000 0.0000e+000 0.0000e+000 0.0000e+000 0.0000e+000 0.0000e+000 0.0000e+000
           7 6.7668e-004 2.9179e-002 1.1458e+000 0.0000e+000 0.0000e+000 0.0000e+000 0.0000e+000 0.0000e+000 0.0000e+000 0.0000e+000 0.0000e+000 0.0000e+000 0.0000e+000 0.0000e+000 0.0000e+000 0.0000e+000
           8 9.2785e-002 1.1333e+000 3.9675e+000 1.8526e-001 0.0000e+000 0.0000e+000 0.0000e+000 0.0000e+000 0.0000e+000 0.0000e+000 0.0000e+000 0.0000e+000 0.0000e+000 0.0000e+000 0.0000e+000 0.0000e+000
           9 7.7034e-003 6.6827e-004 1.3935e+000 1.3955e+001 3.2774e+000 0.0000e+000 0.0000e+000 0.0000e+000 0.0000e+000 0.0000e+000 0.0000e+000 0.0000e+000 0.0000e+000 0.0000e+000 0.0000e+000 0.0000e+000
          10 2.0477e-002 1.4834e+000 1.1492e+001 1.7071e+001 1.5577e-001 2.1161e+000 0.0000e+000 0.0000e+000 0.0000e+000 0.0000e+000 0.0000e+000 0.0000e+000 0.0000e+000 0.0000e+000 0.0000e+000 0.0000e+000
          11 1.5919e-002 8.1538e-001 1.0257e+000 4.6971e+000 4.1100e+001 7.0036e+000 5.2424e-001 0.0000e+000 0.0000e+000 0.0000e+000 0.0000e+000 0.0000e+000 0.0000e+000 0.0000e+000 0.0000e+000 0.0000e+000
          12 2.7092e-005 1.6342e-001 7.4863e+000 4.4809e+001 3.6563e+001 5.5948e+000 1.2322e+001 2.2754e-002 0.0000e+000 0.0000e+000 0.0000e+000 0.0000e+000 0.0000e+000 0.0000e+000 0.0000e+000 0.0000e+000
          13 4.7374e-003 1.4637e+000 1.2940e+001 2.0012e+001 9.5299e-001 5.5693e+001 3.0387e+000 7.9213e+000 9.9313e-004 0.0000e+000 0.0000e+000 0.0000e+000 0.0000e+000 0.0000e+000 0.0000e+000 0.0000e+000
          14 4.2950e-003 8.8263e-001 1.7396e+000 1.9278e+000 5.5986e+001 4.5254e+001 1.5796e+001 1.6369e+001 2.4175e+000 0.0000e+000 0.0000e+000 0.0000e+000 0.0000e+000 0.0000e+000 0.0000e+000 0.0000e+000
          15 7.2545e-005 7.1510e-003 2.5491e+000 3.3266e+001 7.3055e+001 7.1561e-001 6.8188e+001 8.4064e-001 1.7342e+001 1.9238e-001 0.0000e+000 0.0000e+000 0.0000e+000 0.0000e+000 0.0000e+000 0.0000e+000
          16 4.9494e-003 4.0586e-001 9.5900e+000 3.9646e+001 1.9619e+001 3.2633e+001 5.8295e+001 1.9844e+001 1.6555e+001 8.2606e+000 1.2297e-002 0.0000e+000 0.0000e+000 0.0000e+000 0.0000e+000 0.0000e+000
          17 1.9253e-002 7.6866e-001 7.9543e+000 1.3569e+001 2.4014e+000 8.1424e+001 7.6278e+000 6.7503e+001 3.3419e-001 2.2423e+001 1.6541e+000 1.8626e-002 0.0000e+000 0.0000e+000 0.0000e+000 0.0000e+000
          18 2.9426e-002 4.7606e-001 2.2422e+000 1.3637e-003 3.7502e+001 6.5986e+001 9.7801e+000 6.7823e+001 1.6430e+001 1.6091e+001 1.2520e+001 1.8097e-002 0.0000e+000 0.0000e+000 0.0000e+000 0.0000e+000
          19 2.5809e-002 9.3903e-002 7.1445e-005 9.6844e+000 6.1523e+001 2.0484e+001 5.2307e+001 2.7229e+001 5.2096e+001 1.3077e+000 2.2123e+001 2.8559e+000 7.4525e-002 0.0000e+000 0.0000e+000 0.0000e+000
          20 1.3461e-002 4.7150e-003 1.2226e+000 2.2524e+001 4.9550e+001 1.4245e-001 7.4686e+001 1.3183e+000 6.3799e+001 4.7481e+000 1.7164e+001 1.1229e+001 7.0422e-002 1.4881e-002 0.0000e+000 0.0000e+000
          21 3.2350e-003 1.0857e-001 2.8518e+000 2.4965e+001 2.3748e+001 8.2068e+000 6.2570e+001 5.6351e+000 4.7503e+001 2.1964e+001 5.9738e+000 1.7303e+001 1.9128e+000 8.7777e-002 0.0000e+000 0.0000e+000
          22 1.9732e-006 2.0915e-001 3.3194e+000 1.8908e+001 6.1022e+000 2.2127e+001 3.6989e+001 2.1522e+001 2.4144e+001 3.5386e+001 2.2567e-001 1.6238e+001 5.6443e+000 1.1783e-003 1.7550e-002 0.0000e+000
          23 1.5218e-003 2.2979e-001 2.7842e+000 1.1099e+001 2.7798e-001 2.7901e+001 1.6422e+001 3.1432e+001 8.2599e+000 3.7125e+001 1.2743e+000 1.1021e+001 8.3723e+000 3.1301e-001 7.4912e-002 0.0000e+000
          24 3.6148e-003 1.8777e-001 1.8939e+000 5.3895e+000 4.6993e-001 2.4677e+001 5.5483e+000 3.0599e+001 1.6026e+000 2.9794e+001 4.2314e+000 5.8587e+000 8.4166e+000 9.1745e-001 5.1751e-002 1.4998e-004
          25 3.8339e-003 1.1979e-001 1.0628e+000 2.2261e+000 1.3356e+000 1.6525e+001 1.4229e+000 2.1862e+001 8.1810e-002 1.8781e+001 4.9769e+000 2.5234e+000 6.1366e+000 1.1247e+000 1.3283e-002 6.2610e-003
          26 2.1438e-003 5.2507e-002 4.3240e-001 7.3001e-001 9.7647e-001 7.4309e+000 2.8668e-001 1.0192e+001 7.1107e-003 8.1644e+000 2.8975e+000 8.3457e-001 2.8858e+000 6.7768e-001 1.3543e-003 6.6508e-003
          27 8.6080e-004 1.9271e-002 1.5400e-001 2.3598e-001 4.2485e-001 2.7542e+000 6.9446e-002 3.8317e+000 1.3750e-002 2.9854e+000 1.1793e+000 2.6941e-001 1.0878e+000 2.7982e-001 1.2098e-004 3.1549e-003
