   v'->v''           0           1           2           3           4           5
           0 2.8243e+004 0.0000e+000 0.0000e+000 0.0000e+000 0.0000e+000 0.0000e+000
           1 2.3953e+003 3.3740e+004 0.0000e+000 0.0000e+000 0.0000e+000 0.0000e+000
           2 3.7121e+000 5.7521e+003 4.0215e+004 0.0000e+000 0.0000e+000 0.0000e+000
           3 1.8622e-001 2.6736e+001 1.0611e+004 4.7731e+004 0.0000e+000 0.0000e+000
           4 4.7526e-002 1.1383e+000 1.1780e+002 1.7929e+004 5.6163e+004 1.9874e+001
           5 1.0099e-001 6.3940e-002 5.0815e+000 4.2990e+002 2.9523e+004 6.4581e+004
           6 2.5365e-001 6.7821e-002 1.7141e-002 2.3005e+001 1.4462e+003 4.8749e+004
           7 1.5406e-001 2.8195e-001 8.6172e-003 9.1372e-002 1.0462e+002 4.7797e+003
           8 1.4155e-002 3.0706e-001 3.2252e-001 3.6605e-002 2.8568e+000 5.1657e+002
           9 1.6197e-001 1.5773e-002 2.9233e-001 8.1276e-002 2.2313e-001 3.7220e+001
          10 7.5745e-004 2.5304e-001 6.8806e-002 2.3472e-001 6.4898e-005 5.3886e+000
          11 1.1217e-001 2.2447e-002 4.8895e-002 1.1231e-002 9.6107e-002 2.4678e-001
          12 5.9847e-003 1.3190e-001 3.0112e-001 4.1697e-002 2.5362e-001 1.9833e-001
          13 1.0273e-001 8.6823e-004 2.2369e-001 1.1027e-001 1.1350e-002 1.2845e-001
          14 1.1519e-001 3.9224e-002 4.2600e-003 6.2195e-002 8.2079e-003 5.8422e-002
          15 3.8843e-004 1.1573e-002 4.7245e-002 3.8077e-001 1.4609e-001 3.8024e-002
          16 9.6291e-002 2.3043e-001 1.6018e-003 2.0945e-001 2.2863e-002 6.9115e-002
          17 1.8994e-001 3.0202e-001 5.2399e-004 2.8664e-002 1.1455e-001 7.7229e-002
          18 1.2960e-001 9.1474e-002 2.9129e-002 8.0267e-004 2.9323e-001 3.7374e-005
          19 3.8352e-002 3.9678e-003 2.0327e-001 4.9898e-005 1.5509e-001 1.2584e-001
          20 2.0499e-003 1.3158e-001 3.8632e-001 2.6771e-003 1.5457e-002 2.7944e-001
          21 2.2535e-003 2.7257e-001 3.8286e-001 1.8598e-002 7.8812e-003 2.6338e-001
          22 7.1424e-003 3.0747e-001 2.4120e-001 5.0690e-002 4.0734e-002 1.6111e-001
          23 7.4693e-003 2.5703e-001 1.0312e-001 7.7838e-002 5.7318e-002 7.4290e-002
          24 5.2731e-003 1.7780e-001 2.9435e-002 8.0643e-002 5.3920e-002 2.7276e-002
          25 2.9233e-003 1.0263e-001 5.0989e-003 5.9613e-002 3.8346e-002 8.1097e-003
          26 1.1724e-003 4.2778e-002 5.0587e-004 2.8143e-002 1.8025e-002 1.9594e-003
          27 4.1494e-004 1.5412e-002 5.8494e-005 1.0616e-002 6.8145e-003 5.3565e-004
