   v'->v''           0           1           2           3           4           5
           0 0.0000e+000 0.0000e+000 0.0000e+000 0.0000e+000 0.0000e+000 0.0000e+000
           1 0.0000e+000 0.0000e+000 0.0000e+000 0.0000e+000 0.0000e+000 0.0000e+000
           2 0.0000e+000 0.0000e+000 0.0000e+000 0.0000e+000 0.0000e+000 0.0000e+000
           3 0.0000e+000 0.0000e+000 0.0000e+000 0.0000e+000 0.0000e+000 0.0000e+000
           4 0.0000e+000 0.0000e+000 0.0000e+000 0.0000e+000 0.0000e+000 0.0000e+000
           5 2.4464e-001 0.0000e+000 0.0000e+000 0.0000e+000 0.0000e+000 0.0000e+000
           6 3.4739e-001 3.4247e-001 0.0000e+000 0.0000e+000 0.0000e+000 0.0000e+000
           7 2.4065e-001 1.1652e+000 1.2622e-001 0.0000e+000 0.0000e+000 0.0000e+000
           8 1.9662e-001 1.1811e+000 1.7444e+000 0.0000e+000 0.0000e+000 0.0000e+000
           9 7.6663e-002 8.2725e-001 2.5168e+000 1.4145e+000 0.0000e+000 0.0000e+000
          10 3.7772e-003 3.7240e-001 2.1769e+000 3.2490e+000 3.5076e-001 0.0000e+000
          11 1.3361e-003 1.3226e-001 1.3205e+000 3.2602e+000 2.2480e+000 0.0000e+000
