   v'->v''           0           1           2
           0 0.0000e+000 0.0000e+000 0.0000e+000
           1 0.0000e+000 0.0000e+000 0.0000e+000
           2 0.0000e+000 0.0000e+000 0.0000e+000
           3 1.5221e+001 0.0000e+000 0.0000e+000
           4 3.1645e+002 9.2478e-001 0.0000e+000
           5 3.2839e+003 4.4199e+002 1.9394e+000
           6 4.1311e+003 2.7165e+003 1.5276e+002
           7 6.4072e+002 2.7336e+003 1.4547e+003
           8 1.6517e+003 2.4995e+002 2.3401e+003
           9 9.1150e+003 1.6407e+003 1.0357e+003
          10 1.2379e+004 7.2297e+003 3.6240e+001
          11 7.2734e+003 9.5595e+003 2.0594e+003
          12 1.0356e+003 6.1368e+003 4.9781e+003
          13 8.0307e+002 1.3586e+003 5.7995e+003
          14 6.2550e+003 1.6512e+002 3.9164e+003
          15 1.1959e+004 3.2749e+003 1.2585e+003
          16 1.3517e+004 7.5372e+003 1.3961e+001
          17 1.0720e+004 9.6896e+003 6.0334e+002
          18 6.1970e+003 8.9191e+003 2.0005e+003
          19 2.5154e+003 6.4758e+003 3.0986e+003
          20 5.8581e+002 3.9221e+003 3.4681e+003
          21 1.5949e+001 2.0759e+003 3.2829e+003
          22 1.1460e+002 9.7971e+002 2.8886e+003
          23 4.4322e+002 3.8729e+002 2.4185e+003
          24 7.6371e+002 1.0943e+002 1.9226e+003
          25 9.4269e+002 1.3223e+001 1.4422e+003
          26 9.1768e+002 6.0777e-001 9.9887e+002
          27 6.9069e+002 8.0085e+000 6.0171e+002
          28 3.5106e+002 7.7858e+000 2.7067e+002
          29 9.6896e+001 2.5940e+000 7.1392e+001
