   v'->v''           0           1           2           3           4           5
           0 1.3752e+005 9.1388e+002 1.5702e+001 5.8418e-001 1.1355e-003 0.0000e+000
           1 1.3771e+001 1.3791e+005 9.4496e+002 4.1838e+002 3.9763e+001 6.7342e-002
           2 1.8262e+002 1.0556e+003 1.8876e+005 1.7980e+003 6.0173e+003 1.2931e+002
           3 4.2385e+002 1.0092e+004 5.8069e+004 5.1542e+005 6.1843e+004 1.3401e+004
           4 6.6128e+002 2.0332e+004 1.8823e+005 6.1321e+005 1.3756e+006 1.1039e+005
           5 2.0530e+002 9.2185e+003 1.2591e+005 6.8564e+005 1.4244e+006 1.6545e+006
           6 1.5485e+002 2.1625e+003 5.6481e+003 6.8191e+003 3.8714e+005 1.4645e+006
           7 2.9482e+002 9.4164e+003 9.4844e+004 3.1978e+005 1.7396e+005 2.6574e+005
           8 1.0848e+002 1.7143e+003 5.4899e+003 2.8553e+002 9.5570e+004 1.2590e+005
           9 1.6742e+002 5.5155e+003 6.2673e+004 2.4615e+005 2.1785e+005 1.3579e+004
          10 2.3370e+002 5.5887e+003 3.8605e+004 6.3206e+004 1.1285e+002 1.1308e+005
          11 1.8484e+000 2.0687e+002 7.6558e+003 6.9176e+004 1.5755e+005 1.9818e+004
          12 2.1444e+002 6.2891e+003 6.3570e+004 2.0713e+005 1.3513e+005 2.1856e+004
          13 1.7837e+002 4.5091e+003 3.1385e+004 5.4440e+004 1.4990e+003 6.6968e+004
          14 7.3508e+000 6.6299e+001 2.0223e+002 1.4537e+004 7.0027e+004 2.9071e+004
          15 4.4964e+001 1.7021e+003 2.2696e+004 1.0280e+005 1.2111e+005 1.8674e+002
          16 8.7847e-001 3.0814e+001 3.6323e+002 1.4543e+003 1.4284e+003 7.8079e+000
          17 5.1997e+000 1.7478e+002 1.9085e+003 7.0243e+003 5.9872e+003 1.7190e+002
          18 1.4344e+001 4.7154e+002 4.9351e+003 1.7288e+004 1.3450e+004 7.4010e+002
          19 1.2489e+001 4.0584e+002 4.1516e+003 1.4150e+004 1.0432e+004 7.8480e+002
          20 4.2551e+000 1.3762e+002 1.3947e+003 4.6990e+003 3.3853e+003 2.8806e+002
