   v'->v''           0           1           2           3           4           5           6           7           8           9          10          11          12          13          14          15          16          17          18          19
           0 8.9988e+001 0.0000e+000 0.0000e+000 0.0000e+000 0.0000e+000 0.0000e+000 0.0000e+000 0.0000e+000 0.0000e+000 0.0000e+000 0.0000e+000 0.0000e+000 0.0000e+000 0.0000e+000 0.0000e+000 0.0000e+000 0.0000e+000 0.0000e+000 0.0000e+000 0.0000e+000
           1 1.2902e+004 6.3138e+002 0.0000e+000 0.0000e+000 0.0000e+000 0.0000e+000 0.0000e+000 0.0000e+000 0.0000e+000 0.0000e+000 0.0000e+000 0.0000e+000 0.0000e+000 0.0000e+000 0.0000e+000 0.0000e+000 0.0000e+000 0.0000e+000 0.0000e+000 0.0000e+000
           2 2.4813e+001 2.6516e+004 1.7894e+003 0.0000e+000 0.0000e+000 0.0000e+000 0.0000e+000 0.0000e+000 0.0000e+000 0.0000e+000 0.0000e+000 0.0000e+000 0.0000e+000 0.0000e+000 0.0000e+000 0.0000e+000 0.0000e+000 0.0000e+000 0.0000e+000 0.0000e+000
           3 1.6246e+000 4.3705e+001 4.0359e+004 3.5257e+003 0.0000e+000 0.0000e+000 0.0000e+000 0.0000e+000 0.0000e+000 0.0000e+000 0.0000e+000 0.0000e+000 0.0000e+000 0.0000e+000 0.0000e+000 0.0000e+000 0.0000e+000 0.0000e+000 0.0000e+000 0.0000e+000
           4 1.1489e-002 7.0226e+000 3.7488e+001 5.3816e+004 5.7035e+003 0.0000e+000 0.0000e+000 0.0000e+000 0.0000e+000 0.0000e+000 0.0000e+000 0.0000e+000 0.0000e+000 0.0000e+000 0.0000e+000 0.0000e+000 0.0000e+000 0.0000e+000 0.0000e+000 0.0000e+000
           5 6.1550e-004 1.5090e-002 1.8621e+001 9.3290e+000 6.6229e+004 8.1530e+003 0.0000e+000 0.0000e+000 0.0000e+000 0.0000e+000 0.0000e+000 0.0000e+000 0.0000e+000 0.0000e+000 0.0000e+000 0.0000e+000 0.0000e+000 0.0000e+000 0.0000e+000 0.0000e+000
           6 1.8978e-002 1.4466e-001 3.6865e-001 3.9229e+001 9.3857e+000 7.6809e+004 1.0712e+004 0.0000e+000 0.0000e+000 0.0000e+000 0.0000e+000 0.0000e+000 0.0000e+000 0.0000e+000 0.0000e+000 0.0000e+000 0.0000e+000 0.0000e+000 0.0000e+000 0.0000e+000
           7 2.8081e-004 6.4973e-001 3.2794e-003 1.2851e+000 6.7846e+001 1.6909e+002 8.4570e+004 1.3236e+004 0.0000e+000 0.0000e+000 0.0000e+000 0.0000e+000 0.0000e+000 0.0000e+000 0.0000e+000 0.0000e+000 0.0000e+000 0.0000e+000 0.0000e+000 0.0000e+000
           8 8.7666e-003 1.6585e-001 1.3264e-001 1.6679e-001 4.4264e+000 9.9493e+001 7.6814e+002 8.8263e+004 1.5618e+004 0.0000e+000 0.0000e+000 0.0000e+000 0.0000e+000 0.0000e+000 0.0000e+000 0.0000e+000 0.0000e+000 0.0000e+000 0.0000e+000 0.0000e+000
           9 5.6150e-003 4.5019e-002 2.0199e-002 5.8190e-001 2.5820e-001 1.1759e+001 1.1656e+002 2.3385e+003 8.6209e+004 1.7766e+004 5.5311e-002 0.0000e+000 0.0000e+000 0.0000e+000 0.0000e+000 0.0000e+000 0.0000e+000 0.0000e+000 0.0000e+000 0.0000e+000
          10 1.1651e-003 2.7157e-001 1.9055e-002 7.0775e-002 2.3031e-001 8.3957e-001 2.7138e+001 8.7623e+001 5.8088e+003 7.6458e+004 1.9529e+004 7.3488e+000 0.0000e+000 0.0000e+000 0.0000e+000 0.0000e+000 0.0000e+000 0.0000e+000 0.0000e+000 0.0000e+000
          11 3.7571e-003 1.8888e-001 8.7486e-002 9.9820e-003 4.5410e-003 5.1347e-002 3.2708e+000 5.3520e+001 7.6251e+000 1.2156e+004 5.8317e+004 2.0647e+004 2.1440e+001 0.0000e+000 0.0000e+000 0.0000e+000 0.0000e+000 0.0000e+000 0.0000e+000 0.0000e+000
          12 4.5672e-004 1.4990e-003 1.2363e-002 1.9159e-001 2.3795e-003 3.2874e-004 2.1579e-002 1.0939e+001 8.3486e+001 2.2197e+002 2.0489e+004 3.3090e+004 2.0170e+004 1.2808e+001 0.0000e+000 0.0000e+000 0.0000e+000 0.0000e+000 0.0000e+000 0.0000e+000
          13 1.9614e-004 8.6727e-002 2.1605e-003 2.0214e-001 9.8481e-002 2.7818e-003 3.8787e-004 9.7207e-001 3.0398e+001 3.6295e+001 2.2968e+003 2.5413e+004 8.3608e+003 1.5781e+004 2.6451e+000 0.0000e+000 0.0000e+000 0.0000e+000 0.0000e+000 0.0000e+000
          14 5.1756e-004 8.1172e-002 5.3969e-003 5.5138e-002 9.6901e-002 2.6287e-002 5.8581e-004 1.2480e-001 6.4014e+000 4.7523e+001 1.5014e+002 7.3273e+003 1.4888e+004 9.6061e+001 6.4579e+003 5.7483e+001 0.0000e+000 0.0000e+000 0.0000e+000 0.0000e+000
          15 2.7592e-004 3.2801e-002 2.3264e-003 8.8554e-003 3.8172e-002 2.1195e-002 8.5851e-006 3.2563e-002 1.3409e+000 1.8112e+001 7.1805e+000 1.7322e+003 6.3826e+003 6.5701e+002 2.3157e+003 3.8534e+002 2.5782e+001 0.0000e+000 0.0000e+000 0.0000e+000
          16 1.0605e-004 1.1534e-002 8.0270e-004 1.9085e-003 1.3182e-002 9.2816e-003 7.2576e-005 1.0841e-002 3.8084e-001 6.1760e+000 5.5856e-001 5.0386e+002 2.2708e+003 4.6741e+002 6.5670e+002 2.8695e+002 4.3011e+000 1.5259e-001 0.0000e+000 0.0000e+000
          17 7.6855e-005 7.9979e-003 5.4627e-004 9.6904e-004 9.0412e-003 7.1668e-003 1.1092e-004 7.4396e-003 2.3868e-001 4.2144e+000 8.8014e-002 3.1752e+002 1.5836e+003 4.2766e+002 3.9171e+002 2.6060e+002 4.9895e-001 7.5920e-001 0.0000e+000 0.0000e+000
          18 4.5069e-005 4.5561e-003 3.0621e-004 4.3359e-004 5.1096e-003 4.3792e-003 9.6867e-005 4.2321e-003 1.2756e-001 2.3756e+000 4.6412e-003 1.6981e+002 9.0563e+002 2.8703e+002 1.9824e+002 1.7251e+002 1.4291e-002 8.0275e-001 1.3674e-003 0.0000e+000
