   v'->v''           0           1
           0 0.0000e+000 0.0000e+000
           1 0.0000e+000 0.0000e+000
           2 0.0000e+000 0.0000e+000
           3 0.0000e+000 0.0000e+000
           4 0.0000e+000 0.0000e+000
           5 0.0000e+000 0.0000e+000
           6 0.0000e+000 0.0000e+000
           7 0.0000e+000 0.0000e+000
           8 0.0000e+000 0.0000e+000
           9 0.0000e+000 0.0000e+000
          10 0.0000e+000 0.0000e+000
          11 2.6214e-011 0.0000e+000
          12 5.7793e-007 0.0000e+000
          13 3.4357e-006 0.0000e+000
          14 5.6243e-006 3.9674e-010
          15 3.5465e-006 3.4662e-011
          16 1.5031e-006 4.2233e-010
          17 1.1524e-006 7.4309e-010
          18 7.0322e-007 7.0613e-010
