   v'->v''           0           1           2           3           4           5           6           7           8
           0 0.0000e+000 0.0000e+000 0.0000e+000 0.0000e+000 0.0000e+000 0.0000e+000 0.0000e+000 0.0000e+000 0.0000e+000
           1 0.0000e+000 0.0000e+000 0.0000e+000 0.0000e+000 0.0000e+000 0.0000e+000 0.0000e+000 0.0000e+000 0.0000e+000
           2 0.0000e+000 0.0000e+000 0.0000e+000 0.0000e+000 0.0000e+000 0.0000e+000 0.0000e+000 0.0000e+000 0.0000e+000
           3 0.0000e+000 0.0000e+000 0.0000e+000 0.0000e+000 0.0000e+000 0.0000e+000 0.0000e+000 0.0000e+000 0.0000e+000
           4 0.0000e+000 0.0000e+000 0.0000e+000 0.0000e+000 0.0000e+000 0.0000e+000 0.0000e+000 0.0000e+000 0.0000e+000
           5 0.0000e+000 0.0000e+000 0.0000e+000 0.0000e+000 0.0000e+000 0.0000e+000 0.0000e+000 0.0000e+000 0.0000e+000
           6 0.0000e+000 0.0000e+000 0.0000e+000 0.0000e+000 0.0000e+000 0.0000e+000 0.0000e+000 0.0000e+000 0.0000e+000
           7 0.0000e+000 0.0000e+000 0.0000e+000 0.0000e+000 0.0000e+000 0.0000e+000 0.0000e+000 0.0000e+000 0.0000e+000
           8 0.0000e+000 0.0000e+000 0.0000e+000 0.0000e+000 0.0000e+000 0.0000e+000 0.0000e+000 0.0000e+000 0.0000e+000
           9 0.0000e+000 0.0000e+000 0.0000e+000 0.0000e+000 0.0000e+000 0.0000e+000 0.0000e+000 0.0000e+000 0.0000e+000
          10 0.0000e+000 0.0000e+000 0.0000e+000 0.0000e+000 0.0000e+000 0.0000e+000 0.0000e+000 0.0000e+000 0.0000e+000
          11 0.0000e+000 0.0000e+000 0.0000e+000 0.0000e+000 0.0000e+000 0.0000e+000 0.0000e+000 0.0000e+000 0.0000e+000
          12 0.0000e+000 0.0000e+000 0.0000e+000 0.0000e+000 0.0000e+000 0.0000e+000 0.0000e+000 0.0000e+000 0.0000e+000
          13 0.0000e+000 0.0000e+000 0.0000e+000 0.0000e+000 0.0000e+000 0.0000e+000 0.0000e+000 0.0000e+000 0.0000e+000
          14 0.0000e+000 0.0000e+000 0.0000e+000 0.0000e+000 0.0000e+000 0.0000e+000 0.0000e+000 0.0000e+000 0.0000e+000
          15 0.0000e+000 0.0000e+000 0.0000e+000 0.0000e+000 0.0000e+000 0.0000e+000 0.0000e+000 0.0000e+000 0.0000e+000
          16 0.0000e+000 0.0000e+000 0.0000e+000 0.0000e+000 0.0000e+000 0.0000e+000 0.0000e+000 0.0000e+000 0.0000e+000
          17 0.0000e+000 0.0000e+000 0.0000e+000 0.0000e+000 0.0000e+000 0.0000e+000 0.0000e+000 0.0000e+000 0.0000e+000
          18 0.0000e+000 0.0000e+000 0.0000e+000 0.0000e+000 0.0000e+000 0.0000e+000 0.0000e+000 0.0000e+000 0.0000e+000
          19 0.0000e+000 0.0000e+000 0.0000e+000 0.0000e+000 0.0000e+000 0.0000e+000 0.0000e+000 0.0000e+000 0.0000e+000
          20 0.0000e+000 0.0000e+000 0.0000e+000 0.0000e+000 0.0000e+000 0.0000e+000 0.0000e+000 0.0000e+000 0.0000e+000
          21 2.3149e-006 0.0000e+000 0.0000e+000 0.0000e+000 0.0000e+000 0.0000e+000 0.0000e+000 0.0000e+000 0.0000e+000
          22 5.4265e-003 1.6413e-006 0.0000e+000 0.0000e+000 0.0000e+000 0.0000e+000 0.0000e+000 0.0000e+000 0.0000e+000
          23 4.1649e-003 3.0183e-003 0.0000e+000 0.0000e+000 0.0000e+000 0.0000e+000 0.0000e+000 0.0000e+000 0.0000e+000
          24 2.0456e-001 3.1239e-002 4.7512e-004 0.0000e+000 0.0000e+000 0.0000e+000 0.0000e+000 0.0000e+000 0.0000e+000
          25 8.9296e-001 9.6604e-002 4.1497e-003 0.0000e+000 0.0000e+000 0.0000e+000 0.0000e+000 0.0000e+000 0.0000e+000
          26 1.8307e+000 1.5592e-001 5.0645e-003 1.9799e-002 0.0000e+000 0.0000e+000 0.0000e+000 0.0000e+000 0.0000e+000
          27 2.3470e+000 1.5242e-001 1.4662e-001 1.4086e-001 2.0096e-009 0.0000e+000 0.0000e+000 0.0000e+000 0.0000e+000
          28 2.0259e+000 8.5029e-002 5.9999e-001 3.0834e-001 5.8917e-003 0.0000e+000 0.0000e+000 0.0000e+000 0.0000e+000
          29 1.1109e+000 1.4417e-002 1.2752e+000 3.4801e-001 8.5266e-002 1.4116e-006 0.0000e+000 0.0000e+000 0.0000e+000
          30 2.6106e-001 7.5435e-003 1.8388e+000 2.0760e-001 3.2934e-001 3.8314e-004 0.0000e+000 0.0000e+000 0.0000e+000
          31 8.3674e-003 8.3215e-002 1.9924e+000 3.4983e-002 6.8467e-001 2.2197e-003 3.8941e-006 0.0000e+000 0.0000e+000
          32 4.0969e-001 2.0222e-001 1.6942e+000 2.0747e-002 9.6187e-001 3.8580e-002 4.0686e-003 0.0000e+000 0.0000e+000
          33 1.0797e+000 2.9689e-001 1.1450e+000 2.0250e-001 1.0030e+000 1.3624e-001 9.7443e-003 1.1288e-008 0.0000e+000
          34 1.4627e+000 3.0822e-001 6.0923e-001 4.1009e-001 7.9585e-001 2.3690e-001 7.2416e-003 1.3371e-003 0.0000e+000
          35 1.1284e+000 2.0743e-001 2.3839e-001 3.8256e-001 4.3778e-001 2.1421e-001 2.2860e-003 3.0839e-003 0.0000e+000
          36 3.5719e-001 6.2315e-002 5.4304e-002 1.3001e-001 1.1944e-001 7.2400e-002 3.6495e-004 1.3110e-003 1.1291e-007
