   v'->v''           0           1           2           3           4           5           6           7           8           9          10          11          12          13          14          15          16          17          18          19          20          21          22          23          24          25          26          27          28          29          30          31          32
           0 6.3213e+006 5.9499e+000 7.7524e-002 1.1850e+005 5.8040e+002 2.8676e+002 7.5621e+003 1.2828e+003 1.2607e+001 2.5833e+001 4.0454e+001 1.5118e+001 3.2206e+000 2.0015e-001 7.8437e-003 1.9904e-002 2.1453e-003 1.2331e-003 3.9881e-003 2.7936e-003 8.6788e-004 8.6258e-005 4.2636e-006 3.1592e-005 2.2680e-005 6.6405e-006 7.1511e-007 7.6991e-009 0.0000e+000 0.0000e+000 0.0000e+000 0.0000e+000 0.0000e+000
           1 1.0517e+006 2.6465e-001 3.1274e+001 3.9541e+006 1.4691e+004 6.6899e+002 3.9942e+004 3.0737e+004 2.1623e+004 2.6835e+004 7.5197e+003 5.3995e+002 1.7794e+001 1.5145e+002 9.9951e+001 2.6855e+001 2.1350e+000 1.7982e-001 7.9131e-001 4.1996e-001 5.9003e-002 3.6759e-003 4.0003e-002 4.5059e-002 2.5610e-002 8.7550e-003 1.6076e-003 5.7648e-005 4.6534e-005 9.7269e-005 6.0583e-005 2.1726e-005 5.1295e-006
           2 9.4400e+004 1.8319e+002 7.0611e+002 1.7594e+006 4.3058e+003 1.0237e+004 1.5817e+006 4.9211e+005 5.9439e+004 5.9138e+002 3.0517e+004 4.8555e+004 3.5567e+004 1.3056e+004 1.8785e+003 8.2411e-001 2.5847e+002 2.9978e+002 1.3842e+002 2.9223e+001 7.7163e-001 1.9408e+000 3.8825e+000 2.6340e+000 9.3142e-001 1.2759e-001 3.2645e-003 7.2358e-002 1.0842e-001 9.0905e-002 5.6153e-002 2.8121e-002 1.0831e-002
           3 7.9855e+003 5.9478e+003 1.7951e+004 2.4243e+005 4.6401e+004 7.9307e+004 1.6299e+006 3.6773e+005 1.8484e+005 5.3283e+005 3.4732e+005 7.9379e+004 6.7639e+002 2.2117e+004 4.2344e+004 3.2416e+004 1.4301e+004 3.3173e+003 1.5212e+002 1.4571e+002 4.0210e+002 3.3657e+002 1.5981e+002 4.3394e+001 3.7411e+000 7.8678e-001 4.6212e+000 5.6007e+000 4.0999e+000 2.2049e+000 9.2273e-001 3.0445e-001 7.5317e-002
           4 4.2667e-028 9.1158e-016 2.8142e-013 3.2532e-015 2.7884e-011 1.4058e-009 2.4657e-009 3.7450e-008 6.8386e-007 3.7671e-006 4.8750e-005 3.4398e-004 2.9356e-003 2.3994e-002 1.7859e-001 1.3338e+000 7.7651e+000 4.4986e+001 2.3247e+002 1.0758e+003 4.4529e+003 1.6319e+004 5.1845e+004 1.4483e+005 3.4795e+005 7.0588e+005 1.1800e+006 1.5625e+006 1.5337e+006 9.7132e+005 2.7678e+005 3.8938e+003 6.6886e+003
           5 9.1084e-027 5.9393e-014 1.6700e-011 2.0337e-013 1.4933e-009 6.7780e-008 1.1585e-007 1.6556e-006 2.7422e-005 1.4307e-004 1.6176e-003 1.1064e-002 8.5781e-002 6.2881e-001 4.2126e+000 2.7448e+001 1.4400e+002 7.2360e+002 3.2153e+003 1.2611e+004 4.3280e+004 1.2796e+005 3.2019e+005 6.6490e+005 1.1006e+006 1.3570e+006 1.0714e+006 3.3099e+005 2.4734e+004 7.7882e+005 1.2919e+006 3.6926e+005 2.4718e+004
           6 4.3747e-025 1.7782e-012 4.5711e-010 5.8524e-012 3.6993e-008 1.5152e-006 2.5209e-006 3.3963e-005 5.1122e-004 2.5255e-003 2.5123e-002 1.6576e-001 1.1689e+000 7.7017e+000 4.6476e+001 2.6543e+002 1.2501e+003 5.4553e+003 2.0831e+004 6.9044e+004 1.9543e+005 4.6165e+005 8.8438e+005 1.3034e+006 1.3440e+006 7.6661e+005 7.6987e+004 1.8796e+005 6.9300e+005 2.3758e+005 2.7974e+005 1.3732e+006 5.8895e+004
           7 3.1801e-023 3.4383e-011 8.1065e-009 1.0895e-010 5.9492e-007 2.2025e-005 3.5617e-005 4.5307e-004 6.2043e-003 2.8996e-002 2.5530e-001 1.6167e+000 1.0373e+001 6.1505e+001 3.3423e+002 1.6784e+003 7.0615e+003 2.6740e+004 8.7448e+004 2.4326e+005 5.6112e+005 1.0357e+006 1.4466e+006 1.3660e+006 6.5373e+005 2.2892e+004 2.9227e+005 6.8471e+005 1.6265e+005 1.7733e+005 3.5822e+005 2.8602e+005 9.5211e+005
           8 9.2794e-021 4.7361e-010 1.0277e-007 1.4479e-009 6.8530e-006 2.2967e-004 3.6044e-004 4.3353e-003 5.4063e-002 2.3880e-001 1.8717e+000 1.1317e+001 6.6067e+001 3.5290e+002 1.7260e+003 7.6381e+003 2.8555e+004 9.3603e+004 2.6064e+005 6.0168e+005 1.1080e+006 1.5339e+006 1.4231e+006 6.5502e+005 1.6880e+004 3.2029e+005 7.0149e+005 1.7033e+005 1.4950e+005 4.4307e+005 1.9647e+003 1.6400e+005 6.9416e+005
           9 2.5511e-009 5.1757e-007 1.7133e-007 3.4204e-007 3.3305e-005 6.5429e-004 1.0436e-003 1.3293e-002 1.5390e-001 6.7333e-001 5.0174e+000 2.9800e+001 1.6749e+002 8.5890e+002 4.0282e+003 1.6965e+004 6.0434e+004 1.8693e+005 4.8734e+005 1.0405e+006 1.7383e+006 2.1093e+006 1.5870e+006 4.4510e+005 3.1470e+004 7.3119e+005 7.6936e+005 2.1086e+004 4.6323e+005 3.5137e+005 1.2901e+005 9.6197e+004 6.9385e+005
          10 9.1055e-020 4.9585e-009 9.9461e-007 1.4664e-008 6.0445e-005 1.8384e-003 2.7964e-003 3.1870e-002 3.6261e-001 1.5131e+000 1.0630e+001 6.1083e+001 3.2477e+002 1.5656e+003 6.8924e+003 2.6949e+004 8.9104e+004 2.5214e+005 5.9337e+005 1.1194e+006 1.5945e+006 1.5391e+006 7.6414e+005 3.7585e+004 2.8278e+005 7.4063e+005 2.4652e+005 8.9296e+004 4.8797e+005 1.9291e+004 3.4255e+005 2.1860e+004 2.3830e+003
          11 2.8885e-019 4.1707e-008 7.7722e-006 1.1974e-007 4.3156e-004 1.1936e-002 1.7572e-002 1.9009e-001 1.9759e+000 7.7825e+000 4.9294e+001 2.6788e+002 1.2975e+003 5.6501e+003 2.2369e+004 7.7319e+004 2.2471e+005 5.4549e+005 1.0708e+006 1.6081e+006 1.6725e+006 9.5692e+005 1.0331e+005 1.9391e+005 7.5852e+005 3.8588e+005 2.3829e+004 4.9420e+005 1.2264e+005 2.1611e+005 1.4953e+005 2.3622e+005 8.0335e+004
          12 2.6754e-018 2.8785e-007 5.0141e-005 8.0587e-007 2.5524e-003 6.4374e-002 9.1606e-002 9.4269e-001 8.9699e+000 3.3335e+001 1.9157e+002 9.8045e+002 4.3295e+003 1.7052e+004 6.0673e+004 1.8539e+005 4.7061e+005 9.7176e+005 1.5622e+006 1.7930e+006 1.2205e+006 2.5254e+005 8.0974e+004 7.1020e+005 5.7993e+005 2.7232e+003 4.1794e+005 3.0520e+005 6.4208e+004 3.4123e+005 2.7563e+004 1.5178e+005 3.3575e+005
          13 4.6569e-017 1.6825e-006 2.7598e-004 4.6211e-006 1.2919e-002 2.9786e-001 4.0913e-001 4.0131e+000 3.5010e+001 1.2267e+002 6.4310e+002 3.0865e+003 1.2427e+004 4.4283e+004 1.4135e+005 3.8091e+005 8.3730e+005 1.4502e+006 1.8529e+006 1.5089e+006 5.1145e+005 4.5162e+003 5.6275e+005 7.7211e+005 9.2131e+004 2.5115e+005 4.9392e+005 1.0606e+003 3.7748e+005 4.1617e+004 2.6909e+005 3.1904e+001 1.1710e+004
          14 4.1210e-015 8.3884e-006 1.3161e-003 2.2917e-005 5.6830e-002 1.2015e+000 1.5912e+000 1.4910e+001 1.1950e+002 3.9460e+002 1.8974e+003 8.5084e+003 3.1246e+004 1.0075e+005 2.8790e+005 6.8165e+005 1.2840e+006 1.8286e+006 1.7705e+006 8.8019e+005 4.2102e+004 3.3130e+005 8.7441e+005 3.2576e+005 6.6050e+004 5.7155e+005 1.2196e+005 2.2071e+005 2.6382e+005 9.2527e+004 1.6709e+005 1.6211e+005 5.4067e+003
          15 6.8064e-003 3.4296e+002 4.2038e+002 2.4715e-001 3.1185e+002 1.0308e+002 4.1764e+001 5.9171e+001 4.1702e+002 1.1825e+002 5.5730e+003 1.1865e+004 5.9151e+004 1.5490e+005 4.6626e+005 1.0060e+006 1.8210e+006 2.3862e+006 2.0473e+006 7.9785e+005 1.0636e+002 6.4073e+005 1.0695e+006 2.0036e+005 2.3544e+005 7.0663e+005 3.3893e+004 4.2526e+005 1.8112e+005 2.4167e+005 9.6336e+004 2.6207e+005 6.5369e+003
          16 8.3589e-015 3.7271e-005 5.5057e-003 9.9772e-005 2.2067e-001 4.2890e+000 5.4698e+000 4.9066e+001 3.6185e+002 1.1254e+003 4.9853e+003 2.0813e+004 6.9685e+004 2.0316e+005 5.1783e+005 1.0701e+006 1.7019e+006 1.9305e+006 1.2984e+006 2.5724e+005 9.9247e+004 7.9440e+005 6.4312e+005 4.4533e+003 4.4618e+005 3.8831e+005 2.9445e+004 4.2833e+005 6.3187e+003 3.1301e+005 2.9928e+001 1.7098e+005 1.5222e+005
          17 7.9029e-015 1.4316e-004 2.0655e-002 3.8858e-004 7.7001e-001 1.3806e+001 1.6937e+001 1.4576e+002 9.9093e+002 2.9012e+003 1.1889e+004 4.6061e+004 1.4053e+005 3.6986e+005 8.3707e+005 1.4957e+006 1.9677e+006 1.6898e+006 6.5625e+005 2.3893e+002 5.3291e+005 8.9525e+005 1.7981e+005 1.8353e+005 6.0315e+005 4.4535e+004 3.2637e+005 2.1015e+005 1.4125e+005 1.8265e+005 1.4952e+005 1.5883e+004 5.9273e+004
          18 1.6887e-014 4.8320e-004 6.9459e-002 1.3558e-003 2.4196e+000 4.0143e+001 4.7324e+001 3.9157e+002 2.4579e+003 6.7704e+003 2.5747e+004 9.2290e+004 2.5625e+005 6.0725e+005 1.2124e+006 1.8481e+006 1.9498e+006 1.1565e+006 1.4617e+005 2.0050e+005 9.0594e+005 5.5101e+005 3.9189e+003 5.4901e+005 3.2416e+005 7.2697e+004 4.4703e+005 9.1032e+002 3.4354e+005 1.4041e+003 2.4123e+005 5.4632e+004 1.6401e+004
          19 2.8714e-014 1.4254e-003 2.1374e-001 4.3235e-003 6.9837e+000 1.0757e+002 1.2175e+002 9.7047e+002 5.6327e+003 1.4588e+004 5.1610e+004 1.7064e+005 4.3034e+005 9.1459e+005 1.5967e+006 2.0363e+006 1.6398e+006 5.5136e+005 5.8020e+003 6.3875e+005 8.9823e+005 1.2764e+005 2.5142e+005 6.1625e+005 2.5426e+004 3.7257e+005 2.0648e+005 1.5084e+005 2.1976e+005 1.2394e+005 8.3685e+004 1.7410e+005 4.4816e+004
          20 4.8078e-013 3.0287e-003 6.0634e-001 1.2574e-002 1.8496e+001 2.6552e+002 2.8837e+002 2.2187e+003 1.1923e+004 2.9014e+004 9.5674e+004 2.9094e+005 6.6470e+005 1.2601e+006 1.9010e+006 1.9720e+006 1.1118e+006 1.1414e+005 2.4530e+005 9.5710e+005 5.3664e+005 9.4753e+003 5.9102e+005 3.2501e+005 8.1501e+004 4.7492e+005 2.9439e+003 3.6132e+005 1.4607e+004 2.7978e+005 4.7391e+003 1.1769e+005 8.4516e+004
          21 5.5319e-002 1.8310e+006 7.9008e+005 4.5573e+002 1.1520e+005 8.5169e+003 6.5967e+004 1.3976e+004 1.0113e+005 6.7292e+004 4.3987e+004 9.0109e+005 1.5338e+004 1.6933e+006 3.3366e+005 1.8222e+006 1.0480e+005 1.1314e+005 3.4708e+005 4.5796e+005 1.3436e+005 1.5021e+004 4.5544e+005 3.9319e+004 6.1170e+004 2.5139e+005 1.7281e+004 1.6867e+005 1.4286e+003 1.3197e+005 2.3650e+004 3.0917e+004 4.5597e+004
          22 2.6372e-011 1.3325e-002 1.5151e+000 3.4015e-002 4.5587e+001 6.1013e+002 6.3480e+002 4.7254e+003 2.3542e+004 5.3776e+004 1.6541e+005 4.6119e+005 9.5080e+005 1.5957e+006 2.0456e+006 1.6513e+006 5.4388e+005 7.5094e+003 6.5951e+005 9.2772e+005 1.3634e+005 2.5252e+005 6.4837e+005 3.5351e+004 3.6968e+005 2.5268e+005 1.2043e+005 2.8713e+005 7.0679e+004 1.8253e+005 1.3854e+005 6.6824e+003 7.5754e+004
          23 6.7204e-011 2.3080e-002 3.6678e+000 8.5151e-002 1.0489e+002 1.3166e+003 1.3126e+003 9.4659e+003 4.3752e+004 9.3731e+004 2.6902e+005 6.8529e+005 1.2687e+006 1.8661e+006 1.9853e+006 1.1581e+006 1.3211e+005 2.2662e+005 9.6866e+005 5.9530e+005 2.7686e+003 5.8518e+005 3.8753e+005 5.3116e+004 5.0959e+005 2.1110e+004 3.5139e+005 6.2421e+004 2.6437e+005 1.6244e+004 2.2369e+005 4.4599e+004 3.0812e+003
          24 4.2278e-010 3.3733e-002 8.1552e+000 1.9871e-001 2.2580e+002 2.6643e+003 2.5442e+003 1.7805e+004 7.6402e+004 1.5333e+005 4.1040e+005 9.5141e+005 1.5713e+006 1.9980e+006 1.7026e+006 6.2172e+005 8.7414e+002 6.0928e+005 9.8140e+005 2.0067e+005 1.9473e+005 6.9390e+005 8.1451e+004 3.1495e+005 3.4575e+005 5.9717e+004 3.6758e+005 1.4827e+004 2.8340e+005 4.6008e+004 1.1771e+005 1.4956e+005 1.9108e+004
          25 4.4608e-009 1.8709e-002 1.6894e+001 4.3739e-001 4.5970e+002 5.1063e+003 4.6702e+003 3.1770e+004 1.2658e+005 2.3763e+005 5.9230e+005 1.2436e+006 1.8162e+006 1.9586e+006 1.2624e+006 2.0127e+005 1.5869e+005 9.3262e+005 7.1031e+005 3.7279e+003 5.1920e+005 5.0179e+005 1.1429e+004 5.1920e+005 8.4663e+004 2.8650e+005 1.6512e+005 1.8481e+005 1.1336e+005 2.0153e+005 4.3089e+003 1.4030e+005 8.3983e+004
          26 1.2994e-007 2.1615e-001 3.2771e+001 9.2752e-001 8.9499e+002 9.2814e+003 8.1513e+003 5.4011e+004 1.9969e+005 3.5005e+005 8.1086e+005 1.5334e+006 1.9572e+006 1.7423e+006 7.6701e+005 7.5865e+003 4.9590e+005 1.0285e+006 3.2886e+005 1.0051e+005 7.1215e+005 1.8858e+005 2.0657e+005 4.6405e+005 5.7586e+003 4.1709e+005 6.4283e+003 3.2534e+005 4.9416e+002 2.4309e+005 5.1126e+004 3.9059e+004 8.0131e+004
          27 1.3600e+000 5.4254e+006 1.1482e+004 3.0402e+003 5.0173e+005 4.9537e+005 7.4129e+002 2.1822e+005 1.0930e+003 4.3266e+004 5.0347e+003 1.6553e+005 3.8670e+005 3.6963e+005 3.0382e+005 2.4780e+005 2.2275e+005 2.0206e+005 1.2950e+005 6.3553e+004 2.1721e+004 1.2636e+003 1.9026e+003 6.6630e+003 1.1167e+004 1.2729e+004 9.0364e+003 4.9637e+003 2.9027e+003 1.6526e+003 6.4793e+002 1.4134e+002 1.6230e+001
          28 2.6779e-006 1.1090e+001 5.5109e+001 1.5457e+000 1.5304e+003 1.6406e+004 1.3500e+004 8.6746e+004 2.9960e+005 4.8989e+005 1.0504e+006 1.7735e+006 1.9536e+006 1.3717e+006 3.3371e+005 7.0050e+004 8.3544e+005 8.5787e+005 5.2505e+004 3.8573e+005 6.3682e+005 6.4212e+003 4.6078e+005 2.1977e+005 1.6358e+005 3.1200e+005 6.6036e+004 2.5999e+005 8.1864e+004 1.2110e+005 1.7084e+005 2.9970e+003 2.9261e+004
          29 9.7076e-007 1.8896e+000 9.0845e+001 3.0716e+000 2.7439e+003 2.6984e+004 2.1425e+004 1.3458e+005 4.3037e+005 6.5393e+005 1.2939e+006 1.9360e+006 1.7947e+006 9.3150e+005 6.3068e+004 3.2805e+005 1.0258e+006 5.2084e+005 1.7328e+004 6.5101e+005 3.6628e+005 7.4776e+004 5.4714e+005 2.3037e+004 3.7370e+005 1.0026e+005 2.5093e+005 8.2702e+004 2.3323e+005 7.1465e+003 1.9016e+005 7.5175e+004 3.7371e+002
          30 2.1570e-006 2.1904e-001 1.2773e+002 5.4427e+000 4.5904e+003 4.2996e+004 3.2622e+004 2.0009e+005 5.9368e+005 8.3594e+005 1.5179e+006 1.9872e+006 1.5045e+006 5.0645e+005 5.9285e+003 6.6013e+005 9.8948e+005 1.8960e+005 2.0849e+005 7.2592e+005 9.7427e+004 3.0928e+005 4.0644e+005 3.4730e+004 4.2816e+005 7.0258e-002 3.4749e+005 1.8233e+002 2.6432e+005 3.8534e+004 9.1771e+004 1.4561e+005 3.4217e+004
          31 9.3383e-006 3.6604e+000 1.3331e+002 9.1761e+000 7.3831e+003 6.5850e+004 4.7572e+004 2.8518e+005 7.8537e+005 1.0203e+006 1.6881e+006 1.9027e+006 1.1220e+006 1.8074e+005 1.4550e+005 9.2824e+005 7.5133e+005 1.1615e+004 4.9185e+005 5.7434e+005 5.0640e+002 5.1549e+005 1.6476e+005 2.1782e+005 2.8737e+005 9.1940e+004 2.6076e+005 8.8684e+004 1.4752e+005 1.6105e+005 5.4097e+003 1.2204e+005 7.8780e+004
          32 8.9497e-005 1.2803e+002 2.2404e+001 1.5452e+001 1.1945e+004 9.7736e+004 6.6508e+004 3.9072e+005 1.0034e+006 1.1928e+006 1.7801e+006 1.6902e+006 7.1795e+005 1.5271e+004 4.0643e+005 1.0370e+006 4.2141e+005 4.6709e+004 7.0344e+005 3.0089e+005 1.1347e+005 5.4607e+005 1.0547e+004 4.0018e+005 8.8973e+004 2.6766e+005 9.0306e+004 2.3717e+005 2.1270e+004 2.2398e+005 2.8548e+004 4.0782e+004 7.3314e+004
          33 6.5207e-001 1.2125e+006 1.0690e+006 6.1027e+002 4.1783e+005 1.7927e+005 1.2956e+004 1.7679e+005 1.5082e+006 8.2835e+005 7.9692e+005 8.7279e+005 4.2741e+005 2.1890e+005 1.1443e+005 1.1765e+006 3.8894e-001 2.2678e+004 8.6488e+005 9.4209e+002 8.4061e+004 3.7726e+005 5.8638e+004 2.5570e+005 6.5412e+002 1.9174e+005 3.5707e+003 2.3315e+005 2.5378e+004 7.3479e+004 6.0762e+004 3.1893e+002 2.4218e+004
          34 1.1540e+000 2.1451e+006 1.9678e+006 6.4645e+002 4.2840e+005 3.1451e+003 1.2418e+005 4.1448e+005 4.2035e+004 5.1114e+005 1.0794e+006 5.0441e+005 1.5552e+004 1.2135e+005 8.8435e+005 2.9508e+004 3.9824e+005 4.0618e+005 3.2672e+004 2.4048e+005 3.4484e+005 4.8805e+004 3.5817e+002 1.8031e+005 1.8394e+003 1.7327e+005 1.7004e+003 6.3704e+004 6.7445e+001 9.6896e+004 6.4966e+004 8.4832e+002 7.9939e+003
          35 8.3925e-004 1.2385e+003 2.3808e+003 2.0189e+001 1.5643e+004 1.8886e+005 1.2417e+005 6.8219e+005 1.4158e+006 1.4418e+006 1.7095e+006 1.0043e+006 1.0334e+005 1.7608e+005 9.2914e+005 6.8324e+005 7.9121e+003 5.2423e+005 5.5607e+005 9.2386e+002 5.3621e+005 1.6082e+005 2.0980e+005 3.0542e+005 7.5686e+004 2.9541e+005 6.2185e+004 2.0058e+005 1.1943e+005 5.0355e+004 1.7896e+005 3.9568e+004 1.0757e+003
          36 7.8376e-004 5.9872e+002 1.0377e+003 2.6887e+001 2.1479e+004 2.5844e+005 1.5840e+005 8.4894e+005 1.6214e+006 1.4836e+006 1.5109e+006 6.2340e+005 1.9267e+003 4.1567e+005 9.9078e+005 3.8670e+005 4.2341e+004 7.0909e+005 3.0700e+005 1.0391e+005 5.6771e+005 1.4735e+004 3.8171e+005 1.1680e+005 2.3716e+005 1.3549e+005 2.0338e+005 6.4220e+004 2.2345e+005 1.0547e+002 1.3984e+005 1.0771e+005 1.3350e+004
          37 1.6194e-003 3.4034e+002 6.4949e+001 2.7066e+001 2.4754e+004 3.5130e+005 1.9963e+005 1.0341e+006 1.7867e+006 1.4635e+006 1.2372e+006 2.9352e+005 5.2702e+004 6.5521e+005 8.9881e+005 1.3056e+005 2.1115e+005 7.4567e+005 8.6167e+004 3.0667e+005 4.3898e+005 2.9831e+004 4.3279e+005 5.6569e+003 3.5005e+005 1.4830e+004 2.9589e+005 3.1263e+001 2.2740e+005 5.4208e+004 5.1500e+004 1.3126e+005 5.2074e+004
          38 6.2440e-003 2.1273e+001 3.6337e+003 1.2408e+001 2.1345e+004 5.0167e+005 2.5232e+005 1.2385e+006 1.8932e+006 1.3825e+006 9.0380e+005 6.4754e+004 2.3719e+005 8.0707e+005 6.8443e+005 3.5189e+003 4.1281e+005 6.2847e+005 1.0366e+002 4.7805e+005 2.2943e+005 1.9410e+005 3.2539e+005 3.8004e+004 3.2919e+005 2.0378e+004 2.6344e+005 5.6644e+004 1.3092e+005 1.5030e+005 6.2232e+002 8.9065e+004 7.5886e+004
          39 8.1731e-002 5.7525e+003 1.7946e+005 7.2138e+001 6.6283e+001 1.0276e+006 3.5139e+005 1.4578e+006 1.7977e+006 1.2278e+006 4.5532e+005 2.7610e+004 5.1665e+005 6.8117e+005 4.0924e+005 1.1975e+005 4.3363e+005 4.2233e+005 1.5585e+005 4.1736e+005 5.4739e+004 4.5498e+005 9.0571e+004 1.6167e+005 1.7275e+005 1.4178e+005 1.1794e+005 1.8272e+005 1.5551e+004 1.7196e+005 3.2411e+004 2.0988e+004 5.6030e+004
          40 1.1793e+000 1.8534e+005 3.5175e+006 3.9604e+003 5.3747e+005 1.8960e+006 1.1712e+005 7.4497e+004 2.4543e+003 3.2092e+004 1.6016e+005 6.6530e+005 4.1222e+004 1.6127e+005 6.1604e+003 5.4486e+005 1.7777e+005 2.7128e+004 4.1584e+005 1.6091e+005 2.7680e+002 1.3595e+005 2.3960e+005 9.3458e+002 1.7521e+004 1.6118e+004 2.5711e+004 1.3605e+004 6.4775e+004 1.2581e+004 3.9217e+003 8.4426e+003 1.4550e+003
          41 1.1634e-001 3.0873e+004 4.1827e+005 7.4432e+002 1.7992e+005 7.4778e+004 1.8398e+005 1.2233e+006 1.7829e+006 7.7584e+005 4.5701e+005 4.6823e+002 5.9527e+005 9.9442e+005 1.1301e+005 3.1418e+004 8.5596e+005 9.7727e+004 6.9119e+004 6.6692e+005 4.0209e+003 2.9674e+005 1.1074e+005 3.2444e+005 7.3232e+004 2.0199e+005 4.6657e+004 1.9936e+005 1.3594e+003 1.8211e+005 9.1975e+004 2.8081e+002 2.6658e+004
          42 3.6021e-002 1.4677e+004 1.3240e+005 2.9988e+002 9.3920e+004 3.0960e+005 2.9044e+005 1.5844e+006 1.7951e+006 6.5477e+005 1.6713e+005 1.3401e+005 9.1067e+005 7.3553e+005 8.0440e+003 2.4846e+005 7.1040e+005 7.8910e+003 2.9061e+005 4.2305e+005 1.0548e+005 3.6698e+005 1.0195e+002 4.0561e+005 1.3905e+002 2.7966e+005 1.1817e+003 2.1529e+005 4.3156e+004 8.5840e+004 1.6012e+005 2.6426e+004 1.5657e+003
          43 3.2512e-002 1.4703e+004 8.8486e+004 1.7503e+002 5.8282e+004 4.0966e+005 3.4825e+005 1.7778e+006 1.5933e+006 4.0322e+005 1.8481e+004 4.1044e+005 1.0501e+006 4.2705e+005 4.5171e+004 4.2399e+005 4.8364e+005 3.8430e+004 4.0309e+005 1.8521e+005 3.0780e+005 2.3978e+005 6.5391e+004 3.3896e+005 6.3664e+004 2.1539e+005 6.9588e+004 1.2025e+005 1.3608e+005 9.1004e+003 1.4860e+005 8.6377e+004 9.1523e+003
          44 4.7299e-002 1.8989e+004 6.5951e+004 5.8303e+001 1.8105e+004 4.4596e+005 3.9785e+005 1.9201e+006 1.2284e+006 1.4552e+005 2.7801e+004 7.5372e+005 9.9856e+005 1.2598e+005 2.8549e+005 4.5662e+005 2.1290e+005 2.3688e+005 3.4470e+005 2.5098e+004 5.0781e+005 6.0369e+004 2.0619e+005 1.6967e+005 2.2909e+005 7.4698e+004 1.8263e+005 1.7498e+004 1.8046e+005 1.5266e+004 7.1001e+004 1.2029e+005 4.2938e+004
          45 9.4877e-002 2.8292e+004 3.6238e+004 1.3967e+001 8.1749e+003 3.8708e+005 4.2613e+005 1.9110e+006 6.3286e+005 1.2313e+001 2.5602e+005 1.0160e+006 6.6095e+005 6.8074e+003 7.0608e+005 2.4800e+005 1.5987e+004 5.4251e+005 1.1310e+005 1.8748e+004 5.4587e+005 1.7096e+004 2.6249e+005 1.5371e+004 3.6274e+005 2.0489e+003 2.0571e+005 2.2339e+004 1.0608e+005 9.2586e+004 2.4413e+003 7.9320e+004 6.5001e+004
          46 1.9743e-001 3.7976e+004 1.0700e+003 6.4022e+002 2.6441e+005 1.5280e+005 3.2212e+005 1.2604e+006 2.2153e+004 3.0207e+005 5.9857e+005 7.2486e+005 9.5518e+004 4.1032e+005 8.8889e+005 8.0231e+002 7.2627e+004 5.9980e+005 4.0470e+004 1.1480e+005 2.4065e+005 3.2943e+005 7.3056e+004 5.3443e+004 2.2239e+005 1.8207e+005 4.5648e+004 1.5111e+005 1.6278e+002 9.9194e+004 4.3373e+004 2.9015e+003 2.8014e+004
          47 2.2618e-001 2.4342e+004 3.7683e+004 2.0285e+003 7.9575e+005 3.0944e+003 6.4455e+004 1.5426e+005 4.3280e+005 8.0935e+005 3.7838e+005 3.5623e+004 1.6067e+005 7.9979e+005 2.5070e+005 4.8948e+005 1.8250e+005 1.2380e+005 5.4042e+005 4.1718e+004 1.8577e+003 4.8548e+005 6.8994e+004 1.3694e+005 2.2646e+002 2.8639e+005 5.8565e+004 9.9966e+004 1.1658e+005 1.4677e+003 7.7573e+004 4.5506e+004 3.1347e+003
          48 1.3799e-001 5.6918e+003 1.0811e+005 2.2934e+003 8.7000e+005 1.4201e+005 3.4910e+003 7.5603e+004 1.0392e+006 6.0202e+005 1.9081e+004 2.2079e+005 5.6652e+005 3.9447e+005 2.0349e+004 9.1565e+005 4.1642e+004 3.1332e+004 6.5119e+005 2.3828e+004 1.5891e+005 1.5264e+005 3.8508e+005 2.6576e+004 1.2752e+005 7.2606e+004 2.4803e+005 4.5269e+001 1.6258e+005 7.0474e+004 8.9049e+003 7.0188e+004 4.1170e+004
          49 8.1389e-002 3.8622e+002 1.4257e+005 1.9593e+003 7.1885e+005 2.2550e+005 4.1696e+004 3.2220e+005 1.0394e+006 2.5345e+005 7.0944e+004 6.3846e+005 5.5133e+005 5.8208e+004 3.0531e+005 7.7343e+005 1.5745e+004 2.0758e+005 3.6529e+005 2.0475e+005 1.8991e+005 1.4063e+003 4.7139e+005 1.7411e+004 2.0188e+005 2.1314e+003 2.3606e+005 7.9183e+004 6.2772e+004 1.5478e+005 1.5992e+004 2.2576e+004 4.2501e+004
          50 5.8060e-002 1.9173e+002 1.5919e+005 1.6252e+003 5.7331e+005 2.0866e+005 6.1625e+004 4.2365e+005 8.1106e+005 5.7518e+004 3.1360e+005 8.4348e+005 3.3494e+005 1.0797e+004 5.7773e+005 4.5094e+005 1.8455e+005 2.8005e+005 1.0992e+005 4.0879e+005 8.9249e+004 5.0769e+004 3.4963e+005 1.4736e+005 1.3232e+005 7.9656e+004 1.1382e+005 1.9213e+005 1.0523e+003 1.4232e+005 8.1412e+004 1.8673e+002 1.6248e+004
          51 4.8905e-002 1.3287e+003 1.6754e+005 1.3026e+003 4.3624e+005 1.3619e+005 5.7488e+004 3.9735e+005 5.4027e+005 1.5877e+001 6.0058e+005 8.2182e+005 1.1456e+005 1.5427e+005 6.8120e+005 1.5720e+005 4.5950e+005 2.0888e+005 2.5024e+003 5.1487e+005 5.1009e+003 1.4577e+005 1.6349e+005 3.1099e+005 3.0404e+004 1.7284e+005 1.5727e+004 2.2944e+005 3.4012e+004 6.7359e+004 1.2861e+005 2.8835e+004 1.0693e+002
          52 4.6013e-002 2.8218e+003 1.6670e+005 9.4731e+002 2.9325e+005 4.9294e+004 3.8559e+004 2.9491e+005 2.9141e+005 5.2137e+004 8.4107e+005 6.1550e+005 2.6396e+003 3.7584e+005 5.8762e+005 6.7123e+003 7.1412e+005 7.1019e+004 4.1726e+004 4.6717e+005 3.8564e+004 1.7730e+005 2.8113e+004 3.9767e+005 4.9666e+003 1.8781e+005 1.0064e+004 1.6699e+005 1.2607e+005 5.6394e+003 1.1330e+005 7.8543e+004 1.2523e+004
          53 4.5569e-002 4.2192e+003 1.5160e+005 5.5559e+002 1.4883e+005 4.0775e+002 1.5750e+004 1.6278e+005 1.0451e+005 1.7836e+005 9.4239e+005 3.0952e+005 6.4265e+004 5.4420e+005 3.4546e+005 5.6951e+004 8.0650e+005 2.6958e+002 1.5227e+005 2.8680e+005 2.0591e+005 1.1170e+005 5.4752e+003 3.4222e+005 1.0219e+005 1.0827e+005 8.3315e+004 5.8758e+004 1.9257e+005 1.7780e+004 4.9235e+004 9.8838e+004 4.2318e+004
          54 4.4588e-002 5.0307e+003 1.1864e+005 1.9983e+002 3.5907e+004 4.8107e+004 1.2972e+003 5.1551e+004 1.0436e+004 3.1497e+005 8.3252e+005 5.6381e+004 2.7996e+005 5.3733e+005 9.3308e+004 2.6180e+005 6.5096e+005 1.1754e+005 2.1353e+005 8.4947e+004 4.0776e+005 1.7299e+004 6.9822e+004 1.7737e+005 2.6062e+005 1.4280e+004 1.4899e+005 3.4880e+002 1.6521e+005 9.5659e+004 1.5911e+003 6.5400e+004 5.7468e+004
          55 4.0854e-002 4.8620e+003 7.3828e+004 1.0171e+001 9.0297e+002 2.0912e+005 3.1160e+003 1.8757e+003 8.5598e+003 3.8159e+005 5.4318e+005 1.5159e+004 5.1120e+005 3.4326e+005 8.3369e+002 4.5366e+005 3.2948e+005 4.0312e+005 1.5394e+005 2.5403e+001 4.8168e+005 1.9244e+004 1.2105e+005 3.1370e+004 3.4145e+005 1.9803e+004 1.2739e+005 3.8756e+004 6.8519e+004 1.5652e+005 2.4134e+004 1.3865e+004 3.9522e+004
          56 3.4295e-002 3.8276e+003 3.2839e+004 5.7409e+001 5.6716e+004 4.1780e+005 1.6919e+004 1.1992e+004 5.2108e+004 3.4245e+005 2.3004e+005 2.0410e+005 5.9297e+005 1.0847e+005 1.1347e+005 4.7284e+005 6.4830e+004 6.6719e+005 3.9803e+004 6.0428e+004 3.6647e+005 1.5871e+005 9.1774e+004 5.4673e+003 2.7236e+005 1.3887e+005 4.4808e+004 1.1273e+005 2.8645e+003 1.3412e+005 8.9934e+004 2.7655e+003 9.5760e+003
          57 2.6738e-002 2.4950e+003 8.0229e+003 2.7284e+002 1.6320e+005 5.7486e+005 3.0140e+004 4.1858e+004 8.5144e+004 2.3634e+005 4.0351e+004 4.7620e+005 4.8832e+005 9.1695e+002 3.0660e+005 3.2369e+005 4.7933e+003 7.3399e+005 3.2648e+003 1.5993e+005 1.6933e+005 3.3575e+005 2.4107e+004 6.8100e+004 1.2733e+005 2.6455e+005 1.3682e+001 1.3246e+005 2.1992e+004 5.8713e+004 1.2575e+005 3.9609e+004 6.3654e+002
          58 1.9983e-002 1.3692e+003 9.6109e+001 5.2333e+002 2.6579e+005 6.2784e+005 3.4160e+004 5.6319e+004 8.5838e+004 1.2680e+005 2.2838e+003 6.7171e+005 2.9160e+005 6.1781e+004 4.3039e+005 1.3500e+005 1.1069e+005 5.9691e+005 9.7613e+004 1.9241e+005 3.1048e+004 4.2720e+005 1.7448e+003 1.2159e+005 2.2413e+004 2.9936e+005 4.1535e+004 8.5304e+004 8.4256e+004 5.4174e+003 1.0225e+005 8.1315e+004 1.7555e+004
          59 1.4789e-002 6.3033e+002 2.7921e+003 7.1682e+002 3.3377e+005 5.8643e+005 2.8888e+004 4.8009e+004 6.4114e+004 5.0544e+004 5.8280e+004 7.3030e+005 1.1483e+005 2.2233e+005 4.3041e+005 1.8537e+004 2.5776e+005 3.6874e+005 2.7320e+005 1.4353e+005 2.0900e+003 3.9671e+005 5.6541e+004 1.1561e+005 2.0753e+003 2.3884e+005 1.3446e+005 2.4446e+004 1.2395e+005 8.3491e+003 4.9324e+004 9.1939e+004 4.0705e+004
          60 1.1120e-002 2.2869e+002 9.8761e+003 8.2928e+002 3.6422e+005 4.8866e+005 1.8829e+004 2.7511e+004 3.7205e+004 1.1837e+004 1.4331e+005 6.7670e+005 1.6380e+004 3.9764e+005 3.3767e+005 7.8989e+003 3.5561e+005 1.6171e+005 4.5137e+005 6.2879e+004 5.0069e+004 2.8621e+005 1.6180e+005 6.6566e+004 3.9199e+004 1.3783e+005 2.1888e+005 3.0672e+001 1.1537e+005 4.9487e+004 8.8285e+003 7.0135e+004 5.2040e+004
          61 8.5409e-003 4.9567e+001 1.7642e+004 8.6496e+002 3.6267e+005 3.6427e+005 8.4654e+003 7.9426e+003 1.5581e+004 1.7247e+002 2.1768e+005 5.5342e+005 5.9075e+003 5.3097e+005 2.0511e+005 8.3905e+004 3.7160e+005 3.3561e+004 5.7313e+005 6.3267e+003 1.1954e+005 1.5431e+005 2.7092e+005 1.5962e+004 8.6961e+004 4.9295e+004 2.5518e+005 2.7756e+004 7.1574e+004 9.3451e+004 1.5779e+003 3.4555e+004 4.6272e+004
          62 6.6117e-003 4.8089e-001 2.3903e+004 8.2514e+002 3.3175e+005 2.3327e+005 1.4326e+003 7.6842e+000 3.2586e+003 3.6136e+003 2.5948e+005 3.9524e+005 6.9945e+004 5.8548e+005 8.2065e+004 2.0449e+005 3.0850e+005 9.4358e+002 6.0022e+005 1.2792e+004 1.6327e+005 4.9587e+004 3.3825e+005 1.0998e+003 1.0872e+005 4.0468e+003 2.3036e+005 9.2928e+004 2.2965e+004 1.1118e+005 2.5130e+004 6.7783e+003 2.8469e+004
          63 5.1380e-003 1.5987e+001 2.7611e+004 7.2659e+002 2.7993e+005 1.1870e+005 4.4646e+002 1.0247e+004 1.0360e+001 1.2032e+004 2.6328e+005 2.4019e+005 1.8055e+005 5.5460e+005 9.9116e+003 3.2098e+005 2.0008e+005 4.8931e+004 5.3226e+005 9.3028e+004 1.5871e+005 2.1856e+003 3.4030e+005 3.8995e+004 9.2545e+004 6.6687e+003 1.6205e+005 1.6303e+005 1.5191e+002 9.4163e+004 6.0536e+004 7.6047e+002 9.9251e+003
          64 3.9794e-003 5.1534e+001 2.8513e+004 5.8945e+002 2.1631e+005 3.7618e+004 6.6573e+003 3.9762e+004 2.6449e+003 1.8572e+004 2.3456e+005 1.1481e+005 3.0515e+005 4.5428e+005 8.6556e+003 3.9465e+005 8.9694e+004 1.4102e+005 3.9705e+005 2.2898e+005 1.1158e+005 1.3572e+004 2.8086e+005 1.2081e+005 5.1179e+004 3.8916e+004 8.2500e+004 2.0678e+005 1.7076e+004 5.4570e+004 8.5729e+004 1.6408e+004 3.7676e+002
          65 3.0090e-003 7.9493e+001 2.6481e+004 4.2959e+002 1.4815e+005 1.3869e+003 1.9399e+004 8.3492e+004 6.9936e+003 1.9723e+004 1.8217e+005 3.3680e+004 4.0754e+005 3.1072e+005 7.5908e+004 3.9880e+005 1.5968e+004 2.3114e+005 2.3495e+005 3.7760e+005 4.7982e+004 6.2193e+004 1.8263e+005 2.1566e+005 1.1502e+004 7.2591e+004 2.2426e+004 2.0423e+005 6.6459e+004 1.5609e+004 8.5787e+004 4.1908e+004 3.5728e+003
          66 2.2126e-003 8.7640e+001 2.2340e+004 2.7545e+002 8.6812e+004 1.3456e+004 3.6202e+004 1.3190e+005 9.5584e+003 1.5680e+004 1.2240e+005 1.3178e+003 4.6384e+005 1.6698e+005 1.8740e+005 3.3729e+005 2.7768e+003 2.8212e+005 9.7134e+004 4.9163e+005 4.8774e+003 1.1455e+005 8.5036e+004 2.8709e+005 1.1781e+003 8.5169e+004 1.1495e+002 1.6037e+005 1.2463e+005 1.6365e+000 6.2298e+004 6.1414e+004 1.5920e+004
          67 1.5546e-003 7.5404e+001 1.6935e+004 1.4640e+002 3.9547e+004 6.5783e+004 5.3110e+004 1.7254e+005 8.7366e+003 8.9180e+003 6.8143e+004 8.7193e+003 4.6088e+005 5.7776e+004 3.0472e+005 2.3252e+005 4.8270e+004 2.7523e+005 1.6526e+004 5.3277e+005 9.0402e+003 1.4096e+005 1.9532e+004 3.0716e+005 3.1980e+004 6.9951e+004 1.2468e+004 9.5933e+004 1.6408e+005 1.6039e+004 2.9264e+004 6.3895e+004 2.9160e+004
          68 1.0306e-003 5.1007e+001 1.1389e+004 5.7489e+001 1.0987e+004 1.3923e+005 6.5638e+004 1.9413e+005 5.3051e+003 2.9072e+003 2.9008e+004 3.8363e+004 4.0381e+005 4.9634e+003 3.8768e+005 1.2230e+005 1.2679e+005 2.1790e+005 1.8513e+003 4.9023e+005 6.3935e+004 1.2934e+005 4.8625e+001 2.7081e+005 9.2921e+004 3.8376e+004 4.0446e+004 3.8582e+004 1.6787e+005 5.3858e+004 5.2298e+003 4.9227e+004 3.5435e+004
