   v'->v''           0           1           2           3           4           5           6           7           8           9          10          11          12          13          14          15          16          17          18
           0 0.0000e+000 0.0000e+000 0.0000e+000 0.0000e+000 0.0000e+000 0.0000e+000 0.0000e+000 0.0000e+000 0.0000e+000 0.0000e+000 0.0000e+000 0.0000e+000 0.0000e+000 0.0000e+000 0.0000e+000 0.0000e+000 0.0000e+000 0.0000e+000 0.0000e+000
           1 5.3542e+003 0.0000e+000 0.0000e+000 0.0000e+000 0.0000e+000 0.0000e+000 0.0000e+000 0.0000e+000 0.0000e+000 0.0000e+000 0.0000e+000 0.0000e+000 0.0000e+000 0.0000e+000 0.0000e+000 0.0000e+000 0.0000e+000 0.0000e+000 0.0000e+000
           2 3.3097e+003 6.0605e+003 0.0000e+000 0.0000e+000 0.0000e+000 0.0000e+000 0.0000e+000 0.0000e+000 0.0000e+000 0.0000e+000 0.0000e+000 0.0000e+000 0.0000e+000 0.0000e+000 0.0000e+000 0.0000e+000 0.0000e+000 0.0000e+000 0.0000e+000
           3 1.1427e+003 6.5149e+003 4.8791e+003 0.0000e+000 0.0000e+000 0.0000e+000 0.0000e+000 0.0000e+000 0.0000e+000 0.0000e+000 0.0000e+000 0.0000e+000 0.0000e+000 0.0000e+000 0.0000e+000 0.0000e+000 0.0000e+000 0.0000e+000 0.0000e+000
           4 3.4661e+002 3.1219e+003 8.3775e+003 3.2486e+003 0.0000e+000 0.0000e+000 0.0000e+000 0.0000e+000 0.0000e+000 0.0000e+000 0.0000e+000 0.0000e+000 0.0000e+000 0.0000e+000 0.0000e+000 0.0000e+000 0.0000e+000 0.0000e+000 0.0000e+000
           5 1.1637e+002 1.2080e+003 5.2439e+003 8.7499e+003 1.8357e+003 0.0000e+000 0.0000e+000 0.0000e+000 0.0000e+000 0.0000e+000 0.0000e+000 0.0000e+000 0.0000e+000 0.0000e+000 0.0000e+000 0.0000e+000 0.0000e+000 0.0000e+000 0.0000e+000
           6 3.4799e+001 4.8077e+002 2.4945e+003 6.9223e+003 7.9601e+003 8.6001e+002 0.0000e+000 0.0000e+000 0.0000e+000 0.0000e+000 0.0000e+000 0.0000e+000 0.0000e+000 0.0000e+000 0.0000e+000 0.0000e+000 0.0000e+000 0.0000e+000 0.0000e+000
           7 1.1819e+001 1.7252e+002 1.1446e+003 3.9429e+003 7.8255e+003 6.4877e+003 3.0940e+002 0.0000e+000 0.0000e+000 0.0000e+000 0.0000e+000 0.0000e+000 0.0000e+000 0.0000e+000 0.0000e+000 0.0000e+000 0.0000e+000 0.0000e+000 0.0000e+000
           8 5.7151e+000 6.7581e+001 4.8416e+002 2.0521e+003 5.2104e+003 7.8418e+003 4.7733e+003 7.0144e+001 0.0000e+000 0.0000e+000 0.0000e+000 0.0000e+000 0.0000e+000 0.0000e+000 0.0000e+000 0.0000e+000 0.0000e+000 0.0000e+000 0.0000e+000
           9 2.5688e+000 3.3174e+001 2.1792e+002 1.0020e+003 3.0904e+003 6.0606e+003 7.0852e+003 3.1531e+003 4.9015e+000 0.0000e+000 0.0000e+000 0.0000e+000 0.0000e+000 0.0000e+000 0.0000e+000 0.0000e+000 0.0000e+000 0.0000e+000 0.0000e+000
          10 7.6280e-001 1.5785e+001 1.1029e+002 5.0705e+002 1.6843e+003 4.0073e+003 6.2893e+003 5.7839e+003 1.8378e+003 0.0000e+000 0.0000e+000 0.0000e+000 0.0000e+000 0.0000e+000 0.0000e+000 0.0000e+000 0.0000e+000 0.0000e+000 0.0000e+000
          11 1.7135e-001 6.1643e+000 5.4845e+001 2.6937e+002 9.3038e+002 2.4332e+003 4.6006e+003 5.8295e+003 4.2194e+003 9.1053e+002 0.0000e+000 0.0000e+000 0.0000e+000 0.0000e+000 0.0000e+000 0.0000e+000 0.0000e+000 0.0000e+000 0.0000e+000
          12 6.7369e-002 2.2936e+000 2.5607e+001 1.4294e+002 5.3733e+002 1.4685e+003 3.0755e+003 4.7319e+003 4.8060e+003 2.7029e+003 3.6145e+002 0.0000e+000 0.0000e+000 0.0000e+000 0.0000e+000 0.0000e+000 0.0000e+000 0.0000e+000 0.0000e+000
          13 7.0401e-002 1.1105e+000 1.2307e+001 7.5703e+001 3.0996e+002 8.9289e+002 1.9898e+003 3.3904e+003 4.2533e+003 3.4512e+003 1.4545e+003 1.0619e+002 0.0000e+000 0.0000e+000 0.0000e+000 0.0000e+000 0.0000e+000 0.0000e+000 0.0000e+000
          14 8.4561e-002 7.5583e-001 6.6850e+000 4.1418e+001 1.7545e+002 5.3609e+002 1.2569e+003 2.2864e+003 3.2146e+003 3.2063e+003 2.0495e+003 6.0188e+002 1.9739e+001 0.0000e+000 0.0000e+000 0.0000e+000 0.0000e+000 0.0000e+000 0.0000e+000
          15 7.7479e-002 5.6889e-001 3.9899e+000 2.3354e+001 9.7803e+001 3.1244e+002 7.6313e+002 1.4633e+003 2.1870e+003 2.4579e+003 1.9483e+003 9.0542e+002 1.7033e+002 2.0349e+000 0.0000e+000 0.0000e+000 0.0000e+000 0.0000e+000 0.0000e+000
          16 5.2517e-002 3.7848e-001 2.3104e+000 1.2688e+001 5.1854e+001 1.6964e+002 4.2584e+002 8.4719e+002 1.3154e+003 1.5811e+003 1.3924e+003 8.1357e+002 2.4810e+002 2.6406e+001 1.6544e-001 0.0000e+000 0.0000e+000 0.0000e+000 0.0000e+000
          17 2.6003e-002 1.9253e-001 1.1049e+000 5.8236e+000 2.3395e+001 7.7265e+001 1.9681e+002 3.9950e+002 6.3435e+002 7.8922e+002 7.2955e+002 4.7356e+002 1.7744e+002 3.1115e+001 1.7644e+000 1.0413e-001 0.0000e+000 0.0000e+000 0.0000e+000
          18 9.7645e-003 7.3766e-002 4.1414e-001 2.1434e+000 8.5452e+000 2.8306e+001 7.2536e+001 1.4847e+002 2.3813e+002 3.0057e+002 2.8328e+002 1.9147e+002 7.7521e+001 1.6060e+001 1.2973e+000 1.9201e-001 9.7865e-002 1.0343e-011 0.0000e+000
          19 3.4997e-003 2.6669e-002 1.4864e-001 7.6424e-001 3.0383e+000 1.0074e+001 2.5870e+001 5.3110e+001 8.5502e+001 1.0848e+002 1.0295e+002 7.0574e+001 2.9346e+001 6.4224e+000 5.8736e-001 6.6840e-002 1.1646e-001 2.1941e-003 5.0651e-006
