   v'->v''           0           1           2           3           4           5           6           7           8           9          10          11          12          13          14          15          16          17          18          19          20          21          22          23          24          25          26          27          28          29          30          31          32
           0 0.0000e+000 0.0000e+000 0.0000e+000 0.0000e+000 0.0000e+000 0.0000e+000 0.0000e+000 0.0000e+000 0.0000e+000 0.0000e+000 0.0000e+000 0.0000e+000 0.0000e+000 0.0000e+000 0.0000e+000 0.0000e+000 0.0000e+000 0.0000e+000 0.0000e+000 0.0000e+000 0.0000e+000 0.0000e+000 0.0000e+000 0.0000e+000 0.0000e+000 0.0000e+000 0.0000e+000 0.0000e+000 0.0000e+000 0.0000e+000 0.0000e+000 0.0000e+000 0.0000e+000
           1 1.1662e+003 1.6788e-001 3.9734e-001 0.0000e+000 0.0000e+000 0.0000e+000 0.0000e+000 0.0000e+000 0.0000e+000 0.0000e+000 0.0000e+000 0.0000e+000 0.0000e+000 0.0000e+000 0.0000e+000 0.0000e+000 0.0000e+000 0.0000e+000 0.0000e+000 0.0000e+000 0.0000e+000 0.0000e+000 0.0000e+000 0.0000e+000 0.0000e+000 0.0000e+000 0.0000e+000 0.0000e+000 0.0000e+000 0.0000e+000 0.0000e+000 0.0000e+000 0.0000e+000
           2 7.3322e+002 1.3072e+001 5.8124e+001 8.2033e+002 1.6897e+002 1.4441e+002 4.0836e+000 0.0000e+000 0.0000e+000 0.0000e+000 0.0000e+000 0.0000e+000 0.0000e+000 0.0000e+000 0.0000e+000 0.0000e+000 0.0000e+000 0.0000e+000 0.0000e+000 0.0000e+000 0.0000e+000 0.0000e+000 0.0000e+000 0.0000e+000 0.0000e+000 0.0000e+000 0.0000e+000 0.0000e+000 0.0000e+000 0.0000e+000 0.0000e+000 0.0000e+000 0.0000e+000
           3 9.7743e+001 4.3732e+002 1.8228e+003 2.9863e+003 3.5640e+003 5.7557e+003 1.4206e+003 3.9284e+003 3.1382e+003 1.8689e+002 0.0000e+000 0.0000e+000 0.0000e+000 0.0000e+000 0.0000e+000 0.0000e+000 0.0000e+000 0.0000e+000 0.0000e+000 0.0000e+000 0.0000e+000 0.0000e+000 0.0000e+000 0.0000e+000 0.0000e+000 0.0000e+000 0.0000e+000 0.0000e+000 0.0000e+000 0.0000e+000 0.0000e+000 0.0000e+000 0.0000e+000
           4 3.2248e+001 7.4344e+003 2.4557e+004 2.3788e+001 4.4588e+004 5.8374e+004 2.6231e+004 2.4146e+004 2.0808e+004 4.3429e+001 7.1080e+003 2.5338e+003 6.3724e+000 0.0000e+000 0.0000e+000 0.0000e+000 0.0000e+000 0.0000e+000 0.0000e+000 0.0000e+000 0.0000e+000 0.0000e+000 0.0000e+000 0.0000e+000 0.0000e+000 0.0000e+000 0.0000e+000 0.0000e+000 0.0000e+000 0.0000e+000 0.0000e+000 0.0000e+000 0.0000e+000
           5 1.1199e+001 7.4348e+004 1.7355e+005 1.7538e+003 2.1900e+005 1.8721e+005 6.4816e+003 1.0057e+005 2.6300e+004 4.4930e+003 1.3328e+004 2.4810e+001 5.5819e+003 4.8003e+003 4.4037e+002 0.0000e+000 0.0000e+000 0.0000e+000 0.0000e+000 0.0000e+000 0.0000e+000 0.0000e+000 0.0000e+000 0.0000e+000 0.0000e+000 0.0000e+000 0.0000e+000 0.0000e+000 0.0000e+000 0.0000e+000 0.0000e+000 0.0000e+000 0.0000e+000
           6 1.6715e+000 4.5981e+005 6.3291e+005 8.0942e+002 4.4616e+005 1.6596e+005 2.1473e+003 2.4459e+004 1.8609e+004 5.8745e+004 8.1344e+002 1.6391e+004 1.1648e+004 4.2685e-002 5.5907e+003 5.7152e+003 1.2551e+003 2.7746e+000 0.0000e+000 0.0000e+000 0.0000e+000 0.0000e+000 0.0000e+000 0.0000e+000 0.0000e+000 0.0000e+000 0.0000e+000 0.0000e+000 0.0000e+000 0.0000e+000 0.0000e+000 0.0000e+000 0.0000e+000
           7 7.9866e-001 1.7249e+006 9.5811e+005 2.1197e+002 1.6471e+005 7.0258e+003 4.7144e+004 7.0212e+004 1.1314e+005 4.4903e+001 7.1230e+004 2.8941e+004 9.1647e+002 1.6829e+004 7.3107e+003 9.2009e+001 5.1628e+003 5.8059e+003 1.8858e+003 7.7144e+001 0.0000e+000 0.0000e+000 0.0000e+000 0.0000e+000 0.0000e+000 0.0000e+000 0.0000e+000 0.0000e+000 0.0000e+000 0.0000e+000 0.0000e+000 0.0000e+000 0.0000e+000
           8 5.6302e-001 3.6259e+006 1.4015e+005 1.5996e+003 1.9630e+005 3.8200e+005 5.3870e+003 1.5333e+005 1.8685e+001 8.3987e+004 3.9341e+003 4.6383e+004 5.5240e+004 3.9905e+003 8.5441e+003 1.5235e+004 3.6086e+003 5.3983e+002 5.1371e+003 5.3496e+003 2.0714e+003 1.9954e+002 0.0000e+000 0.0000e+000 0.0000e+000 0.0000e+000 0.0000e+000 0.0000e+000 0.0000e+000 0.0000e+000 0.0000e+000 0.0000e+000 0.0000e+000
           9 2.0176e-001 3.5525e+006 1.2985e+006 1.5576e+003 7.3106e+005 3.3672e+004 5.5789e+004 5.8137e+004 1.7446e+005 3.7535e+002 9.8527e+004 2.0434e+004 2.0911e+004 5.8802e+004 1.6108e+004 1.0882e+003 1.3167e+004 9.5890e+003 7.9911e+002 1.4485e+003 4.9623e+003 4.5117e+003 1.8514e+003 2.5880e+002 8.4585e-002 0.0000e+000 0.0000e+000 0.0000e+000 0.0000e+000 0.0000e+000 0.0000e+000 0.0000e+000 0.0000e+000
          10 7.5574e-002 9.8151e+005 4.8557e+006 2.8424e+003 3.4802e+005 4.6929e+005 7.7921e+003 1.8695e+005 1.5996e+004 1.1088e+005 3.4331e+003 9.1161e+004 2.5441e+004 1.2734e+004 5.2682e+004 2.4193e+004 1.2601e+002 8.1066e+003 1.1299e+004 3.6261e+003 1.0743e+001 2.4973e+003 4.4748e+003 3.4018e+003 1.3480e+003 2.1532e+002 1.0941e+000 0.0000e+000 0.0000e+000 0.0000e+000 0.0000e+000 0.0000e+000 0.0000e+000
          11 6.8254e-002 6.5259e+002 1.3929e+006 1.5188e+004 5.1953e+006 3.8910e+005 3.2133e+004 8.3798e+004 1.9121e+005 6.4299e+004 6.0971e+004 7.6955e+003 7.6708e+004 1.4910e+004 1.1711e+004 4.3435e+004 2.2600e+004 6.7951e+002 4.9966e+003 9.7868e+003 4.8924e+003 2.8880e+002 9.0714e+002 3.1136e+003 3.4410e+003 2.1121e+003 7.4775e+002 1.1481e+002 8.2242e-001 0.0000e+000 0.0000e+000 0.0000e+000 0.0000e+000
          12 7.3812e-002 2.4855e+004 1.8558e+005 4.3489e+002 4.7143e+005 4.5069e+006 4.6478e+005 7.8024e+005 1.1520e+004 1.4483e+005 2.9958e+005 7.7331e+000 5.8421e+003 7.3875e+004 8.3888e+002 1.1483e+004 3.4947e+004 1.2828e+004 2.4941e+002 4.0634e+003 7.1225e+003 3.8871e+003 3.8480e+002 4.0859e+002 1.9680e+003 2.5792e+003 1.9195e+003 9.1485e+002 2.6264e+002 3.1888e+001 9.9161e-002 0.0000e+000 0.0000e+000
          13 4.9791e-002 6.8718e+003 8.5277e+002 1.2206e+003 5.7842e+005 2.8941e+005 9.4849e+004 9.5864e+005 1.1935e+006 2.6591e+005 2.6892e+005 6.7073e+005 2.5102e+005 3.7952e+004 1.6026e+005 5.4060e+004 6.0418e+002 5.1732e+004 2.0353e+002 1.2933e+003 8.1860e+003 1.4825e+003 2.8978e+003 4.2287e+000 1.7000e+002 1.4394e+003 1.2414e+003 1.1087e+003 4.8850e+002 1.7963e+002 3.2695e+001 2.3976e+000 4.1423e-003
