   v'->v''           0           1           2           3
           0 2.9901e+004 0.0000e+000 0.0000e+000 0.0000e+000
           1 3.0958e+003 4.0124e+004 0.0000e+000 0.0000e+000
           2 6.4228e-001 8.0877e+003 5.4320e+004 0.0000e+000
           3 4.1418e-001 2.7982e+000 1.7179e+004 7.4360e+004
           4 3.3540e-001 2.3721e+000 1.1240e+002 3.6820e+004
           5 2.0383e-001 4.3612e-001 1.5991e+001 1.3693e+003
           6 4.3866e-001 8.0868e-003 1.1704e-001 1.8240e+002
           7 3.6958e-003 4.5588e-001 2.1033e-001 1.0693e+001
           8 2.7349e-001 5.6028e-002 2.4653e-001 7.7603e+000
           9 1.9981e-004 9.3206e-002 1.0239e-001 7.8581e-002
          10 1.7404e-001 4.3502e-002 2.2218e-003 1.0845e-002
          11 1.0861e-001 9.4844e-002 1.2880e-001 2.1135e-002
          12 1.6640e-004 2.6975e-003 2.6624e-002 2.4320e-003
          13 4.7392e-002 3.0405e-002 1.0987e-002 4.4698e-003
          14 8.0491e-002 5.5846e-002 4.0962e-002 1.1452e-002
          15 5.9690e-002 3.7270e-002 3.0124e-002 9.7172e-003
          16 2.7453e-002 1.4838e-002 1.1931e-002 4.2154e-003
          17 6.0818e-003 3.0243e-003 2.3963e-003 8.7602e-004
