   v'->v''           0           1           2           3           4           5           6           7           8           9          10          11          12          13
           0 2.6365e+005 4.2736e+004 3.8992e+002 6.5004e+004 1.0194e+005 2.0486e+004 9.0873e+000 0.0000e+000 0.0000e+000 0.0000e+000 0.0000e+000 0.0000e+000 0.0000e+000 0.0000e+000
           1 6.5829e+006 1.3857e+005 2.2381e+002 2.6246e+003 9.7827e+003 4.1935e+003 5.0673e+001 0.0000e+000 0.0000e+000 0.0000e+000 0.0000e+000 0.0000e+000 0.0000e+000 0.0000e+000
           2 5.0183e+005 1.2363e+006 1.6995e+005 2.9637e+002 5.8818e+003 5.7144e+004 2.5558e+004 1.5421e+002 0.0000e+000 0.0000e+000 0.0000e+000 0.0000e+000 0.0000e+000 0.0000e+000
           3 2.3212e+005 3.4998e+006 2.3280e+004 3.2469e+003 2.6196e+003 1.0432e+004 4.8283e+004 7.0764e+003 0.0000e+000 0.0000e+000 0.0000e+000 0.0000e+000 0.0000e+000 0.0000e+000
           4 1.1106e+004 1.4151e+006 7.5073e+005 8.3912e+004 4.4945e+003 1.6316e+004 6.9625e+003 5.3190e+004 5.2064e+003 0.0000e+000 0.0000e+000 0.0000e+000 0.0000e+000 0.0000e+000
           5 7.4436e+002 3.9233e+005 2.1592e+006 1.6119e+002 1.4818e+004 3.7152e+003 2.2244e+004 3.5445e+003 4.0706e+004 2.5510e+003 0.0000e+000 0.0000e+000 0.0000e+000 0.0000e+000
           6 3.8035e+002 3.8690e+004 1.6195e+006 3.5517e+005 3.8412e+004 9.9010e+002 1.1072e+002 2.6076e+004 7.4319e+002 3.1312e+004 1.5393e+003 0.0000e+000 0.0000e+000 0.0000e+000
           7 4.0639e+002 9.4744e+002 6.6742e+005 8.2940e+005 4.7310e+002 7.0192e+003 4.9867e+003 3.7905e+003 1.8853e+004 7.5148e+002 1.7799e+004 1.1170e+003 0.0000e+000 0.0000e+000
           8 2.3300e+002 1.7885e+001 1.9008e+005 6.7540e+005 2.2750e+004 1.1651e+004 1.3887e+003 1.5746e+002 9.5414e+003 4.1579e+003 5.0711e+003 4.1812e+003 6.1920e+002 0.0000e+000
