   v'->v''           0           1           2           3
           0 9.8284e+005 8.1092e+004 7.0697e+002 1.4916e-003
           1 6.5645e+005 6.5230e+005 1.5115e+005 1.8849e+001
           2 7.1722e+004 1.0046e+006 4.7449e+004 4.2661e+005
           3 4.6832e+003 7.8334e+004 3.0240e+006 1.7838e+005
           4 1.6412e+005 5.0476e+004 2.8533e+005 4.0162e+006
           5 2.7880e+005 1.2853e+004 1.8024e+005 4.3752e+002
           6 8.1641e+004 2.0450e+005 1.1251e+005 2.1180e+005
           7 2.1430e-001 4.3205e+005 2.2296e+005 1.2640e+005
           8 2.5343e+004 1.3554e+005 6.9207e+002 5.7662e+002
           9 4.1015e+004 3.3748e+003 2.8050e+005 4.0663e+004
          10 2.0232e+003 3.5976e+003 2.3440e+004 1.6808e+003
          11 1.4693e+004 3.3341e+004 1.7911e+005 1.0583e+004
          12 6.5828e+003 1.7188e+004 8.2288e+004 4.1879e+003
