   v'->v''           0           1           2           3           4           5           6           7           8           9          10          11          12          13          14          15          16          17          18          19          20          21          22          23          24          25          26          27          28          29          30          31          32          33          34          35          36          37
           0 2.2857e+007 7.4487e-004 1.0626e+001 3.2568e+006 2.3519e+002 1.7697e+001 6.3948e+004 2.9009e+003 6.6413e+002 4.1183e+002 3.1504e+000 5.9261e+001 3.9224e+001 5.9579e+000 1.2241e-002 2.4253e-001 1.1416e-001 9.3575e-003 1.0891e-005 0.0000e+000 0.0000e+000 0.0000e+000 0.0000e+000 0.0000e+000 0.0000e+000 0.0000e+000 0.0000e+000 0.0000e+000 0.0000e+000 0.0000e+000 0.0000e+000 0.0000e+000 0.0000e+000 0.0000e+000 0.0000e+000 0.0000e+000 0.0000e+000 0.0000e+000
           1 4.1910e+006 1.4244e+001 2.6831e+002 1.4033e+007 1.4537e+001 1.1450e+004 5.1087e+006 1.4743e+005 9.3397e+002 4.4825e+004 4.2458e+004 1.6267e+004 3.6376e+003 1.9596e+001 2.6418e+002 2.3118e+002 5.7882e+001 2.3969e+000 8.1850e-001 1.0215e+000 1.8428e-001 3.0034e-003 0.0000e+000 0.0000e+000 0.0000e+000 0.0000e+000 0.0000e+000 0.0000e+000 0.0000e+000 0.0000e+000 0.0000e+000 0.0000e+000 0.0000e+000 0.0000e+000 0.0000e+000 0.0000e+000 0.0000e+000 0.0000e+000
           2 5.6990e+005 7.3578e+001 1.0577e+003 6.5640e+006 1.6261e+004 8.7253e+004 7.8141e+006 2.1559e+004 5.7413e+005 3.5530e+006 1.0005e+006 7.3268e+004 1.0897e+004 5.5137e+004 3.4520e+004 8.5711e+003 3.2030e+002 3.2212e+002 5.3949e+002 2.2966e+002 3.5003e+001 2.1678e-001 1.3246e+000 6.2300e-001 1.9376e-002 0.0000e+000 0.0000e+000 0.0000e+000 0.0000e+000 0.0000e+000 0.0000e+000 0.0000e+000 0.0000e+000 0.0000e+000 0.0000e+000 0.0000e+000 0.0000e+000 0.0000e+000
           3 7.4909e+004 3.9298e-002 2.0204e+003 1.5782e+006 1.3441e+004 4.4676e+004 5.9850e+006 1.1392e+006 1.7532e+006 2.5973e+006 7.5972e+002 8.9926e+005 1.3619e+006 5.6786e+005 5.9523e+004 5.8985e+003 3.8228e+004 3.0125e+004 9.7587e+003 9.5195e+002 7.1853e+001 4.4308e+002 3.2466e+002 1.0254e+002 1.2975e+001 9.8138e-002 1.7743e-001 8.6472e-003 0.0000e+000 0.0000e+000 0.0000e+000 0.0000e+000 0.0000e+000 0.0000e+000 0.0000e+000 0.0000e+000 0.0000e+000 0.0000e+000
           4 9.4378e+003 1.4966e+004 3.6930e+003 3.3825e+005 3.3277e+003 3.8341e+004 2.3209e+006 2.7081e+004 2.1778e+005 4.2171e+006 2.7431e+006 7.4157e+005 6.9491e+002 4.1246e+005 6.7047e+005 4.2805e+005 1.1744e+005 3.8264e+003 9.6300e+003 2.0504e+004 1.3980e+004 4.7264e+003 6.0789e+002 5.1520e+000 1.6293e+002 1.6358e+002 7.2457e+001 1.6476e+001 1.4851e+000 1.0111e-002 6.7722e-005 0.0000e+000 0.0000e+000 0.0000e+000 0.0000e+000 0.0000e+000 0.0000e+000 0.0000e+000
           5 1.2140e+003 4.1547e+005 1.0599e+005 7.0398e+004 3.4579e+004 1.1082e+004 7.4050e+005 1.4145e+004 3.3889e+004 1.3245e+006 1.8917e+006 2.1682e+006 1.6966e+006 3.0608e+005 3.2500e+004 3.5972e+005 4.5703e+005 2.5857e+005 6.8926e+004 3.0227e+003 4.6808e+003 1.2288e+004 9.9832e+003 4.4100e+003 1.0333e+003 5.7474e+001 2.8681e+001 8.6117e+001 6.5812e+001 2.6749e+001 6.1018e+000 6.2451e-001 1.0934e-002 0.0000e+000 0.0000e+000 0.0000e+000 0.0000e+000 0.0000e+000
           6 1.6542e+002 2.3933e+006 8.3574e+004 1.3939e+004 4.7248e+004 3.4938e+004 1.8597e+005 4.1187e+004 1.3701e+004 3.8398e+005 4.1422e+005 9.3158e+005 1.4361e+006 9.7636e+005 2.1098e+005 4.9798e+002 1.3497e+005 2.2260e+005 1.6656e+005 6.5531e+004 1.0889e+004 4.7788e+001 3.9639e+003 5.6733e+003 3.8687e+003 1.5869e+003 3.6497e+002 2.1604e+001 9.2510e+000 3.0807e+001 2.5786e+001 1.2021e+001 3.4453e+000 5.5049e-001 3.2390e-002 4.5076e-005 0.0000e+000 0.0000e+000
           7 1.3829e+001 6.2219e+002 3.3522e+005 1.0014e+003 2.3556e+005 2.5045e+005 5.4623e+004 1.7475e+005 2.1691e+005 3.6846e+003 2.8812e+005 1.5394e+002 4.7154e+005 2.9013e+004 1.8664e+005 1.1785e+004 1.8397e+003 7.3875e+004 5.5631e+003 3.4251e+004 9.5856e+001 2.7936e+003 1.8596e+003 3.2653e+001 1.5750e+003 7.8714e+001 3.0236e+002 4.0188e-002 9.2288e+000 9.4950e+000 1.0758e+000 4.2193e+000 6.4353e-001 3.6680e-001 3.0719e-002 2.3853e-003 2.4849e-006 0.0000e+000
           8 1.1317e+001 1.6152e+004 4.2039e+005 8.4929e+002 1.7563e+005 1.3565e+005 3.6674e+004 4.4404e+004 4.9565e+004 1.3784e+004 6.2197e+004 8.3440e+004 1.5140e+005 2.2999e+005 2.4550e+004 4.1386e+004 4.1904e+004 3.2283e+002 8.8779e+004 7.8669e-001 3.4622e+004 6.4528e+003 5.9953e+003 9.6295e+003 1.1586e+003 4.5701e+003 5.8487e+002 1.0901e+003 3.4453e+002 1.5750e+002 1.1882e+002 1.5468e+001 1.8990e+001 9.7422e-001 9.0578e-001 1.3449e-002 1.1414e-003 0.0000e+000
           9 6.8058e+000 2.9411e+004 2.8496e+005 5.4102e+002 7.1058e+004 3.8990e+004 1.7272e+004 1.8070e+003 2.9742e+003 3.3293e+004 6.8401e+003 1.1261e+005 5.4510e+004 2.2136e+005 9.7041e+003 4.1413e+004 2.3366e+004 1.4567e+003 3.9710e+004 4.8033e+003 6.7327e+003 5.5186e+002 4.9278e+002 6.9949e+001 3.2432e+003 4.6860e+002 2.6047e+003 1.0522e+003 1.2699e+003 8.9282e+002 4.8699e+002 3.7131e+002 1.3223e+002 7.2652e+001 1.6112e+001 3.4829e+000 1.5106e-001 3.1471e-005
          10 3.9878e+000 2.6818e+004 1.6993e+005 3.3278e+002 2.6567e+004 1.0045e+004 8.3974e+003 7.8889e+002 1.0212e+002 3.1379e+004 5.6114e+002 8.4740e+004 2.8645e+004 1.4527e+005 9.0565e+003 2.2163e+004 7.2519e+003 4.2698e+003 1.3933e+004 9.9166e+003 8.2265e+002 3.1304e+003 1.9759e+003 7.6489e+002 3.3216e+003 4.4059e+002 1.4477e+003 2.6878e+002 2.3087e+002 5.6345e+001 2.8411e-001 1.0366e+000 2.7351e+001 2.0088e+001 2.0906e+001 7.4583e+000 1.3690e+000 1.4045e-002
