   v'->v''           0           1           2           3           4           5           6           7           8           9
           0 1.4962e+004 5.2392e+005 5.2075e+002 5.8535e+002 2.1739e+002 9.1522e+000 2.2376e-003 0.0000e+000 0.0000e+000 0.0000e+000
           1 3.1057e+004 2.1854e+004 2.7049e+005 2.9929e+005 1.1032e+004 3.7070e+002 6.2446e+002 7.0799e+001 1.3222e+000 1.5495e-004
           2 7.9787e+004 1.9428e+003 1.4538e+005 7.3159e+003 2.2801e+005 1.4462e+005 1.6538e+004 3.4339e+001 4.5596e+002 2.6440e+002
           3 1.2251e+005 6.6298e+003 1.0395e+003 7.6456e+004 5.6726e+003 7.0576e+004 1.2876e+005 6.7078e+004 1.7056e+004 2.5203e+003
           4 2.9553e-030 1.8281e-031 1.5092e-028 1.4676e-027 1.1926e-025 2.4668e-023 2.6796e-020 1.3256e-016 4.7058e-011 1.3286e-003
           5 6.2037e-028 3.8699e-029 2.2018e-026 1.8827e-025 1.3638e-023 2.4744e-021 2.2944e-018 9.3358e-015 2.1710e-009 1.8970e-002
           6 1.2523e-016 7.8543e-018 1.0421e-016 3.2413e-018 7.0574e-017 1.9814e-017 2.0409e-017 2.3596e-013 3.8410e-008 1.3782e-001
           7 4.4709e-027 2.7673e-028 1.1302e-024 1.0993e-023 7.2386e-022 1.1371e-019 8.9968e-017 3.0090e-013 4.5861e-008 1.2501e-001
           8 1.4958e-024 9.2493e-026 5.7424e-023 4.3017e-022 2.4574e-020 3.3739e-018 2.2724e-015 6.2357e-012 6.2184e-007 5.3580e-001
           9 7.4445e-023 4.4944e-024 1.9179e-021 1.2434e-020 6.1442e-019 7.2882e-017 4.1659e-014 9.3498e-011 6.0717e-006 1.6904e+000
          10 3.0662e-021 1.7533e-022 5.1314e-020 2.8113e-019 1.1697e-017 1.1904e-015 5.7667e-013 1.0579e-009 4.4793e-005 4.2717e+000
          11 1.8563e-019 9.2246e-021 1.4640e-018 5.9095e-018 1.8437e-016 1.5870e-014 6.5019e-012 9.7287e-009 2.6816e-004 9.4255e+000
          12 1.2372e-007 4.5667e-009 1.6539e-007 1.3168e-007 7.7871e-009 2.8182e-008 1.3045e-008 5.1434e-008 1.0633e-003 2.0450e+001
          13 1.4993e-018 3.0026e-020 2.0556e-018 4.0376e-017 2.3215e-015 1.7512e-013 6.0018e-011 7.3218e-008 1.3165e-003 1.8824e+001
          14 2.9162e-018 3.6375e-019 1.6119e-016 8.5239e-016 2.6789e-014 1.6518e-012 4.7633e-010 4.7284e-007 5.5515e-003 3.5820e+001
          15 1.7321e-016 1.3750e-017 2.8380e-015 1.1404e-014 2.6951e-013 1.3489e-011 3.2481e-009 2.6219e-006 2.0178e-002 6.5190e+001
          16 6.1681e-015 4.1276e-016 4.9339e-014 1.5185e-013 2.5448e-012 9.8628e-011 1.9661e-008 1.2887e-005 6.5229e-002 1.1545e+002
          17 4.1996e-013 2.3949e-014 1.4894e-012 3.0746e-012 2.6657e-011 6.5319e-010 1.0569e-007 5.6241e-005 1.8840e-001 1.9747e+002
          18 7.7735e-001 3.8894e-002 1.2738e+000 1.4956e+000 1.9204e+000 1.4271e-001 1.3790e-001 6.3170e-002 6.3961e-001 3.6618e+002
          19 1.1105e-011 5.0500e-013 9.2119e-012 4.3516e-012 3.6576e-011 3.6480e-009 5.1861e-007 2.2197e-004 4.9525e-001 3.2737e+002
          20 5.5099e-012 1.6061e-013 7.2076e-013 1.7472e-011 6.9366e-010 2.0955e-008 2.3080e-006 7.9940e-004 1.1983e+000 5.2753e+002
          21 8.8293e-012 4.1287e-014 7.2931e-011 3.2188e-010 5.5976e-009 1.1098e-007 9.4760e-006 2.6392e-003 2.6833e+000 8.2378e+002
          22 2.9683e-012 2.3552e-012 1.6921e-009 4.6295e-009 4.7027e-008 5.8558e-007 3.6503e-005 8.1171e-003 5.6616e+000 1.2617e+003
          23 9.4360e-010 3.4070e-010 6.3448e-008 1.1882e-007 6.4977e-007 3.7288e-006 1.3331e-004 2.3203e-002 1.1253e+001 1.8838e+003
          24 2.0063e+003 3.7181e+002 3.8723e+004 5.3438e+004 1.4437e+005 1.3605e+005 1.3314e+004 6.2745e+003 1.4500e+003 6.5272e+003
          25 2.0736e-007 3.3573e-008 2.9129e-006 3.5483e-006 6.5205e-006 2.0952e-008 4.0249e-004 6.3012e-002 2.1359e+001 2.7620e+003
          26 1.3150e-007 1.5097e-008 6.7111e-007 4.3001e-007 2.4461e-008 2.3465e-005 1.4211e-003 1.6050e-001 3.8998e+001 3.9822e+003
          27 5.2461e-007 4.7778e-008 1.0053e-006 1.3595e-007 5.1362e-006 1.3570e-004 4.5946e-003 3.8982e-001 6.8575e+001 5.6232e+003
          28 3.6349e-006 2.7180e-007 1.9722e-006 5.1862e-007 7.0233e-005 7.7799e-004 1.5123e-002 9.1268e-001 1.1754e+002 7.8332e+003
          29 5.2694e-005 3.2422e-006 1.8988e-006 5.8366e-005 1.2509e-003 6.8311e-003 5.9175e-002 2.0802e+000 1.9657e+002 1.0743e+004
          30 4.0582e+004 2.0390e+003 3.4174e+003 1.0135e+005 9.6048e+005 2.3885e+006 2.7430e+006 1.7163e+005 1.1945e+005 2.1037e+004
          31 4.9937e-002 2.4748e-003 5.1094e-003 1.2960e-001 1.1762e+000 2.7580e+000 2.3254e+000 2.7224e+000 3.3659e+002 1.4443e+004
          32 6.0037e-004 2.2777e-005 4.2430e-004 2.6867e-003 1.2106e-002 6.4440e-003 1.1163e-001 9.2713e+000 5.2408e+002 1.9315e+004
          33 6.7629e-004 1.7617e-005 1.3825e-003 4.6572e-003 1.0036e-002 5.7050e-004 5.2964e-001 2.0099e+001 8.3720e+002 2.5441e+004
          34 1.4900e-003 2.0252e-005 7.1305e-003 1.5464e-002 1.2718e-002 4.2171e-002 2.0851e+000 4.4453e+001 1.3252e+003 3.3041e+004
          35 5.6720e-003 1.1997e-005 6.3614e-002 9.4633e-002 1.3103e-002 6.4280e-001 1.0884e+001 1.1229e+002 2.1000e+003 4.2464e+004
          36 1.4188e-001 1.3990e-003 4.6128e+000 4.7480e+000 1.7300e-001 5.3915e+001 3.6536e+002 9.0244e+002 3.5247e+003 5.2693e+004
          37 1.2696e+003 3.5757e+001 5.8812e+004 5.4931e+004 6.5967e+003 6.9209e+005 3.6579e+006 4.0818e+006 6.1840e+004 1.8746e+005
          38 7.6854e-003 3.5110e-003 1.7220e+000 1.1871e+000 8.7270e-001 1.9760e+001 4.4895e+001 4.4202e+001 4.9702e+003 7.0017e+004
          39 1.6661e-003 5.8394e-003 1.1155e+000 4.7319e-001 1.4972e+000 1.1468e+001 4.0029e+000 3.0255e+002 8.1073e+003 8.7305e+004
          40 4.1879e-002 1.9175e-002 1.8709e+000 4.0505e-001 4.6287e+000 1.6177e+001 9.6794e-001 8.9865e+002 1.3623e+004 1.0884e+005
          41 4.2323e-001 1.0073e-001 5.5906e+000 3.7488e-001 2.2140e+001 3.8439e+001 4.4577e+001 2.9699e+003 2.5369e+004 1.3444e+005
          42 8.2431e+000 1.3757e+000 4.5067e+001 8.3613e-003 2.7038e+002 2.2956e+002 9.4272e+002 2.0315e+004 7.3022e+004 1.5984e+005
          43 4.3372e+003 6.1090e+002 1.3852e+004 5.2547e+002 1.1026e+005 5.3610e+004 4.4807e+005 4.8895e+006 4.9947e+006 5.2587e+004
          44 1.2779e+002 1.6857e+001 3.2065e+002 3.0222e+001 2.9194e+003 1.0603e+003 1.2346e+004 9.7170e+004 2.4747e+004 2.5428e+005
          45 2.4915e+001 2.7747e+000 2.9162e+001 1.6840e+001 4.1914e+002 4.5830e+001 1.8692e+003 4.3640e+003 1.7325e+004 2.9312e+005
          46 2.9366e+001 2.8617e+000 1.4572e+001 3.3408e+001 3.7187e+002 2.1221e+000 1.6558e+003 4.4005e+002 5.6271e+004 3.8081e+005
          47 6.3016e+001 5.4985e+000 1.0161e+001 9.9373e+001 6.0483e+002 1.9707e+001 2.6547e+003 2.4131e+002 1.4149e+005 5.3419e+005
          48 2.3821e+002 1.8906e+001 5.2000e+000 4.7229e+002 1.7281e+003 3.5437e+002 7.5729e+003 6.7151e+003 4.4569e+005 8.8683e+005
          49 1.8641e+003 1.3697e+002 5.5529e+000 4.3335e+003 1.0364e+004 5.5377e+003 4.6443e+004 8.9341e+004 2.4392e+006 2.0069e+006
          50 3.4903e+003 2.4520e+002 1.0165e+002 8.8187e+003 1.6289e+004 1.4008e+004 7.5115e+004 1.9410e+005 3.3706e+006 1.0025e+006
          51 9.0328e+002 5.9499e+001 1.0081e+002 2.5436e+003 3.1787e+003 5.1395e+003 1.5679e+004 5.5013e+004 4.8740e+005 1.0522e+004
          52 4.2402e+002 2.5791e+001 1.1923e+002 1.3437e+003 9.8692e+002 3.3825e+003 5.5806e+003 2.5494e+004 7.9455e+004 2.2641e+005
          53 3.4910e+002 1.9516e+001 1.8580e+002 1.2329e+003 4.7091e+002 3.6806e+003 3.3521e+003 1.9138e+004 8.1744e+003 4.7180e+005
          54 3.9014e+002 1.9929e+001 3.3858e+002 1.5226e+003 2.4068e+002 5.1989e+003 2.5625e+003 1.8851e+004 2.6886e+003 7.6500e+005
          55 5.1159e+002 2.3691e+001 6.6264e+002 2.1921e+003 8.0382e+001 8.3356e+003 2.0505e+003 2.1856e+004 3.6730e+004 1.1094e+006
          56 6.5303e+002 2.7136e+001 1.1911e+003 3.0578e+003 2.8590e-002 1.2686e+004 1.2877e+003 2.5430e+004 1.0623e+005 1.3141e+006
          57 6.4009e+002 2.3478e+001 1.5913e+003 3.2721e+003 1.2210e+002 1.4603e+004 3.5452e+002 2.3769e+004 1.5881e+005 1.0362e+006
          58 4.5319e+002 1.4194e+001 1.5309e+003 2.5463e+003 3.9450e+002 1.2136e+004 8.2522e-001 1.6956e+004 1.4318e+005 4.9497e+005
          59 2.7557e+002 6.9419e+000 1.2846e+003 1.7252e+003 6.5412e+002 8.7435e+003 2.9449e+002 1.1130e+004 9.8743e+004 1.4971e+005
          60 1.6774e+002 3.0619e+000 1.1045e+003 1.1926e+003 8.9185e+002 6.4022e+003 8.9316e+002 7.9001e+003 6.2341e+004 2.0987e+004
          61 1.0611e+002 1.1380e+000 1.0200e+003 8.7996e+002 1.1573e+003 4.9876e+003 1.6851e+003 6.2905e+003 3.8212e+004 1.1162e+003
          62 6.8043e+001 2.3802e-001 1.0044e+003 6.8527e+002 1.4863e+003 4.0945e+003 2.6988e+003 5.4720e+003 2.2681e+004 2.8474e+004
          63 4.1863e+001 3.1269e-003 1.0306e+003 5.4710e+002 1.8945e+003 3.4492e+003 3.9753e+003 4.9722e+003 1.2710e+004 7.4537e+004
          64 2.2523e+001 3.6090e-001 1.0708e+003 4.3133e+002 2.3658e+003 2.8824e+003 5.4851e+003 4.4882e+003 6.4833e+003 1.2212e+005
          65 8.7357e+000 1.3195e+000 1.0902e+003 3.2062e+002 2.8293e+003 2.2941e+003 7.0356e+003 3.8073e+003 2.8902e+003 1.5606e+005
          66 1.2108e+000 2.7811e+000 1.0549e+003 2.1337e+002 3.1648e+003 1.6670e+003 8.2618e+003 2.8628e+003 1.1113e+003 1.6422e+005
          67 5.0051e-001 4.4627e+000 9.5648e+002 1.2081e+002 3.2802e+003 1.0705e+003 8.8407e+003 1.8021e+003 4.1158e+002 1.4533e+005
          68 5.4791e+000 6.0659e+000 8.2144e+002 5.4600e+001 3.1955e+003 5.9498e+002 8.7710e+003 8.8273e+002 2.1313e+002 1.1092e+005
          69 1.4142e+001 7.4930e+000 6.8556e+002 1.6513e+001 3.0108e+003 2.7525e+002 8.3193e+003 2.7399e+002 2.2432e+002 7.4976e+004
          70 2.4971e+001 8.7714e+000 5.6535e+002 1.1569e+000 2.7977e+003 9.1165e+001 7.7029e+003 1.2919e+001 3.8615e+002 4.5053e+004
          71 3.6915e+001 9.9016e+000 4.6230e+002 2.5434e+000 2.5777e+003 1.0574e+001 7.0070e+003 7.8577e+001 7.2342e+002 2.3419e+004
          72 4.9632e+001 1.0972e+001 3.7830e+002 1.5927e+001 2.3803e+003 5.5501e+000 6.3348e+003 4.2679e+002 1.2499e+003 9.9247e+003
          73 6.3371e+001 1.2085e+001 3.1105e+002 3.8443e+001 2.2172e+003 5.5543e+001 5.7325e+003 1.0172e+003 1.9446e+003 2.8229e+003
          74 7.7613e+001 1.3154e+001 2.5392e+002 6.8101e+001 2.0632e+003 1.4737e+002 5.1446e+003 1.8013e+003 2.7180e+003 1.8582e+002
          75 9.2293e+001 1.4193e+001 2.0542e+002 1.0354e+002 1.9192e+003 2.7168e+002 4.5837e+003 2.7267e+003 3.4593e+003 3.4069e+002
          76 1.0681e+002 1.5124e+001 1.6303e+002 1.4322e+002 1.7730e+003 4.2017e+002 4.0286e+003 3.7245e+003 4.0348e+003 1.8627e+003
          77 1.1953e+002 1.5758e+001 1.2499e+002 1.8367e+002 1.6084e+003 5.7882e+002 3.4536e+003 4.6732e+003 4.2960e+003 3.6235e+003
          78 1.2946e+002 1.6029e+001 9.1828e+001 2.2165e+002 1.4286e+003 7.3338e+002 2.8796e+003 5.4661e+003 4.1824e+003 4.8644e+003
          79 1.3371e+002 1.5663e+001 6.3310e+001 2.4989e+002 1.2229e+003 8.5574e+002 2.2997e+003 5.9232e+003 3.6696e+003 5.1766e+003
