   v'->v''           0           1           2           3
           0 0.0000e+000 0.0000e+000 0.0000e+000 0.0000e+000
           1 0.0000e+000 0.0000e+000 0.0000e+000 0.0000e+000
           2 0.0000e+000 0.0000e+000 0.0000e+000 0.0000e+000
           3 0.0000e+000 0.0000e+000 0.0000e+000 0.0000e+000
           4 0.0000e+000 0.0000e+000 0.0000e+000 0.0000e+000
           5 0.0000e+000 0.0000e+000 0.0000e+000 0.0000e+000
           6 0.0000e+000 0.0000e+000 0.0000e+000 0.0000e+000
           7 0.0000e+000 0.0000e+000 0.0000e+000 0.0000e+000
           8 0.0000e+000 0.0000e+000 0.0000e+000 0.0000e+000
           9 0.0000e+000 0.0000e+000 0.0000e+000 0.0000e+000
          10 0.0000e+000 0.0000e+000 0.0000e+000 0.0000e+000
          11 7.7897e-007 0.0000e+000 0.0000e+000 0.0000e+000
          12 6.3700e-007 0.0000e+000 0.0000e+000 0.0000e+000
          13 9.7845e-006 1.7235e-007 0.0000e+000 0.0000e+000
          14 7.1693e-006 8.0027e-006 0.0000e+000 0.0000e+000
          15 2.1320e-005 1.3054e-006 3.3455e-006 0.0000e+000
          16 1.7025e-004 2.0697e-005 3.0344e-006 0.0000e+000
          17 3.0109e-004 8.3659e-005 3.6113e-006 2.6423e-008
          18 2.8234e-004 1.0302e-004 2.8844e-005 9.5066e-008
          19 1.7888e-004 7.1772e-005 4.0650e-005 9.8648e-007
          20 8.4757e-005 3.4851e-005 2.7944e-005 1.2570e-006
          21 3.4338e-005 1.4167e-005 1.3287e-005 7.5330e-007
          22 1.3886e-005 5.7274e-006 5.7369e-006 3.5576e-007
