   v'->v''           0           1           2           3
           0 0.0000e+000 0.0000e+000 0.0000e+000 0.0000e+000
           1 8.4439e+002 0.0000e+000 0.0000e+000 0.0000e+000
           2 5.8140e+000 2.1589e+003 8.6468e-002 0.0000e+000
           3 2.5035e-002 3.2519e+001 4.3390e+003 1.0882e+002
           4 6.6949e-003 4.8042e-002 1.3288e+002 8.1314e+003
           5 2.3208e-002 1.7702e-002 7.9013e-001 4.8949e+002
           6 1.7192e-001 1.4577e-001 1.4816e-001 1.2065e+001
           7 3.4204e-002 1.7703e-002 1.6995e-001 8.2166e-001
           8 2.7299e-002 2.0620e-001 1.2871e-001 9.9672e-002
           9 1.0821e-003 1.0565e-006 2.4785e-001 3.7266e-002
          10 3.1296e-002 1.1275e-001 3.3732e-003 2.3006e-001
          11 1.5270e-001 1.5243e-003 1.4659e-001 4.1311e-002
          12 7.3984e-002 3.7266e-002 1.8887e-003 3.4344e-002
          13 1.7724e-003 5.8285e-003 8.5367e-002 1.0607e-001
          14 8.5967e-002 1.7914e-002 1.3481e-002 1.5750e-001
          15 1.4317e-001 4.5504e-002 1.5430e-002 1.6539e-002
          16 1.1498e-001 2.5101e-002 3.6874e-002 5.3935e-003
          17 6.3618e-002 3.9934e-003 1.4704e-002 1.0218e-002
          18 2.8090e-002 1.5480e-006 1.0939e-003 2.7193e-003
          19 1.3882e-002 7.2757e-004 1.8864e-004 2.0998e-004
          20 7.8220e-003 1.3621e-003 1.3628e-003 5.7301e-005
          21 4.3526e-003 1.3879e-003 1.9548e-003 3.2134e-004
          22 2.1225e-003 9.3081e-004 1.5152e-003 3.4660e-004
