   v'->v''           0           1           2           3
           0 1.3798e+005 5.0528e+002 2.9110e+001 2.6867e-002
           1 9.8336e+000 1.6161e+005 2.7066e+002 1.2783e+003
           2 3.1073e+003 2.4186e+004 4.2961e+005 4.2199e+004
           3 7.6843e+003 1.3958e+005 5.7546e+005 1.4590e+006
           4 3.4487e+003 9.5263e+004 7.4119e+005 1.7186e+006
           5 1.6034e+003 1.4941e+004 3.2330e+003 2.7840e+005
           6 2.8736e+003 6.7814e+004 4.1128e+005 4.6226e+005
           7 2.5154e+003 3.4313e+004 7.5282e+004 2.2528e+003
           8 2.9223e+002 1.3502e+004 1.4517e+005 3.5326e+005
           9 3.2365e+003 6.5956e+004 3.1278e+005 2.3582e+005
          10 1.8364e+003 2.6217e+004 6.3432e+004 3.7186e+002
          11 3.2854e+001 9.1938e+001 1.6876e+004 1.0859e+005
          12 4.8383e-001 7.1323e+001 1.1892e+003 3.8599e+003
          13 7.8842e+000 4.2352e+002 4.6985e+003 1.1507e+004
          14 1.0816e+001 4.6983e+002 4.5682e+003 9.9747e+003
