   v'->v''           0           1
           0 8.0240e+005 0.0000e+000
           1 4.2388e+003 8.0215e+005
           2 2.7707e+002 6.3968e+003
           3 4.5109e+000 7.8189e+002
           4 2.7423e-002 1.9627e+001
           5 5.8001e+000 6.3315e+000
           6 2.8584e-001 1.2523e-001
           7 7.6800e-001 4.6533e-001
           8 9.8454e-002 5.3732e-002
           9 1.0638e-001 3.0540e-001
          10 7.7667e-001 2.8825e-001
          11 2.1183e+000 6.8058e-002
          12 2.7381e+000 1.2804e+000
          13 2.1424e+000 2.5021e+000
          14 1.1782e+000 2.5021e+000
          15 5.0542e-001 1.7503e+000
          16 1.8903e-001 9.9281e-001
          17 7.5502e-002 5.5405e-001
          18 3.3927e-002 3.2440e-001
          19 1.4181e-002 1.6376e-001
