   v'->v''           0           1           2           3           4           5           6           7           8           9          10          11          12          13          14          15
           0 1.4105e+007 1.0825e+005 1.4201e+001 3.7725e-002 1.2627e-002 4.3718e-002 9.9851e-003 1.6899e-005 2.2899e-004 1.4397e-004 7.0465e-005 2.9829e-008 1.6387e-006 1.8835e-008 0.0000e+000 0.0000e+000
           1 2.0427e+005 1.3564e+007 2.2680e+005 5.1544e+001 4.7220e-002 5.4110e-001 3.0628e-002 8.7665e-005 6.6129e-003 1.5620e-004 1.7383e-003 5.6662e-004 3.5921e-007 2.7810e-005 1.1587e-005 1.9053e-006
           2 6.9815e+003 4.0406e+005 1.3028e+007 3.4927e+005 2.9759e+002 8.6479e+000 4.4621e-001 5.8455e-001 1.6123e-004 6.2405e-002 6.1877e-003 6.2919e-004 1.0445e-003 3.0390e-004 5.4430e-005 8.3418e-006
           3 3.9245e+002 2.1284e+004 5.8554e+005 1.2565e+007 4.4868e+005 1.5401e+003 1.2919e+001 5.3435e+000 1.0119e+000 1.1558e+000 8.7421e-004 8.2149e-002 3.9725e-002 6.2754e-003 1.5884e-004 1.1257e-004
           4 2.1365e+001 1.4812e+003 4.4374e+004 6.9935e+005 1.2216e+007 5.3080e+005 3.3603e+003 3.1241e+001 1.8691e+001 5.6887e+000 8.9611e-001 1.4732e+000 3.2479e-001 3.8865e-003 2.5785e-002 3.4655e-002
           5 5.5512e+000 1.5492e+002 3.4702e+003 7.6981e+004 7.5765e+005 1.1839e+007 6.6239e+005 3.4087e+003 1.3840e+002 8.0267e+000 1.1092e+001 5.5021e+000 2.9856e-001 3.1703e-001 7.2098e-001 4.5181e-001
           6 4.2512e-005 3.0474e+001 4.2301e+002 8.2272e+003 1.1027e+005 8.8363e+005 1.1367e+007 8.0038e+005 7.0551e+003 8.4994e+000 2.0917e+001 2.9842e+000 3.8656e-001 2.5789e+000 1.7015e+000 4.9246e-001
           7 1.3685e-002 7.0803e-001 1.2469e+002 7.8527e+002 1.8572e+004 1.3363e+005 1.0070e+006 1.1099e+007 8.2269e+005 1.9948e+004 7.2222e+001 1.8415e+000 2.4368e+000 1.0449e+000 2.8402e-003 2.5285e-001
           8 4.8407e-001 1.0117e-001 1.4610e+001 2.1298e+002 2.1231e+003 2.7396e+004 1.7369e+005 9.2756e+005 1.1049e+007 8.1886e+005 4.1221e+004 4.4114e+002 2.4244e-001 3.6378e-001 2.3247e+000 1.4769e+000
           9 3.4035e-001 7.5193e-001 1.3929e+000 7.6944e+001 2.1938e+002 6.3576e+003 3.2356e+004 2.2682e+005 8.2943e+005 1.1120e+007 7.1891e+005 8.1619e+004 2.7609e+003 4.5822e+001 3.1360e-005 1.0403e-002
          10 2.3478e-003 2.6799e-001 5.3316e-001 2.6347e+001 6.3242e+001 9.3297e+002 9.0872e+003 4.6397e+004 2.5944e+005 6.4282e+005 1.1386e+007 5.2715e+005 1.4571e+005 1.1687e+004 7.1663e+002 3.7878e+001
          11 1.1534e-001 1.4439e-005 9.7871e-002 4.3820e+000 8.1534e+001 4.9895e+001 2.8900e+003 1.1744e+004 6.1035e+004 2.9068e+005 4.1299e+005 1.1829e+007 2.2718e+005 2.1531e+005 4.0729e+004 6.6195e+003
          12 2.8139e-002 3.1731e-003 7.6850e-003 3.2011e-002 5.8689e+001 1.0204e+001 6.5387e+002 4.0547e+003 1.6613e+004 7.6560e+004 3.1650e+005 1.4320e+005 1.2301e+007 1.9943e+003 2.0094e+005 8.3622e+004
          13 1.8620e-002 3.1985e-002 6.3818e-002 6.8602e-001 1.3526e+001 3.0764e+001 7.7691e+001 1.3645e+003 5.7924e+003 2.3241e+004 8.5647e+004 3.4480e+005 3.1203e+002 1.2234e+007 3.9011e+005 2.1103e+004
          14 9.4867e-002 1.2025e-001 2.5030e-001 7.3504e-002 1.0900e-001 4.8739e+001 2.7363e+000 4.6218e+002 2.2519e+003 8.1733e+003 2.9345e+004 8.9034e+004 4.1362e+005 3.5492e+005 1.0152e+007 1.9456e+006
          15 8.9735e-002 1.0877e-001 3.2060e-001 2.4593e-001 1.2849e+000 4.1544e+001 2.1701e-001 1.3777e+002 1.0127e+003 3.1373e+003 1.1409e+004 3.4859e+004 8.0116e+004 6.2346e+005 1.9167e+006 4.1705e+006
          16 3.5494e-002 4.0000e-002 1.9894e-001 8.0886e-001 1.5593e+000 2.3050e+001 2.5858e+000 2.9533e+001 4.5191e+002 1.4592e+003 4.6131e+003 1.4781e+004 3.7234e+004 4.7556e+004 1.3828e+006 4.2561e+006
          17 4.0712e-003 3.7372e-003 6.7811e-002 8.2961e-001 7.3193e-001 8.8517e+000 7.9445e+000 4.3452e+000 1.7776e+002 7.4839e+002 2.1796e+003 6.4515e+003 1.7107e+004 3.5024e+004 3.1036e+002 4.2189e+006
          18 5.7759e-004 9.5759e-004 1.1317e-002 5.2110e-001 1.9641e-001 2.3033e+000 1.0855e+001 5.9087e-001 6.2808e+001 3.8078e+002 1.1221e+003 3.1117e+003 7.7173e+003 1.6674e+004 3.2264e+004 4.9556e+005
          19 3.8439e-003 4.4785e-003 3.2831e-004 2.4406e-001 3.0087e-002 3.7110e-001 9.0309e+000 1.5951e-001 2.1082e+001 1.8072e+002 5.5389e+002 1.4933e+003 3.5917e+003 7.3976e+003 1.2323e+004 1.1216e+005
          20 2.8319e-003 3.0545e-003 1.1025e-004 7.6494e-002 2.2663e-003 3.2491e-002 4.0116e+000 6.2892e-002 5.6801e+000 6.1086e+001 1.9264e+002 5.1364e+002 1.2307e+003 2.4987e+003 3.9649e+003 3.4373e+003
