   v'->v''           0           1           2           3           4           5           6           7           8           9          10          11          12          13          14          15          16          17          18          19          20          21          22          23          24          25          26          27          28          29          30          31          32          33          34          35          36          37          38          39
           0 6.3718e+006 1.5102e-002 1.6829e-002 2.1162e+005 7.9933e+000 1.1089e+001 3.8690e+003 1.6531e+001 9.9745e+000 1.8521e+002 5.4147e+001 1.2287e+001 2.3897e+000 2.3260e-002 5.3178e-002 2.7405e-002 7.9725e-004 1.6471e-003 1.5662e-003 1.3365e-004 1.4154e-004 4.1257e-004 2.9154e-004 8.8772e-005 6.6552e-006 2.1212e-006 8.4697e-006 8.0341e-006 4.7820e-006 2.2660e-006 9.3191e-007 3.1320e-007 6.1373e-008 1.1173e-009 0.0000e+000 0.0000e+000 0.0000e+000 0.0000e+000 0.0000e+000 0.0000e+000
           1 1.0898e+006 4.1624e-003 1.6042e+000 4.1504e+006 9.6847e+001 3.1227e+000 2.2115e+005 4.8385e+003 5.3751e+003 2.3101e+004 2.3250e+003 2.9091e-001 3.3322e+002 3.0914e+002 1.0617e+002 1.6927e+001 1.5967e-001 8.1460e-001 6.8340e-001 1.1462e-001 3.5140e-003 5.1067e-002 4.5200e-002 1.4556e-002 7.5645e-004 9.5231e-004 2.5503e-003 1.8962e-003 6.3572e-004 4.7241e-005 3.3311e-005 1.3527e-004 1.4943e-004 9.7581e-005 4.3885e-005 1.3997e-005 3.0455e-006 4.0459e-007 2.4902e-008 2.9489e-010
           2 1.1115e+005 3.2059e+000 1.7581e+001 1.7897e+006 2.8676e+001 9.8627e+002 2.4217e+006 3.0205e+004 1.1774e+003 5.0668e+004 5.9938e+004 5.4161e+004 3.8153e+004 7.9933e+003 1.8512e+002 4.1427e+002 7.0348e+002 3.5014e+002 7.3219e+001 1.8838e+000 3.6722e+000 5.6113e+000 2.2452e+000 1.8239e-001 9.5198e-002 3.6608e-001 3.3260e-001 1.5302e-001 3.2837e-002 3.7053e-004 5.3688e-003 1.1131e-002 9.6974e-003 5.3194e-003 1.9328e-003 3.9692e-004 1.3728e-005 2.6003e-005 7.0129e-005 6.4965e-005
           3 1.0445e+004 1.6384e+002 7.4782e+002 3.0001e+005 2.2487e+003 5.9014e+003 2.0609e+006 2.2284e+004 7.0631e+004 9.3206e+005 2.6473e+005 3.2073e+004 7.7922e+003 6.2786e+004 6.9735e+004 3.9812e+004 1.0828e+004 6.0801e+002 3.6051e+002 1.0298e+003 7.3596e+002 2.4654e+002 2.7581e+001 1.6167e+000 1.4962e+001 1.4446e+001 6.2018e+000 9.6895e-001 2.6757e-002 6.3012e-001 9.5256e-001 7.5380e-001 3.9308e-001 1.3385e-001 2.2220e-002 8.9164e-009 7.0988e-003 1.3969e-002 1.4116e-002 9.7391e-003
           4 2.6686e-036 4.5518e-021 1.0319e-018 4.7141e-028 2.0602e-016 1.0400e-014 1.8534e-016 4.9738e-013 1.3057e-011 3.7516e-011 4.6138e-010 4.8980e-009 3.5948e-008 3.6447e-007 4.2600e-006 4.1772e-005 2.6872e-004 2.0935e-003 1.8008e-002 1.0181e-001 6.0105e-001 3.7886e+000 1.9191e+001 9.0831e+001 4.0493e+002 1.6332e+003 5.9195e+003 1.9198e+004 5.5101e+004 1.4140e+005 3.1840e+005 6.1708e+005 1.0126e+006 1.3683e+006 1.4539e+006 1.1182e+006 5.2752e+005 9.5420e+004 1.5093e+001 2.8016e+003
           5 9.9463e-024 1.2466e-019 2.6274e-017 4.9948e-022 4.9738e-015 2.4176e-013 4.4390e-015 1.0995e-011 2.7542e-010 7.6146e-010 9.1955e-009 9.4370e-008 6.6906e-007 6.4852e-006 7.1426e-005 6.5872e-004 4.1200e-003 3.0435e-002 2.4178e-001 1.3192e+000 7.3659e+000 4.2710e+001 2.0274e+002 8.9104e+002 3.6353e+003 1.3300e+004 4.3291e+004 1.2449e+005 3.1263e+005 6.8099e+005 1.2534e+006 1.8864e+006 2.2023e+006 1.8141e+006 8.4957e+005 1.0204e+005 2.7335e+004 5.1627e+004 2.0272e+003 6.8750e+003
           6 1.1088e-033 3.7794e-019 8.1270e-017 5.1219e-026 1.4687e-014 6.9579e-013 1.3088e-014 3.0536e-011 7.4008e-010 1.9915e-009 2.3739e-008 2.3785e-007 1.6455e-006 1.5452e-005 1.6324e-004 1.4423e-003 8.8374e-003 6.2875e-002 4.7276e-001 2.5120e+000 1.3478e+001 7.3733e+001 3.3399e+002 1.3917e+003 5.3297e+003 1.8183e+004 5.4769e+004 1.4426e+005 3.2766e+005 6.3029e+005 9.9036e+005 1.2013e+006 9.9875e+005 4.0700e+005 1.3210e+003 4.0093e+005 1.1235e+006 9.0050e+005 1.1476e+005 2.3574e+004
           7 1.1819e-032 1.4442e-017 2.9509e-015 2.5656e-024 4.8385e-013 2.1529e-011 4.2659e-013 8.6811e-010 1.9444e-008 4.9064e-008 5.6687e-007 5.3610e-006 3.4974e-005 3.0450e-004 2.9145e-003 2.3281e-002 1.3551e-001 8.8119e-001 5.8311e+000 2.8957e+001 1.4097e+002 6.7255e+002 2.7148e+003 9.9222e+003 3.2570e+004 9.3604e+004 2.3238e+005 4.8937e+005 8.5070e+005 1.1624e+006 1.1437e+006 6.5719e+005 8.7286e+004 1.0972e+005 5.8538e+005 4.4154e+005 3.1846e+003 8.5126e+005 1.0144e+006 3.9374e+003
           8 4.3746e-031 3.5546e-016 6.9129e-014 8.2612e-023 1.0303e-011 4.3080e-010 8.9767e-012 1.5974e-008 3.3087e-007 7.8368e-007 8.7735e-006 7.8307e-005 4.8174e-004 3.8918e-003 3.3818e-002 2.4493e-001 1.3503e+000 8.0288e+000 4.7034e+001 2.1702e+002 9.5640e+002 3.9938e+003 1.4303e+004 4.5614e+004 1.2772e+005 3.0658e+005 6.1764e+005 1.0103e+006 1.2685e+006 1.0920e+006 4.8002e+005 1.2141e+004 2.4366e+005 6.1795e+005 2.6211e+005 3.9086e+004 4.6340e+005 3.5881e+004 8.7813e+005 6.1582e+005
           9 2.8495e-029 6.4051e-015 1.1872e-012 1.9509e-021 1.6098e-010 6.3249e-009 1.3842e-010 2.1568e-007 4.1304e-006 9.1864e-006 9.9597e-005 8.3831e-004 4.8607e-003 3.6436e-002 2.8778e-001 1.8932e+000 9.8504e+000 5.3529e+001 2.7879e+002 1.1876e+003 4.7205e+003 1.7276e+004 5.4539e+004 1.5056e+005 3.5614e+005 7.0264e+005 1.1159e+006 1.3410e+006 1.0747e+006 4.0223e+005 3.7547e+002 3.2317e+005 6.2622e+005 1.9908e+005 6.5970e+004 4.4991e+005 6.7161e+004 2.3178e+005 8.8314e+003 1.1302e+006
          10 6.9451e-027 8.7016e-014 1.5404e-011 3.4542e-020 1.9049e-009 7.0380e-008 1.6144e-009 2.2097e-006 3.9159e-005 8.1886e-005 8.5962e-004 6.8233e-003 3.7297e-002 2.5970e-001 1.8689e+000 1.1204e+001 5.4859e+001 2.7261e+002 1.2690e+003 4.9641e+003 1.7751e+004 5.7034e+004 1.5780e+005 3.7394e+005 7.3834e+005 1.1702e+006 1.3989e+006 1.1097e+006 4.0398e+005 3.6589e+001 3.4440e+005 6.4481e+005 2.0342e+005 6.1272e+004 4.4709e+005 9.8650e+004 1.8941e+005 2.0267e+005 7.2801e+004 9.0536e+004
          11 8.2812e-016 1.8891e-012 4.0755e-011 6.4729e-014 7.2898e-009 2.5046e-007 6.1045e-009 7.6395e-006 1.3063e-004 2.6575e-004 2.7504e-003 2.1260e-002 1.1317e-001 7.6253e-001 5.2666e+000 3.0307e+001 1.4427e+002 6.8871e+002 3.0524e+003 1.1472e+004 3.9074e+004 1.1841e+005 3.0800e+005 6.7900e+005 1.2289e+006 1.7450e+006 1.7903e+006 1.0982e+006 1.9281e+005 9.8096e+004 7.3241e+005 6.9032e+005 3.8340e+004 3.2296e+005 5.1100e+005 2.2212e+002 4.3301e+005 5.0778e+004 1.9438e+005 2.1186e+005
          12 1.1276e-025 9.6434e-013 1.6337e-010 5.1093e-019 1.8456e-008 6.4148e-007 1.5396e-008 1.8554e-005 3.0441e-004 5.9901e-004 6.0863e-003 4.5540e-002 2.3462e-001 1.5183e+000 9.9745e+000 5.4616e+001 2.5087e+002 1.1398e+003 4.7596e+003 1.7001e+004 5.4478e+004 1.5353e+005 3.6916e+005 7.4149e+005 1.1971e+006 1.4635e+006 1.2008e+006 4.7183e+005 2.5452e+003 3.2254e+005 6.7911e+005 2.5770e+005 3.5699e+004 4.4485e+005 1.6608e+005 1.1103e+005 2.8986e+005 3.4410e+004 2.4250e+005 5.9566e+002
          13 3.7167e-025 8.7303e-012 1.4191e-009 6.0576e-018 1.4680e-007 4.8037e-006 1.2039e-007 1.2815e-004 1.9480e-003 3.6117e-003 3.5509e-002 2.5043e-001 1.2163e+000 7.3226e+000 4.4015e+001 2.2073e+002 9.4837e+002 3.9401e+003 1.4809e+004 4.8051e+004 1.3744e+005 3.3884e+005 7.0096e+005 1.1732e+006 1.5001e+006 1.3164e+006 5.9727e+005 2.1455e+004 2.5490e+005 6.9810e+005 3.5765e+005 6.2684e+003 4.1042e+005 2.6874e+005 3.6479e+004 3.5192e+005 3.5164e+003 2.6604e+005 7.3001e+003 2.9446e+005
          14 4.1745e-024 6.7748e-011 1.0597e-008 6.1983e-017 1.0059e-006 3.1012e-005 8.1002e-007 7.6379e-004 1.0765e-002 1.8825e-002 1.7904e-001 1.1899e+000 5.4475e+000 3.0537e+001 1.6830e+002 7.7465e+002 3.1042e+003 1.1789e+004 3.9953e+004 1.1713e+005 2.9746e+005 6.3787e+005 1.1192e+006 1.5207e+006 1.4568e+006 7.8548e+005 8.1785e+004 1.5963e+005 6.8585e+005 5.0044e+005 5.7885e+003 3.3113e+005 3.9449e+005 4.1220e+001 3.4149e+005 8.7976e+004 1.8957e+005 7.6380e+004 1.7297e+005 5.6535e+004
          15 9.2033e-023 4.4912e-010 6.7838e-008 5.4516e-016 5.9248e-006 1.7224e-004 4.6785e-006 3.9212e-003 5.1287e-002 8.4710e-002 7.7918e-001 4.8789e+000 2.1060e+001 1.1003e+002 5.5723e+002 2.3592e+003 8.7930e+003 3.0510e+004 9.3327e+004 2.4586e+005 5.5089e+005 1.0182e+006 1.4854e+006 1.5729e+006 1.0150e+006 2.1024e+005 5.9214e+004 6.0361e+005 6.5239e+005 7.2455e+004 2.0159e+005 4.9584e+005 4.4775e+004 2.3981e+005 2.4440e+005 5.2937e+004 2.4508e+005 4.5598e+004 1.1226e+005 5.9978e+004
          16 9.9999e-021 2.6269e-009 3.8505e-007 4.3722e-015 3.1016e-005 8.5096e-004 2.3988e-005 1.7928e-002 2.1779e-001 3.4016e-001 3.0251e+000 1.7844e+001 7.2621e+001 3.5391e+002 1.6502e+003 6.4362e+003 2.2248e+004 7.0454e+004 1.9437e+005 4.5727e+005 8.9628e+005 1.4074e+006 1.6560e+006 1.2709e+006 4.2542e+005 1.7916e+003 4.5257e+005 7.6961e+005 2.3129e+005 6.7105e+004 5.1775e+005 1.9082e+005 9.4518e+004 3.7788e+005 2.4432e+003 2.9232e+005 1.7088e+004 2.2397e+005 8.1246e+003 1.0593e+005
          17 5.5749e-010 5.7136e-005 7.8167e-005 1.2096e-007 3.2828e-004 1.3148e-003 3.5038e-005 4.1783e-002 4.6430e-001 7.1711e-001 6.2583e+000 3.6204e+001 1.4341e+002 6.8165e+002 3.0747e+003 1.1618e+004 3.8946e+004 1.1891e+005 3.1478e+005 7.0677e+005 1.3100e+006 1.9182e+006 2.0484e+006 1.3381e+006 2.8757e+005 6.9726e+004 7.7645e+005 8.6771e+005 1.0956e+005 2.4201e+005 6.6021e+005 8.2350e+004 2.7424e+005 3.7354e+005 2.7901e+004 3.7367e+005 4.3235e+003 2.6200e+005 7.4597e+004 4.6052e+004
          18 4.0822e-020 1.3544e-008 1.9293e-006 2.7618e-014 1.4381e-004 3.7276e-003 1.0880e-004 7.2783e-002 8.2205e-001 1.2159e+000 1.0452e+001 5.8075e+001 2.2288e+002 1.0142e+003 4.3619e+003 1.5694e+004 5.0182e+004 1.4482e+005 3.5967e+005 7.5035e+005 1.2723e+006 1.6618e+006 1.5026e+006 7.2048e+005 3.8759e+004 2.5227e+005 7.8529e+005 4.6523e+005 7.0193e+001 4.1467e+005 3.9523e+005 2.1474e+003 3.7944e+005 1.1601e+005 1.6236e+005 1.8418e+005 9.9145e+004 1.0063e+005 1.4860e+005 1.6166e+004
          19 5.9659e-020 6.2567e-008 8.7426e-006 1.7414e-013 6.0458e-004 1.4820e-002 4.4695e-004 2.6852e-001 2.8223e+000 3.9578e+000 3.2880e+001 1.7204e+002 6.2262e+002 2.6472e+003 1.0517e+004 3.4924e+004 1.0299e+005 2.7023e+005 6.0179e+005 1.1034e+006 1.5931e+006 1.6738e+006 1.0642e+006 2.0883e+005 7.3254e+004 6.6737e+005 7.0437e+005 7.6782e+004 2.1804e+005 5.4878e+005 6.4501e+004 2.2977e+005 3.2097e+005 1.5283e+004 3.2264e+005 6.0001e+002 2.5112e+005 5.8739e+003 1.2362e+005 8.0399e+004
          20 2.5734e-019 2.5911e-007 3.5804e-005 9.7509e-013 2.3047e-003 5.3499e-002 1.6631e-003 9.0092e-001 8.8219e+000 1.1746e+001 9.4284e+001 4.6455e+002 1.5856e+003 6.3043e+003 2.3165e+004 7.1019e+004 1.9262e+005 4.5811e+005 9.0984e+005 1.4497e+006 1.7433e+006 1.3961e+006 5.1521e+005 1.5279e+002 4.3156e+005 8.4047e+005 3.1327e+005 3.7649e+004 5.3525e+005 2.8603e+005 4.5413e+004 4.3080e+005 4.8406e+004 2.4232e+005 1.4023e+005 1.3960e+005 1.0639e+005 1.5521e+005 2.1443e+003 9.5826e+004
          21 1.8709e-018 9.6806e-007 1.3405e-004 4.9485e-012 8.0575e-003 1.7733e-001 5.6694e-003 2.7794e+000 2.5380e+001 3.2124e+001 2.4907e+002 1.1553e+003 3.7186e+003 1.3832e+004 4.7042e+004 1.3307e+005 3.3077e+005 7.1002e+005 1.2475e+006 1.7006e+006 1.6458e+006 9.0876e+005 1.0384e+005 1.6877e+005 7.8668e+005 6.2307e+005 1.9385e+004 3.3609e+005 5.2642e+005 1.7285e+004 3.2010e+005 2.6927e+005 4.8623e+004 3.3011e+005 7.4410e+002 2.6958e+005 3.0803e+003 1.7876e+005 7.4412e+004 7.9547e+002
          22 3.8893e-017 3.1993e-006 4.6358e-004 2.1834e-011 2.6061e-002 5.4466e-001 1.7867e-002 7.9587e+000 6.7849e+001 8.1744e+001 6.1208e+002 2.6723e+003 8.1107e+003 2.8237e+004 8.8922e+004 2.3183e+005 5.2621e+005 1.0139e+006 1.5594e+006 1.7792e+006 1.3112e+006 3.9899e+005 9.6317e+003 5.4820e+005 8.5037e+005 2.3060e+005 8.8442e+004 5.9135e+005 2.2457e+005 9.0555e+004 4.4887e+005 2.4860e+004 2.8488e+005 1.2733e+005 1.5518e+005 1.2523e+005 1.4702e+005 3.0048e+004 1.5449e+005 4.1666e+004
          23 4.0321e-004 3.6033e+004 2.9563e+004 1.2671e+000 1.1468e+004 1.2974e+003 3.2183e-001 2.1305e+002 4.2635e+003 7.7959e+002 4.8812e+001 5.6268e+003 3.0535e+004 1.4841e+004 2.2692e+005 2.5606e+005 9.3633e+005 1.2512e+006 2.2509e+006 2.0040e+006 1.4258e+006 2.5827e+005 1.0290e+005 8.3814e+005 9.8613e+005 9.8016e+004 2.5159e+005 7.6193e+005 1.1049e+005 2.6092e+005 4.8104e+005 1.1862e+003 4.3810e+005 4.4522e+004 2.9685e+005 5.2945e+004 2.5992e+005 2.6631e+002 1.5959e+005 9.5427e+004
          24 7.4938e-018 1.0825e-005 1.4620e-003 1.1495e-010 7.7998e-002 1.5488e+000 5.2017e-002 2.1135e+001 1.6839e+002 1.9334e+002 1.3977e+003 5.7420e+003 1.6430e+004 5.3541e+004 1.5610e+005 3.7437e+005 7.7245e+005 1.3262e+006 1.7591e+006 1.6255e+006 8.2361e+005 6.2240e+004 2.3279e+005 8.4659e+005 5.8089e+005 5.0891e+003 3.9987e+005 5.1523e+005 5.9323e+003 3.6429e+005 2.5403e+005 6.4692e+004 3.4376e+005 6.9923e+002 2.8809e+005 3.4815e-001 2.2047e+005 2.9666e+004 6.5704e+004 1.0685e+005
          25 8.6609e-017 2.9560e-005 4.3420e-003 4.4673e-010 2.1872e-001 4.1366e+000 1.4189e-001 5.2796e+001 3.9354e+002 4.3108e+002 3.0079e+003 1.1623e+004 3.1340e+004 9.5581e+004 2.5779e+005 5.6718e+005 1.0580e+006 1.6027e+006 1.7956e+006 1.2740e+006 3.5273e+005 2.0875e+004 6.0120e+005 8.6043e+005 2.0580e+005 1.1187e+005 6.1851e+005 2.1262e+005 1.0631e+005 4.6584e+005 2.4097e+004 2.9597e+005 1.4452e+005 1.4438e+005 1.6564e+005 1.1470e+005 8.5065e+004 1.6151e+005 9.1015e+002 4.7553e+004
          26 1.9062e-015 7.2694e-005 1.1984e-002 1.6871e-009 5.7391e-001 1.0354e+001 3.6192e-001 1.2382e+002 8.6444e+002 9.0437e+002 6.0891e+003 2.2120e+004 5.6186e+004 1.6030e+005 3.9943e+005 8.0341e+005 1.3459e+006 1.7756e+006 1.6301e+006 8.0736e+005 5.4340e+004 2.5060e+005 8.7285e+005 5.8950e+005 4.4308e+003 4.1486e+005 5.3468e+005 7.2538e+003 3.7204e+005 2.7828e+005 5.5129e+004 3.6894e+005 5.6117e+002 3.0068e+005 8.0831e+003 2.4255e+005 9.7704e+002 1.5929e+005 8.2723e+004 1.4409e+000
          27 3.8839e-014 1.4750e-004 3.0987e-002 6.0075e-009 1.4177e+000 2.4436e+001 8.6859e-001 2.7432e+002 1.7953e+003 1.7955e+003 1.1661e+004 3.9801e+004 9.5157e+004 2.5373e+005 5.8287e+005 1.0667e+006 1.5908e+006 1.7947e+006 1.2871e+006 3.6169e+005 1.8570e+004 5.9877e+005 8.8443e+005 2.2832e+005 1.0008e+005 6.3015e+005 2.4487e+005 8.8709e+004 4.8764e+005 4.2935e+004 2.7631e+005 1.9318e+005 1.0691e+005 2.2631e+005 6.4904e+004 1.6433e+005 1.0525e+005 3.5036e+004 1.4330e+005 4.8630e+004
          28 1.9778e-012 1.2622e-004 7.6332e-002 1.9776e-008 3.3216e+000 5.4772e+001 1.9764e+000 5.7850e+002 3.5523e+003 3.3990e+003 2.1286e+004 6.8212e+004 1.5336e+005 3.8170e+005 8.0609e+005 1.3343e+006 1.7514e+006 1.6463e+006 8.4954e+005 6.9970e+004 2.2432e+005 8.6953e+005 6.4306e+005 1.3703e+004 3.8406e+005 5.8109e+005 2.2029e+004 3.4257e+005 3.3759e+005 2.7061e+004 3.9403e+005 1.4601e+004 2.8941e+005 4.5263e+004 2.2658e+005 1.9199e+004 2.0432e+005 1.1719e+004 7.3301e+004 9.4688e+004
          29 1.6169e-001 3.8907e+006 6.1480e+005 7.6322e-001 1.7324e+004 3.0599e+005 4.2834e+003 3.1180e+005 1.0391e+005 7.5505e+004 2.3675e+004 2.5270e+001 4.2305e+004 1.8342e+005 4.1033e+004 9.5106e+005 4.1951e+004 8.1584e+005 7.3276e+004 2.2159e+005 3.3782e+005 5.4715e+000 1.3056e+005 6.1241e+003 7.3802e+004 6.5874e+003 1.3967e+004 1.1658e+005 9.1092e+001 4.8896e+002 5.2251e+004 3.0802e+003 2.6144e+004 2.5086e+001 1.8716e+004 8.1201e-001 2.0753e+004 8.8826e+003 7.3643e+002 5.5640e+003
          30 3.5350e-011 2.5898e-003 1.6045e-001 7.2975e-008 7.3407e+000 1.1659e+002 4.2447e+000 1.1569e+003 6.6786e+003 6.1180e+003 3.6922e+004 1.1099e+005 2.3439e+005 5.4359e+005 1.0513e+006 1.5621e+006 1.7774e+006 1.3381e+006 4.2092e+005 6.7830e+003 5.4934e+005 9.1738e+005 2.9660e+005 6.1781e+004 6.2095e+005 3.2033e+005 4.7980e+004 5.0163e+005 9.2724e+004 2.2185e+005 2.7176e+005 5.1444e+004 2.9387e+005 1.5146e+004 2.4202e+005 3.1643e+004 1.3698e+005 1.1532e+005 1.1408e+003 5.8147e+004
          31 2.2186e-011 1.6685e-003 3.5165e-001 2.0971e-007 1.5492e+001 2.3617e+002 8.6964e+000 2.2140e+003 1.2012e+004 1.0541e+004 6.1282e+004 1.7261e+005 3.4185e+005 7.3691e+005 1.2988e+006 1.7152e+006 1.6557e+006 9.3499e+005 1.1390e+005 1.6470e+005 8.3057e+005 7.2853e+005 4.6235e+004 3.0874e+005 6.3684e+005 6.6564e+004 2.7116e+005 4.1989e+005 1.9050e+003 3.9380e+005 6.5778e+004 2.3547e+005 1.2592e+005 1.5992e+005 9.8366e+004 1.6715e+005 1.7423e+004 1.6728e+005 4.3857e+004 3.5194e+003
          32 6.8344e-011 8.0713e-004 7.0015e-001 5.9507e-007 3.1238e+001 4.5844e+002 1.7019e+001 4.0646e+003 2.0749e+004 1.7449e+004 9.7671e+004 2.5742e+005 4.7722e+005 9.5333e+005 1.5216e+006 1.7631e+006 1.3993e+006 5.2494e+005 1.6407e+002 4.5626e+005 9.3880e+005 4.0978e+005 1.7711e+004 5.7149e+005 4.3311e+005 8.2298e+003 4.8070e+005 1.8696e+005 1.3437e+005 3.6163e+005 5.6182e+003 3.3524e+005 2.9912e+003 2.7383e+005 5.8925e+002 2.2095e+005 2.2985e+004 9.1067e+004 1.2246e+005 1.9438e+004
          33 4.0270e-010 1.1109e-003 1.2711e+000 1.5318e-006 6.0201e+001 8.5022e+002 3.1759e+001 7.1447e+003 3.4348e+004 2.7685e+004 1.4911e+005 3.6714e+005 6.3563e+005 1.1721e+006 1.6807e+006 1.6791e+006 1.0431e+006 1.9614e+005 8.9375e+004 7.4835e+005 8.2759e+005 1.2220e+005 1.9946e+005 6.7391e+005 1.6138e+005 1.6587e+005 4.9877e+005 1.4962e+004 3.4003e+005 1.6960e+005 1.3833e+005 2.4062e+005 6.3628e+004 2.1329e+005 6.9115e+004 1.2310e+005 1.3347e+005 5.7544e+003 1.1331e+005 7.4539e+004
          34 5.7365e-009 1.1703e-001 1.9590e+000 2.7222e-006 1.1298e+002 1.5124e+003 5.6797e+001 1.2097e+004 5.4815e+004 4.2336e+004 2.1919e+005 5.0334e+005 8.1139e+005 1.3743e+006 1.7518e+006 1.4722e+006 6.5738e+005 2.0305e+004 3.2718e+005 9.2045e+005 5.5819e+005 6.1712e+002 4.6399e+005 5.6063e+005 6.9084e+003 3.9860e+005 3.2276e+005 4.1511e+004 4.1948e+005 1.4751e+004 3.0666e+005 6.7698e+004 2.1990e+005 6.2786e+004 2.0118e+005 1.1896e+004 1.8832e+005 2.9345e+004 3.5488e+004 8.2966e+004
          35 1.9390e-001 4.7827e+006 4.5227e+005 1.7872e+001 1.1174e+006 3.3979e+005 2.8555e+003 1.3878e+003 1.3863e+005 1.4179e+004 1.7753e+005 7.7405e+004 6.9562e+002 2.5955e+004 1.5739e+004 1.4389e+005 3.3818e+005 3.4334e+005 2.7884e+005 2.7128e+005 2.0640e+005 1.7162e+005 1.3194e+005 5.7383e+004 1.9264e+004 2.5761e+003 3.1609e+003 1.2699e+004 1.4010e+004 1.6606e+004 1.6315e+004 8.3544e+003 2.9944e+003 1.6959e+003 8.9033e+002 5.1154e+001 1.5474e+002 2.8591e+002 1.4767e+002 5.3329e+001
          36 8.0613e-007 1.9271e+001 1.0566e+001 1.5684e-004 1.3722e+002 2.7389e+003 1.0029e+002 1.9753e+004 8.4025e+004 6.2705e+004 3.1222e+005 6.6363e+005 9.9407e+005 1.5381e+006 1.7188e+006 1.1691e+006 3.1858e+005 2.4548e+004 6.1357e+005 9.1105e+005 2.5395e+005 8.3497e+004 6.5323e+005 3.1239e+005 5.6339e+004 5.2745e+005 1.0115e+005 2.2314e+005 3.0854e+005 3.5484e+004 3.3666e+005 1.2994e+003 2.8804e+005 1.0207e+003 2.2962e+005 2.6162e+004 1.1819e+005 1.2000e+005 6.8595e+002 3.5541e+004
          37 4.6912e-008 5.4532e-001 6.0922e+000 7.0751e-005 3.0642e+002 4.3709e+003 1.6305e+002 3.1156e+004 1.2548e+005 8.9230e+004 4.2590e+005 8.4268e+005 1.1651e+006 1.6318e+006 1.5694e+006 8.1784e+005 8.5266e+004 1.8452e+005 8.4375e+005 7.2302e+005 4.5586e+004 3.0683e+005 6.5971e+005 8.3314e+004 2.5485e+005 4.6389e+005 1.6687e+002 3.9455e+005 1.1456e+005 1.9420e+005 2.0597e+005 9.6946e+004 1.9913e+005 8.6797e+004 1.2673e+005 1.3607e+005 1.8864e+004 1.5345e+005 4.9665e+004 4.1789e+002
          38 6.2308e-008 5.7025e-002 5.7777e+000 1.5820e-004 5.0140e+002 6.9931e+003 2.5995e+002 4.7489e+004 1.8068e+005 1.2305e+005 5.6272e+005 1.0292e+006 1.3077e+006 1.6416e+006 1.3229e+006 4.7531e+005 1.9641e+002 4.3513e+005 9.3420e+005 4.4234e+005 8.1804e+003 5.4278e+005 4.9260e+005 2.5860e+002 4.5786e+005 2.6400e+005 8.0110e+004 4.1810e+005 2.8918e+003 3.3504e+005 4.7608e+004 2.4423e+005 5.5018e+004 2.1304e+005 1.6526e+004 2.0332e+005 1.1559e+004 9.0780e+004 1.1169e+005 2.1763e+004
          39 1.7186e-007 4.7509e-001 2.0112e+000 4.1138e-004 7.8102e+002 1.0905e+004 4.0109e+002 7.0212e+004 2.5273e+005 1.6480e+005 7.2077e+005 1.2131e+006 1.4076e+006 1.5621e+006 1.0134e+006 2.0120e+005 6.3892e+004 6.9063e+005 8.6148e+005 1.7740e+005 1.3877e+005 6.7234e+005 2.4919e+005 9.4068e+004 5.3455e+005 6.8907e+004 2.6456e+005 2.8484e+005 5.3868e+004 3.3595e+005 3.8037e+003 2.9641e+005 1.0378e+003 2.4320e+005 1.6507e+004 1.5410e+005 9.5898e+004 1.3213e+004 1.0874e+005 6.6406e+004
          40 9.4702e-007 1.4101e+001 9.8399e+000 1.2597e-003 1.1787e+003 1.6691e+004 5.9595e+002 1.0019e+005 3.4331e+005 2.1415e+005 8.9289e+005 1.3746e+006 1.4461e+006 1.3922e+006 6.8133e+005 3.7439e+004 2.4117e+005 8.6925e+005 6.5358e+005 2.1134e+004 3.6326e+005 6.3532e+005 5.5990e+004 2.9281e+005 4.4282e+005 5.8713e+002 4.1226e+005 1.0219e+005 2.1081e+005 2.0373e+005 1.0043e+005 2.1015e+005 7.9030e+004 1.5201e+005 1.1567e+005 4.8875e+004 1.6816e+005 1.0339e+004 4.7941e+004 7.8008e+004
          41 5.2545e-005 1.4671e+003 3.1840e+003 1.3157e-002 2.2912e+003 2.9671e+004 8.0418e+002 1.2940e+005 4.6428e+005 2.7617e+005 1.0700e+006 1.4773e+006 1.4246e+006 1.1505e+006 3.7191e+005 3.9174e+003 4.6126e+005 9.3799e+005 3.7124e+005 1.5064e+004 5.8991e+005 4.4405e+005 1.4925e+003 4.8396e+005 2.4072e+005 8.4782e+004 4.2485e+005 2.6633e+003 3.4311e+005 5.1988e+004 2.3836e+005 7.2067e+004 2.0524e+005 3.4674e+004 2.0238e+005 3.1825e+001 1.4978e+005 7.8745e+004 1.8776e+003 4.5192e+004
          42 6.4360e-002 1.9363e+006 4.5337e+006 6.6933e+000 1.0263e+005 4.6470e+005 1.8815e+003 3.5604e+005 1.5156e+005 7.3801e+004 3.0526e+002 1.4792e+005 4.8390e+004 9.5191e+002 3.6174e+004 2.1670e+003 1.0223e+005 2.3178e+005 3.3448e+005 2.5115e+005 2.1786e+005 2.3035e+005 1.6134e+005 1.2125e+005 9.8858e+004 4.0386e+004 8.5043e+003 1.4532e+003 1.1944e+003 1.2671e+004 1.6028e+004 1.0584e+004 9.8937e+003 1.0608e+004 6.2491e+003 1.6244e+003 3.1356e+002 2.2616e+002 2.5988e+002 1.4540e+002
          43 1.0492e-005 3.5202e+002 8.6161e+002 1.0709e-003 1.5524e+003 3.0048e+004 1.2756e+003 2.0001e+005 5.6735e+005 3.2365e+005 1.2459e+006 1.5910e+006 1.2966e+006 8.6151e+005 1.4930e+005 9.0868e+004 6.9513e+005 8.0685e+005 1.6118e+005 1.6001e+005 6.6341e+005 2.4025e+005 1.0474e+005 5.2388e+005 7.1106e+004 2.6257e+005 2.9365e+005 4.5676e+004 3.4923e+005 7.9964e+002 3.0698e+005 2.9758e+002 2.5376e+005 2.6030e+003 1.9576e+005 5.0647e+004 6.4960e+004 1.3760e+005 1.9237e+004 7.1823e+003
          44 4.9508e-006 1.4312e+002 2.2923e+002 7.4069e-003 1.8604e+003 4.3678e+004 1.7397e+003 2.6294e+005 7.1208e+005 3.8739e+005 1.4086e+006 1.6020e+006 1.1294e+006 5.7038e+005 2.0973e+004 2.6562e+005 8.3210e+005 6.1278e+005 2.0560e+004 3.6927e+005 6.2741e+005 5.8930e+004 2.9235e+005 4.4171e+005 1.9638e+000 4.0410e+005 1.2127e+005 1.8692e+005 2.3590e+005 7.5521e+004 2.4556e+005 5.0645e+004 1.9338e+005 7.3791e+004 1.0284e+005 1.4171e+005 3.5409e+003 1.2613e+005 7.6003e+004 4.1687e+003
          45 5.8561e-006 9.8156e+001 9.4829e+000 2.7093e-002 1.5536e+003 6.0612e+004 2.3602e+003 3.4308e+005 8.6548e+005 4.4911e+005 1.5447e+006 1.5437e+006 9.0636e+005 3.0902e+005 9.0505e+003 4.7631e+005 8.5573e+005 3.6879e+005 1.2831e+004 5.6712e+005 4.6510e+005 4.6500e+002 4.6945e+005 2.6232e+005 6.6135e+004 4.3078e+005 1.0431e+004 3.2060e+005 8.6315e+004 2.1052e+005 1.1393e+005 1.6962e+005 7.6779e+004 1.7623e+005 1.5617e+004 1.8285e+005 2.0992e+004 5.9206e+004 1.0985e+005 3.6673e+004
          46 1.1899e-005 4.6218e+001 6.2304e+002 1.1267e-001 3.2474e+002 8.5611e+004 3.2397e+003 4.4682e+005 1.0234e+006 5.0845e+005 1.6524e+006 1.4124e+006 6.4896e+005 1.1359e+005 1.0430e+005 6.6814e+005 7.5990e+005 1.4909e+005 1.1954e+005 6.8417e+005 2.4687e+005 7.3490e+004 5.5377e+005 8.3369e+004 2.1454e+005 3.3364e+005 2.4112e+004 3.5501e+005 3.0459e+003 3.0157e+005 1.3716e+004 2.5775e+005 3.1623e+003 2.1646e+005 8.7201e+003 1.3862e+005 9.3854e+004 4.9651e+003 8.7425e+004 6.8640e+004
          47 5.8402e-005 7.7514e+001 2.1111e+004 9.5123e-001 7.9829e+003 1.5056e+005 5.1033e+003 6.1983e+005 1.1614e+006 5.7137e+005 1.7689e+006 1.1861e+006 3.5575e+005 1.0433e+004 2.7955e+005 7.9525e+005 5.5933e+005 1.4046e+004 2.6925e+005 7.0927e+005 5.2185e+004 2.1430e+005 5.2617e+005 1.4118e+000 3.3095e+005 1.7757e+005 1.5591e+005 2.5877e+005 3.4618e+004 2.8070e+005 1.4861e+004 2.4749e+005 3.2853e+004 1.5494e+005 7.8240e+004 5.2176e+004 1.5119e+005 1.4518e+004 3.1601e+004 6.5910e+004
          48 3.0253e-003 5.7777e+004 2.8272e+006 7.0541e+001 2.2209e+006 1.0099e+006 1.5916e+004 6.8101e+005 1.5948e+004 1.2286e+005 5.7258e+005 7.5356e+002 2.8058e+005 1.2143e+004 4.0787e+004 7.9635e+004 5.9175e+002 1.8306e+005 3.0249e+004 3.1684e+005 4.0814e+005 3.3011e+004 1.6445e+005 3.4349e+005 4.4007e+004 3.2749e+004 1.5507e+005 2.8379e+004 1.0473e+004 6.0533e+002 1.5919e+004 7.7022e+003 6.6037e+004 1.8646e+004 9.8132e+002 8.6698e+001 1.3088e+004 2.5323e+004 9.8173e+003 4.8565e+002
          49 2.1215e-004 8.9941e+003 3.0734e+005 5.9834e+000 2.7753e+005 1.1918e+002 8.3709e+002 3.1012e+005 1.3181e+006 4.4297e+005 1.1272e+006 1.0741e+006 4.2407e+005 8.3501e+003 4.1840e+005 6.8050e+005 3.8523e+005 2.2973e+003 5.8582e+005 3.0380e+005 6.2939e+004 5.2532e+005 2.1222e+005 2.2827e+002 5.5208e+005 1.6992e+004 1.6880e+005 1.9489e+005 1.3223e+005 1.8310e+005 8.4950e+004 1.3777e+005 7.6831e+004 1.0072e+005 1.6679e+005 1.6521e+003 1.1860e+005 4.7519e+004 4.3347e+003 4.2766e+004
          50 6.5750e-006 2.5600e+003 4.5440e+004 4.3424e-001 4.4017e+004 5.5168e+004 3.8140e+003 6.4989e+005 1.5343e+006 5.5855e+005 1.3918e+006 8.0131e+005 1.1516e+005 1.1790e+005 6.6597e+005 6.9109e+005 1.6926e+005 7.2224e+004 6.5096e+005 2.5957e+005 1.4061e+004 5.9430e+005 1.2452e+005 1.2429e+005 4.3557e+005 6.5272e+003 3.1175e+005 3.8808e+004 2.6526e+005 6.2029e+004 2.0912e+005 4.3922e+004 1.9399e+005 8.4973e+003 1.9867e+005 2.5124e+004 7.1053e+004 1.1118e+005 1.2506e+004 7.6980e+003
          51 8.2400e-008 2.6745e+003 2.8774e+004 1.0125e-001 1.9424e+004 7.1768e+004 5.2721e+003 8.4017e+005 1.6784e+006 5.6125e+005 1.2662e+006 5.2137e+005 9.5411e+003 3.2643e+005 8.0290e+005 5.1472e+005 2.8688e+004 2.3222e+005 6.4539e+005 9.2629e+004 1.2154e+005 5.8824e+005 1.3588e+004 2.7910e+005 2.7626e+005 1.0341e+005 2.8528e+005 1.9878e+003 3.1011e+005 3.8508e+002 2.6028e+005 9.4606e+001 2.1358e+005 1.5442e+004 1.4438e+005 1.0309e+005 1.0332e+004 1.1173e+005 5.7386e+004 2.2245e+003
          52 1.2412e-005 3.9678e+003 2.4251e+004 1.6067e-003 3.4478e+003 6.6653e+004 6.8303e+003 1.0730e+006 1.8014e+006 5.2015e+005 1.0161e+006 2.5941e+005 2.5501e+004 6.2490e+005 8.1531e+005 2.7043e+005 9.4425e+003 4.0740e+005 5.1804e+005 1.1951e+003 2.5854e+005 4.6580e+005 2.7278e+004 3.6419e+005 1.0328e+005 2.8213e+005 1.5373e+005 7.1661e+004 2.4376e+005 4.7428e+004 2.0586e+005 5.3062e+004 1.3943e+005 9.4143e+004 5.1542e+004 1.6813e+005 9.4022e+003 5.7964e+004 8.8974e+004 2.7664e+004
          53 1.0902e-004 7.8926e+003 1.9925e+004 2.0095e-001 1.3688e+004 3.1915e+004 9.0555e+003 1.4425e+006 1.8328e+006 3.9680e+005 5.9675e+005 4.7972e+004 2.1274e+005 9.9556e+005 6.0687e+005 3.7355e+004 1.4773e+005 4.9217e+005 2.6959e+005 9.3075e+004 3.0034e+005 2.5083e+005 2.3363e+005 2.7680e+005 3.0127e+003 4.5291e+005 1.1617e+004 1.7620e+005 9.6018e+004 1.7816e+005 7.0708e+004 1.6279e+005 2.7334e+004 1.6294e+005 1.2137e+001 1.4998e+005 8.3371e+004 2.8086e+003 6.4312e+004 5.3298e+004
          54 7.8731e-004 1.9569e+004 5.9822e+003 2.5807e+000 3.2719e+005 1.0259e+004 1.1006e+004 1.8427e+006 1.2190e+006 9.1931e+004 2.9955e+004 5.7676e+004 6.1738e+005 1.1131e+006 7.8793e+004 1.4975e+005 3.7301e+005 2.3576e+005 6.3038e+003 4.8671e+005 6.7036e+004 2.5887e+004 6.0132e+005 1.0849e+004 5.3508e+004 3.7537e+005 1.4837e+005 1.1024e+005 1.3827e+003 2.2035e+005 1.2260e+004 1.5578e+005 3.3724e+004 7.7043e+004 5.8159e+004 2.7014e+004 1.3946e+005 4.9453e+004 9.5644e+002 2.3464e+004
          55 1.8326e-003 1.9911e+004 6.7533e+003 6.7627e+000 1.0121e+006 2.6066e+005 3.4930e+003 6.6318e+005 3.4824e+003 1.3338e+005 5.6021e+005 3.3074e+005 3.5563e+005 1.3990e+005 4.0277e+005 6.7380e+005 9.6732e+004 5.4219e+004 2.0770e+005 3.7963e+005 2.1724e+005 4.8348e+004 2.6739e+005 3.6006e+005 4.6528e+004 3.8274e+003 4.5966e+005 4.0809e+004 1.0457e+005 4.5826e+003 1.7918e+005 9.7787e+002 1.4605e+005 3.3303e+004 4.4568e+004 4.6799e+004 8.8750e+003 9.5360e+004 7.4192e+004 1.5286e+004
          56 1.2049e-003 4.4684e+003 3.2808e+004 4.3922e+000 7.2240e+005 3.2497e+005 6.2296e+001 2.1393e+003 6.5340e+005 4.6250e+005 9.5966e+005 1.2436e+005 8.8191e+002 1.9629e+005 9.1624e+005 2.7627e+005 7.7222e+004 4.6654e+005 2.0678e+005 1.8427e+003 6.4873e+005 3.8389e+004 9.8747e+003 5.6684e+005 1.7945e+004 1.5509e+005 1.2029e+005 3.3608e+005 2.9731e+004 1.2158e+005 6.6428e+004 1.5784e+005 2.1074e+004 1.8645e+005 9.5293e+003 8.1048e+004 5.9789e+004 3.4056e+003 7.0242e+004 6.8688e+004
          57 8.7471e-004 6.0085e+002 4.5716e+004 2.7589e+000 4.6935e+005 2.4839e+005 1.0518e+003 1.4818e+005 1.0988e+006 4.6551e+005 6.7335e+005 1.6084e+003 1.6652e+005 5.5917e+005 7.2228e+005 1.7347e+004 3.7138e+005 5.0493e+005 4.0127e+004 1.0277e+005 5.9630e+005 1.6950e+003 1.5843e+005 3.3119e+005 1.7850e+005 1.9082e+005 1.1606e+002 3.9247e+005 1.0571e+004 1.9571e+005 2.6627e+002 2.0245e+005 1.6161e+004 1.4585e+005 9.8850e+004 1.5952e+004 1.1162e+005 2.5835e+004 1.0938e+004 4.7821e+004
          58 9.0392e-004 8.6523e+000 5.6344e+004 2.1905e+000 3.5987e+005 1.6989e+005 1.4006e+003 2.3579e+005 1.1911e+006 3.8129e+005 3.6000e+005 5.8161e+004 3.9623e+005 6.8133e+005 4.1452e+005 4.3547e+004 6.1544e+005 3.3726e+005 6.9552e+003 2.5602e+005 3.8462e+005 9.0515e+004 2.3306e+005 1.1157e+005 3.7479e+005 8.8843e+004 7.0695e+004 2.7946e+005 1.2145e+005 1.3214e+005 5.8279e+004 1.2273e+005 1.0205e+005 4.7592e+004 1.6935e+005 5.6310e+003 7.7098e+004 8.0016e+004 4.1870e+003 1.1758e+004
          59 1.1688e-003 1.4066e+002 6.7987e+004 1.9542e+000 2.8724e+005 8.5679e+004 1.0612e+003 2.2956e+005 1.1049e+006 2.6812e+005 1.1432e+005 2.5558e+005 5.7431e+005 5.9768e+005 1.4226e+005 2.6347e+005 7.1524e+005 1.1961e+005 1.2975e+005 3.1328e+005 1.5211e+005 2.8655e+005 1.7431e+005 5.3086e+003 4.9102e+005 3.3805e+003 1.7416e+005 1.1286e+005 2.7945e+005 2.9342e+004 1.4875e+005 2.5401e+004 1.7124e+005 7.7103e+000 1.5558e+005 6.6904e+004 1.6407e+004 9.3157e+004 4.0394e+004 6.8541e+002
          60 1.7088e-003 5.8835e+002 7.8821e+004 1.7636e+000 2.0810e+005 1.2995e+004 3.6552e+002 1.5069e+005 8.7290e+005 1.4217e+005 7.1278e+002 5.4980e+005 6.1266e+005 3.5233e+005 3.2220e+003 5.8243e+005 5.9885e+005 2.9982e+002 3.4911e+005 2.2244e+005 1.0005e+004 4.8761e+005 4.4542e+004 2.8738e+004 4.4000e+005 5.7046e+004 1.8981e+005 6.2522e+003 3.6095e+005 9.7205e+003 1.6804e+005 6.3229e+003 1.4766e+005 4.5411e+004 6.8335e+004 1.3896e+005 5.6488e+003 4.8136e+004 7.0397e+004 2.1888e+004
          61 2.5357e-003 1.1959e+003 8.1462e+004 1.4145e+000 1.0860e+005 1.9109e+004 8.6209e+000 4.4579e+004 5.1856e+005 3.5389e+004 1.0203e+005 8.0207e+005 4.3501e+005 7.6352e+004 8.0328e+004 7.9805e+005 2.8410e+005 1.3428e+005 4.9384e+005 5.0672e+004 4.1154e+004 5.2181e+005 1.3535e+004 1.0724e+005 2.2580e+005 2.7181e+005 8.1524e+004 3.3665e+004 2.6713e+005 1.4510e+005 7.6710e+004 8.7784e+004 4.6592e+004 1.2755e+005 1.1387e+003 1.3102e+005 7.2164e+004 1.3029e+003 4.8619e+004 4.3874e+004
          62 3.3460e-003 1.6234e+003 6.6021e+004 8.2886e-001 2.0891e+004 1.8385e+005 8.8118e+002 7.7301e+002 1.6838e+005 7.8904e+002 3.8920e+005 7.7417e+005 1.3097e+005 1.7788e+004 3.0050e+005 6.6369e+005 1.8422e+004 4.7919e+005 3.7217e+005 1.9061e+004 1.7442e+005 3.0243e+005 2.2284e+005 1.0286e+005 2.6510e+004 4.5043e+005 2.8072e+002 1.2119e+005 7.2195e+004 3.1257e+005 7.6191e+000 1.5093e+005 2.3453e+003 1.2187e+005 4.3332e+004 4.0740e+004 1.2915e+005 3.2355e+004 4.1168e+003 2.8426e+004
          63 3.6267e-003 1.5312e+003 3.7343e+004 2.6552e-001 3.6783e+003 4.4261e+005 2.6826e+003 6.2305e+004 7.1535e+003 4.3844e+004 6.0778e+005 4.4433e+005 1.1267e+003 2.4792e+005 3.9492e+005 2.7471e+005 8.3855e+004 6.7113e+005 1.0073e+005 2.2825e+005 1.9762e+005 5.1934e+004 4.9191e+005 1.8522e+004 2.2511e+004 3.6589e+005 1.2136e+005 1.0801e+005 2.0116e+003 2.8811e+005 8.7072e+004 8.7774e+004 8.0691e+004 3.2496e+004 1.1791e+005 1.5320e+003 8.4654e+004 1.0123e+005 1.7058e+004 1.4745e+003
          64 3.3933e-003 1.0922e+003 1.3899e+004 1.4886e-002 5.2203e+004 6.2237e+005 3.9398e+003 1.4609e+005 2.3681e+004 9.5290e+004 5.8897e+005 1.2409e+005 1.5007e+005 4.9275e+005 2.7196e+005 2.3023e+004 3.4982e+005 5.2787e+005 2.1268e+003 4.4431e+005 8.7010e+004 9.5548e+003 5.3258e+005 1.7363e+004 1.1094e+005 1.4350e+005 3.2379e+005 2.3396e+004 7.7940e+004 1.2124e+005 2.3390e+005 6.2575e+003 1.4757e+005 2.7014e+003 1.0296e+005 5.6623e+004 1.2973e+004 1.0301e+005 7.0419e+004 1.1728e+004
          65 3.0541e-003 6.6201e+002 2.7509e+003 3.7283e-002 1.1562e+005 6.6803e+005 4.0486e+003 1.7552e+005 7.6200e+004 1.1153e+005 4.2966e+005 2.1619e+003 3.9729e+005 5.5476e+005 9.6826e+004 3.1592e+004 5.2967e+005 2.5385e+005 1.3048e+005 4.7679e+005 3.5547e+003 1.0486e+005 3.6711e+005 1.4370e+005 1.2865e+005 1.2728e+004 4.0779e+005 6.8296e+003 1.3856e+005 1.0556e+004 2.7680e+005 2.4741e+004 1.1747e+005 5.9958e+004 3.5154e+004 1.0826e+005 5.9990e+003 4.8206e+004 9.1192e+004 4.4255e+004
          66 2.8370e-003 3.6573e+002 4.7517e+000 1.8341e-001 1.6531e+005 6.1961e+005 3.3331e+003 1.4817e+005 9.4962e+004 9.8518e+004 2.5655e+005 4.2748e+004 5.8874e+005 4.5693e+005 4.6516e+003 1.7591e+005 5.3408e+005 5.4851e+004 3.4206e+005 3.5196e+005 3.5068e+004 1.8435e+005 1.6339e+005 3.1025e+005 7.0348e+004 1.3371e+004 3.4392e+005 9.2927e+004 1.1499e+005 1.4305e+004 2.0520e+005 1.2010e+005 4.2758e+004 1.2480e+005 1.2616e+002 9.8889e+004 4.9739e+004 5.0794e+003 6.5044e+004 6.1792e+004
          67 2.7836e-003 1.8684e+002 1.2450e+003 3.6607e-001 1.9523e+005 5.1775e+005 2.2331e+003 9.0705e+004 7.9087e+004 7.2780e+004 1.2353e+005 1.6227e+005 6.7290e+005 2.8642e+005 2.9342e+004 3.2513e+005 4.0827e+005 1.3871e+003 5.0834e+005 1.7321e+005 1.6443e+005 1.8233e+005 3.1100e+004 4.2516e+005 9.5121e+003 7.4957e+004 2.0457e+005 2.2641e+005 4.6311e+004 7.8461e+004 9.3450e+004 2.1268e+005 5.7892e+002 1.3692e+005 2.4990e+004 4.8711e+004 8.9232e+004 6.2307e+003 2.3543e+004 5.1503e+004
          68 2.8795e-003 8.6150e+001 3.9637e+003 5.4752e-001 2.0558e+005 3.8671e+005 1.0998e+003 3.2216e+004 4.6853e+004 4.5650e+004 4.1332e+004 2.9750e+005 6.4764e+005 1.1964e+005 1.5081e+005 4.0268e+005 2.2967e+005 8.1626e+004 5.6112e+005 3.5632e+004 3.2690e+005 1.1164e+005 1.9391e+003 4.3879e+005 1.1634e+004 1.2153e+005 7.2821e+004 3.3198e+005 1.2002e+003 1.3027e+005 1.4591e+004 2.4215e+005 2.7766e+004 9.1816e+004 8.2454e+004 6.0827e+003 8.9364e+004 3.9881e+004 6.7023e+002 2.4934e+004
          69 3.0924e-003 3.3796e+001 6.8050e+003 7.0323e-001 1.9634e+005 2.4461e+005 2.5374e+002 7.5312e+002 1.6383e+004 2.3265e+004 4.7583e+003 4.0325e+005 5.2959e+005 1.5336e+004 3.2126e+005 3.7732e+005 7.3826e+004 2.4097e+005 4.8340e+005 4.0780e+003 4.4495e+005 2.8379e+004 5.2776e+004 3.4814e+005 1.0122e+005 1.1206e+005 4.8634e+003 3.5326e+005 2.8760e+004 1.2518e+005 4.6145e+003 1.9293e+005 1.0987e+005 2.8229e+004 1.2414e+005 6.7564e+003 5.2187e+004 7.2001e+004 1.0003e+004 3.4069e+003
          70 3.3653e-003 1.0156e+001 8.8479e+003 8.0353e-001 1.6767e+005 1.1435e+005 1.3687e+001 2.0970e+004 8.1308e+002 8.4895e+003 1.9517e+003 4.4534e+005 3.5240e+005 1.2757e+004 4.7218e+005 2.6087e+005 1.4995e+003 3.9692e+005 3.0880e+005 9.7246e+004 4.5450e+005 2.1269e+003 1.2532e+005 1.9637e+005 2.4836e+005 5.5107e+004 1.3244e+004 2.7694e+005 1.3026e+005 6.7617e+004 5.0854e+004 9.7675e+004 1.9249e+005 8.6860e+001 1.1477e+005 5.0792e+004 1.0571e+004 7.2948e+004 3.8741e+004 2.4696e+003
          71 3.6166e-003 1.9571e+000 9.4586e+003 8.1895e-001 1.2410e+005 2.5601e+004 5.8086e+002 1.0218e+005 4.4962e+003 1.5213e+003 1.6218e+004 4.0873e+005 1.7099e+005 1.1448e+005 5.3336e+005 1.1215e+005 3.5600e+004 4.6509e+005 1.2017e+005 2.6852e+005 3.4315e+005 7.4937e+004 1.5571e+005 5.9544e+004 3.7609e+005 4.3835e+003 6.2335e+004 1.4651e+005 2.5049e+005 9.4617e+003 1.0159e+005 1.8906e+004 2.1577e+005 3.6633e+004 6.0995e+004 1.0069e+005 2.3712e+003 4.1601e+004 5.8195e+004 1.9693e+004
          72 3.7812e-003 1.9194e-001 8.5538e+003 7.4372e-001 7.6383e+004 5.6378e+002 1.8497e+003 2.2576e+005 2.0534e+004 2.9423e-001 3.0373e+004 3.1117e+005 4.4001e+004 2.7421e+005 4.7567e+005 1.2807e+004 1.4140e+005 4.1002e+005 1.0290e+004 4.2223e+005 1.7258e+005 2.2301e+005 1.1930e+005 9.0394e+002 4.1051e+005 1.8493e+004 9.4925e+004 3.7835e+004 3.1372e+005 9.7344e+003 1.0787e+005 2.1280e+003 1.6389e+005 1.1368e+005 9.7430e+003 1.1300e+005 3.5475e+004 7.7245e+003 4.9994e+004 3.6624e+004
          73 3.8474e-003 4.3299e-002 6.6451e+003 6.0427e-001 3.6387e+004 3.8121e+004 3.4235e+003 3.5316e+005 3.6001e+004 5.2586e+002 3.4408e+004 1.9369e+005 7.7616e+001 4.2228e+005 3.3230e+005 1.4425e+004 2.4893e+005 2.6928e+005 1.9716e+004 4.7848e+005 3.7863e+004 3.7067e+005 4.8826e+004 2.5382e+004 3.3815e+005 1.0993e+005 8.0847e+004 2.9883e+000 2.8517e+005 8.1993e+004 6.6519e+004 3.9544e+004 7.7683e+004 1.7482e+005 4.9653e+003 7.9229e+004 8.0828e+004 2.2506e+003 2.3203e+004 3.7412e+004
          74 3.8258e-003 2.9065e-001 4.4247e+003 4.3812e-001 1.0836e+004 1.1620e+005 4.8200e+003 4.4553e+005 4.0933e+004 7.8625e+002 2.7879e+004 9.3314e+004 2.8246e+004 5.0398e+005 1.6898e+005 1.1169e+005 2.9945e+005 1.1738e+005 1.1967e+005 4.1800e+005 1.6597e+003 4.4416e+005 2.3010e+003 8.6953e+004 2.0547e+005 2.3723e+005 3.6090e+004 2.5646e+004 1.8936e+005 1.8649e+005 1.6213e+004 8.6097e+004 1.3733e+004 1.7982e+005 5.0585e+004 2.8872e+004 1.0185e+005 2.9134e+004 2.2749e+003 2.2583e+004
          75 3.7298e-003 1.5033e+000 2.4661e+003 2.7961e-001 5.7188e+002 2.0343e+005 5.6489e+003 4.7760e+005 3.3221e+004 3.3707e+002 1.6318e+004 2.9591e+004 9.3515e+004 4.9847e+005 4.7629e+004 2.5474e+005 2.7320e+005 1.9905e+004 2.4170e+005 2.8048e+005 6.5691e+004 4.1300e+005 1.9996e+004 1.2976e+005 8.0487e+004 3.3625e+005 2.3688e+003 7.0717e+004 8.3325e+004 2.6338e+005 1.1159e+003 1.0090e+005 2.0444e+003 1.3062e+005 1.1291e+005 8.1383e+002 8.4522e+004 6.5867e+004 4.1969e+003 5.7174e+003
          76 3.6177e-003 4.2883e+000 1.0954e+003 1.5422e-001 1.9691e+003 2.7476e+005 5.8086e+003 4.5111e+005 1.8570e+004 2.9982e+000 6.1896e+003 2.9948e+003 1.5937e+005 4.2536e+005 5.3902e+002 3.8478e+005 1.9397e+005 3.1814e+003 3.2464e+005 1.3528e+005 1.8298e+005 3.0486e+005 1.0094e+005 1.2659e+005 1.1007e+004 3.6626e+005 1.2190e+004 9.3949e+004 1.5962e+004 2.7772e+005 3.7279e+004 7.6783e+004 3.2163e+004 6.3310e+004 1.5226e+005 1.2790e+004 4.5102e+004 8.6034e+004 2.6202e+004 1.3003e+002
          77 3.5445e-003 8.5834e+000 3.2755e+002 6.9023e-002 9.8787e+003 3.1942e+005 5.4166e+003 3.8364e+005 5.1932e+003 7.7594e+002 8.0956e+002 1.5580e+003 2.0459e+005 3.1935e+005 2.4990e+004 4.6546e+005 1.0161e+005 5.3560e+004 3.4323e+005 3.4553e+004 2.9805e+005 1.7254e+005 2.1443e+005 8.5921e+004 3.4887e+003 3.2647e+005 6.9708e+004 8.2219e+004 6.9980e+002 2.3336e+005 1.0888e+005 3.5148e+004 7.2645e+004 1.4149e+004 1.5100e+005 5.4570e+004 1.0675e+004 7.9295e+004 5.2715e+004 8.8883e+003
          78 3.5044e-003 1.3617e+001 2.6789e+001 2.0125e-002 1.9899e+004 3.3265e+005 4.6010e+003 2.9152e+005 1.5957e+001 3.1584e+003 2.8904e+002 1.1738e+004 2.2035e+005 2.0763e+005 9.9709e+004 4.7977e+005 2.9655e+004 1.3854e+005 2.9890e+005 4.4860e+000 3.6822e+005 6.2228e+004 3.1946e+005 3.4443e+004 3.6905e+004 2.3846e+005 1.5540e+005 4.6731e+004 2.3114e+004 1.5493e+005 1.8409e+005 4.3670e+003 9.5198e+004 2.4972e+002 1.1405e+005 1.0147e+005 3.2134e+002 5.1890e+004 6.7785e+004 2.5750e+004
          79 3.5145e-003 1.8343e+001 2.8598e+001 1.0813e-003 2.8991e+004 3.1827e+005 3.5654e+003 1.9462e+005 7.3296e+003 6.9894e+003 2.8446e+003 2.3131e+004 2.0943e+005 1.1265e+005 1.9708e+005 4.3420e+005 2.3920e+002 2.2318e+005 2.1549e+005 2.8106e+004 3.7650e+005 5.2728e+003 3.8357e+005 2.4731e+003 8.0634e+004 1.3793e+005 2.3942e+005 1.1966e+004 5.7007e+004 7.5996e+004 2.3362e+005 4.6372e+003 8.8532e+004 1.8087e+004 6.2885e+004 1.3041e+005 1.7880e+004 2.0736e+004 6.4319e+004 4.0818e+004
          80 3.5778e-003 2.1788e+001 1.8153e+002 4.0841e-003 3.5469e+004 2.8253e+005 2.4799e+003 1.0795e+005 2.8256e+004 1.1615e+004 6.1041e+003 2.9894e+004 1.7940e+005 4.5367e+004 2.9225e+005 3.4642e+005 1.9789e+004 2.8117e+005 1.2226e+005 9.8099e+004 3.2765e+005 1.0232e+004 3.9110e+005 9.9328e+003 1.0930e+005 5.5214e+004 2.9551e+005 3.6288e+002 7.9369e+004 2.1010e+004 2.4204e+005 3.9659e+004 5.8963e+004 5.0591e+004 2.0147e+004 1.3026e+005 5.3339e+004 1.8655e+003 4.5555e+004 4.6554e+004
          81 3.6599e-003 2.3023e+001 3.6787e+002 2.1800e-002 3.8251e+004 2.3069e+005 1.4757e+003 4.2511e+004 6.0537e+004 1.5947e+004 8.0232e+003 2.9842e+004 1.3801e+005 8.8052e+003 3.6277e+005 2.3709e+005 8.1585e+004 2.9543e+005 4.5501e+004 1.8065e+005 2.3893e+005 6.6857e+004 3.4056e+005 6.1282e+004 1.0903e+005 8.5819e+003 3.0555e+005 2.3712e+004 7.7885e+004 2.5816e+002 2.0810e+005 9.7383e+004 2.3493e+004 7.7260e+004 6.5723e+002 1.0263e+005 8.9217e+004 3.7437e+003 2.1427e+004 4.0402e+004
          82 3.7612e-003 2.1819e+001 5.0977e+002 4.7363e-002 3.7408e+004 1.7223e+005 6.8637e+002 6.4549e+003 9.9294e+004 1.8977e+004 7.6310e+003 2.4117e+004 9.4911e+004 2.3453e+002 3.9690e+005 1.3225e+005 1.6862e+005 2.6582e+005 4.6218e+003 2.4791e+005 1.3975e+005 1.5105e+005 2.5110e+005 1.4465e+005 8.2278e+004 1.6958e+003 2.7008e+005 7.8837e+004 5.5276e+004 9.3990e+003 1.4755e+005 1.5673e+005 1.7755e+003 8.4363e+004 6.9418e+003 6.1596e+004 1.0984e+005 2.4353e+004 3.9578e+003 2.6178e+004
          83 3.8188e-003 1.8221e+001 5.6146e+002 7.3692e-002 3.3123e+004 1.1397e+005 1.8654e+002 1.8208e+003 1.3611e+005 1.9709e+004 5.1540e+003 1.5349e+004 5.6477e+004 1.1824e+004 3.8653e+005 5.1473e+004 2.5542e+005 2.0146e+005 5.4496e+003 2.7695e+005 5.6584e+004 2.3060e+005 1.4819e+005 2.3376e+005 4.2750e+004 2.3530e+004 2.0056e+005 1.4773e+005 2.4625e+004 3.3198e+004 8.1121e+004 1.9442e+005 5.7453e+003 6.8912e+004 2.9409e+004 2.3951e+004 1.0636e+005 5.2597e+004 6.4348e+002 1.0841e+004
          84 3.7965e-003 1.3197e+001 5.1915e+002 9.4306e-002 2.6603e+004 6.4698e+004 3.0522e+000 2.3511e+004 1.6208e+005 1.7938e+004 2.0750e+003 7.0869e+003 2.8003e+004 3.2548e+004 3.3787e+005 8.1299e+003 3.1637e+005 1.2486e+005 3.8893e+004 2.6116e+005 9.5245e+003 2.7719e+005 6.2730e+004 2.9829e+005 1.0736e+004 5.4019e+004 1.2190e+005 2.0485e+005 3.4455e+003 5.3527e+004 3.0271e+004 1.9742e+005 3.3527e+004 4.0860e+004 5.2107e+004 3.1095e+003 8.2536e+004 7.4188e+004 1.0995e+004 1.4673e+003
