   v'->v''           0           1           2           3           4
           0 0.0000e+000 0.0000e+000 0.0000e+000 0.0000e+000 0.0000e+000
           1 0.0000e+000 0.0000e+000 0.0000e+000 0.0000e+000 0.0000e+000
           2 0.0000e+000 0.0000e+000 0.0000e+000 0.0000e+000 0.0000e+000
           3 0.0000e+000 0.0000e+000 0.0000e+000 0.0000e+000 0.0000e+000
           4 0.0000e+000 0.0000e+000 0.0000e+000 0.0000e+000 0.0000e+000
           5 0.0000e+000 0.0000e+000 0.0000e+000 0.0000e+000 0.0000e+000
           6 0.0000e+000 0.0000e+000 0.0000e+000 0.0000e+000 0.0000e+000
           7 0.0000e+000 0.0000e+000 0.0000e+000 0.0000e+000 0.0000e+000
           8 0.0000e+000 0.0000e+000 0.0000e+000 0.0000e+000 0.0000e+000
           9 3.0081e-005 0.0000e+000 0.0000e+000 0.0000e+000 0.0000e+000
          10 2.5230e-006 6.2256e-006 0.0000e+000 0.0000e+000 0.0000e+000
          11 2.5003e-004 3.7496e-007 0.0000e+000 0.0000e+000 0.0000e+000
          12 2.1662e-004 2.4383e-004 3.9863e-006 0.0000e+000 0.0000e+000
          13 3.1999e-005 1.1968e-004 1.9505e-005 5.0652e-009 0.0000e+000
          14 5.3193e-004 9.9409e-005 1.9164e-006 8.0408e-007 0.0000e+000
          15 6.9690e-004 5.9472e-004 5.3341e-005 7.3373e-008 0.0000e+000
          16 3.8726e-004 5.8147e-004 5.5900e-005 7.3841e-007 2.5305e-009
