   v'->v''           0           1           2           3           4
           0 0.0000e+000 0.0000e+000 0.0000e+000 0.0000e+000 0.0000e+000
           1 0.0000e+000 0.0000e+000 0.0000e+000 0.0000e+000 0.0000e+000
           2 0.0000e+000 0.0000e+000 0.0000e+000 0.0000e+000 0.0000e+000
           3 0.0000e+000 0.0000e+000 0.0000e+000 0.0000e+000 0.0000e+000
           4 0.0000e+000 0.0000e+000 0.0000e+000 0.0000e+000 0.0000e+000
           5 0.0000e+000 0.0000e+000 0.0000e+000 0.0000e+000 0.0000e+000
           6 0.0000e+000 0.0000e+000 0.0000e+000 0.0000e+000 0.0000e+000
           7 0.0000e+000 0.0000e+000 0.0000e+000 0.0000e+000 0.0000e+000
           8 0.0000e+000 0.0000e+000 0.0000e+000 0.0000e+000 0.0000e+000
           9 0.0000e+000 0.0000e+000 0.0000e+000 0.0000e+000 0.0000e+000
          10 0.0000e+000 0.0000e+000 0.0000e+000 0.0000e+000 0.0000e+000
          11 2.6128e-003 0.0000e+000 0.0000e+000 0.0000e+000 0.0000e+000
          12 2.9040e-001 0.0000e+000 0.0000e+000 0.0000e+000 0.0000e+000
          13 1.7423e-001 2.9319e-002 0.0000e+000 0.0000e+000 0.0000e+000
          14 2.4554e-001 1.2822e-001 0.0000e+000 0.0000e+000 0.0000e+000
          15 3.3753e+000 1.5878e-002 4.3563e-002 0.0000e+000 0.0000e+000
          16 9.7425e+000 1.8725e-001 1.8911e-001 0.0000e+000 0.0000e+000
          17 1.6011e+001 1.1434e+000 2.4565e-001 2.8370e-002 0.0000e+000
          18 1.8763e+001 2.4403e+000 1.6549e-001 1.2859e-001 0.0000e+000
          19 1.7208e+001 3.1986e+000 6.3405e-002 2.0608e-001 4.2772e-004
          20 1.2622e+001 2.9335e+000 1.2443e-002 1.9674e-001 5.6674e-003
          21 7.2540e+000 1.9192e+000 8.3926e-004 1.2766e-001 8.2741e-003
          22 3.3792e+000 9.5311e-001 8.9751e-007 6.2577e-002 5.5889e-003
          23 1.4926e+000 4.3306e-001 4.9212e-005 2.8214e-002 2.8694e-003
          24 6.2937e-001 1.8486e-001 4.0762e-005 1.1999e-002 1.2882e-003
