   v'->v''           0           1           2           3           4           5           6           7           8           9          10          11          12          13          14          15          16          17          18          19          20          21
           0 9.2570e+003 0.0000e+000 0.0000e+000 0.0000e+000 0.0000e+000 0.0000e+000 0.0000e+000 0.0000e+000 0.0000e+000 0.0000e+000 0.0000e+000 0.0000e+000 0.0000e+000 0.0000e+000 0.0000e+000 0.0000e+000 0.0000e+000 0.0000e+000 0.0000e+000 0.0000e+000 0.0000e+000 0.0000e+000
           1 3.6654e+002 9.9463e+003 0.0000e+000 0.0000e+000 0.0000e+000 0.0000e+000 0.0000e+000 0.0000e+000 0.0000e+000 0.0000e+000 0.0000e+000 0.0000e+000 0.0000e+000 0.0000e+000 0.0000e+000 0.0000e+000 0.0000e+000 0.0000e+000 0.0000e+000 0.0000e+000 0.0000e+000 0.0000e+000
           2 1.8930e+001 6.3532e+002 1.0528e+004 0.0000e+000 0.0000e+000 0.0000e+000 0.0000e+000 0.0000e+000 0.0000e+000 0.0000e+000 0.0000e+000 0.0000e+000 0.0000e+000 0.0000e+000 0.0000e+000 0.0000e+000 0.0000e+000 0.0000e+000 0.0000e+000 0.0000e+000 0.0000e+000 0.0000e+000
           3 5.7852e-001 5.8353e+001 7.7960e+002 1.1034e+004 0.0000e+000 0.0000e+000 0.0000e+000 0.0000e+000 0.0000e+000 0.0000e+000 0.0000e+000 0.0000e+000 0.0000e+000 0.0000e+000 0.0000e+000 0.0000e+000 0.0000e+000 0.0000e+000 0.0000e+000 0.0000e+000 0.0000e+000 0.0000e+000
           4 7.8125e-001 2.1935e+000 1.0737e+002 8.4683e+002 1.1416e+004 0.0000e+000 0.0000e+000 0.0000e+000 0.0000e+000 0.0000e+000 0.0000e+000 0.0000e+000 0.0000e+000 0.0000e+000 0.0000e+000 0.0000e+000 0.0000e+000 0.0000e+000 0.0000e+000 0.0000e+000 0.0000e+000 0.0000e+000
           5 8.9475e-001 3.1637e-001 7.3769e+000 1.6927e+002 8.4133e+002 1.1664e+004 0.0000e+000 0.0000e+000 0.0000e+000 0.0000e+000 0.0000e+000 0.0000e+000 0.0000e+000 0.0000e+000 0.0000e+000 0.0000e+000 0.0000e+000 0.0000e+000 0.0000e+000 0.0000e+000 0.0000e+000 0.0000e+000
           6 7.5978e-001 1.0413e+000 5.9766e-001 1.7393e+001 2.4096e+002 7.6111e+002 1.1745e+004 0.0000e+000 0.0000e+000 0.0000e+000 0.0000e+000 0.0000e+000 0.0000e+000 0.0000e+000 0.0000e+000 0.0000e+000 0.0000e+000 0.0000e+000 0.0000e+000 0.0000e+000 0.0000e+000 0.0000e+000
           7 1.0549e-001 1.0804e+000 3.9112e-001 1.6559e+000 2.9792e+001 3.2204e+002 6.1648e+002 1.1625e+004 0.0000e+000 0.0000e+000 0.0000e+000 0.0000e+000 0.0000e+000 0.0000e+000 0.0000e+000 0.0000e+000 0.0000e+000 0.0000e+000 0.0000e+000 0.0000e+000 0.0000e+000 0.0000e+000
           8 1.7666e+000 1.8410e-001 6.6342e-001 2.4191e-002 5.3553e+000 4.7835e+001 4.0979e+002 4.2860e+002 1.1282e+004 0.0000e+000 0.0000e+000 0.0000e+000 0.0000e+000 0.0000e+000 0.0000e+000 0.0000e+000 0.0000e+000 0.0000e+000 0.0000e+000 0.0000e+000 0.0000e+000 0.0000e+000
           9 4.1847e-002 9.3575e-001 2.4307e-001 1.2468e-001 2.8126e-002 9.1666e+000 7.1743e+001 4.9601e+002 2.3080e+002 1.0693e+004 0.0000e+000 0.0000e+000 0.0000e+000 0.0000e+000 0.0000e+000 0.0000e+000 0.0000e+000 0.0000e+000 0.0000e+000 0.0000e+000 0.0000e+000 0.0000e+000
          10 6.8847e-001 1.0011e-001 2.5564e-001 1.8202e-001 9.4082e-001 4.5766e-001 1.5167e+001 1.0407e+002 5.6853e+002 6.9457e+001 9.8498e+003 0.0000e+000 0.0000e+000 0.0000e+000 0.0000e+000 0.0000e+000 0.0000e+000 0.0000e+000 0.0000e+000 0.0000e+000 0.0000e+000 0.0000e+000
          11 3.2168e-001 5.8035e-001 2.1158e-001 4.6075e-003 3.3426e-001 8.4534e-001 1.9415e+000 2.3384e+001 1.4657e+002 6.0784e+002 4.6432e-002 8.7565e+003 0.0000e+000 0.0000e+000 0.0000e+000 0.0000e+000 0.0000e+000 0.0000e+000 0.0000e+000 0.0000e+000 0.0000e+000 0.0000e+000
          12 3.7417e-002 1.1102e-004 1.6008e-001 1.8362e-001 4.3062e-001 1.7131e-001 1.4326e+000 4.9101e+000 3.8443e+001 2.0123e+002 5.9148e+002 8.0229e+001 7.4403e+003 0.0000e+000 0.0000e+000 0.0000e+000 0.0000e+000 0.0000e+000 0.0000e+000 0.0000e+000 0.0000e+000 0.0000e+000
          13 2.7045e-001 4.3222e-001 8.4544e-002 1.9772e-002 2.6208e-001 1.9740e-001 9.6070e-003 2.6001e+000 7.2967e+000 6.0487e+001 2.6658e+002 4.9955e+002 3.5467e+002 5.9553e+003 0.0000e+000 0.0000e+000 0.0000e+000 0.0000e+000 0.0000e+000 0.0000e+000 0.0000e+000 0.0000e+000
          14 8.0546e-002 3.6004e-001 3.3255e-001 8.0343e-002 4.9921e-001 7.5411e-002 8.6627e-002 1.9320e-001 6.1622e+000 1.2844e+001 8.9797e+001 3.2720e+002 3.3214e+002 8.2263e+002 4.4003e+003 0.0000e+000 0.0000e+000 0.0000e+000 0.0000e+000 0.0000e+000 0.0000e+000 0.0000e+000
          15 2.6580e-002 9.1756e-003 9.6159e-002 1.0881e-001 3.0520e-003 1.2620e-001 3.6340e-002 6.1716e-003 1.4038e+000 9.8259e+000 2.4732e+001 1.3047e+002 3.5342e+002 1.2800e+002 1.3906e+003 2.9082e+003 0.0000e+000 0.0000e+000 0.0000e+000 0.0000e+000 0.0000e+000 0.0000e+000
          16 2.5008e-001 1.4832e-001 1.2504e-002 1.3957e-002 2.1167e-001 1.1356e-005 9.1297e-002 6.0083e-002 7.8586e-002 3.9640e+000 1.4019e+001 4.4680e+001 1.8543e+002 3.1384e+002 2.5460e+000 1.8586e+003 1.6312e+003 0.0000e+000 0.0000e+000 0.0000e+000 0.0000e+000 0.0000e+000
          17 3.8853e-001 3.8689e-001 1.4805e-001 7.7716e-003 2.7208e-001 6.1263e-002 9.1703e-003 7.9070e-002 8.1097e-002 7.2305e-001 6.8126e+000 2.1807e+001 6.9514e+001 2.2018e+002 1.7889e+002 1.0008e+002 1.9330e+003 7.3028e+002 0.0000e+000 0.0000e+000 0.0000e+000 0.0000e+000
          18 3.3695e-001 4.0174e-001 2.0745e-001 3.2851e-002 1.1212e-001 6.6220e-002 7.0182e-003 2.7714e-002 2.1752e-001 2.0776e-001 2.4933e+000 1.0903e+001 3.3315e+001 1.0528e+002 1.8998e+002 2.4721e+001 4.4368e+002 1.4319e+003 2.3417e+002 0.0000e+000 0.0000e+000 0.0000e+000
          19 2.0854e-001 2.7174e-001 1.5698e-001 3.2712e-002 1.8912e-002 2.6295e-002 1.8000e-002 3.3188e-003 2.2401e-001 1.7574e-001 9.6521e-001 4.9069e+000 1.7759e+001 4.9997e+001 1.1467e+002 7.5809e+001 4.3481e+001 6.6442e+002 6.8145e+002 3.9830e+001 0.0000e+000 0.0000e+000
          20 9.2379e-002 1.2623e-001 7.6156e-002 1.7400e-002 7.8453e-004 5.6272e-003 1.0994e-002 5.7959e-005 1.1780e-001 1.2806e-001 3.8687e-001 1.8864e+000 7.6744e+000 2.0969e+001 5.1021e+001 5.1067e+001 3.7636e-001 2.0347e+002 3.8892e+002 1.3301e+002 1.4817e+000 0.0000e+000
          21 2.4566e-002 3.4202e-002 2.0904e-002 4.8996e-003 6.9194e-008 8.9052e-004 3.0915e-003 4.6026e-006 3.2602e-002 4.2378e-002 1.0451e-001 4.8350e-001 2.0388e+000 5.5851e+000 1.3775e+001 1.5455e+001 1.6891e-001 4.4575e+001 1.0885e+002 5.1055e+001 4.4902e+000 0.0000e+000
