   v'->v''           0           1           2           3           4           5           6           7           8           9          10          11          12          13          14          15          16          17          18          19          20
           0 0.0000e+000 0.0000e+000 0.0000e+000 0.0000e+000 0.0000e+000 0.0000e+000 0.0000e+000 0.0000e+000 0.0000e+000 0.0000e+000 0.0000e+000 0.0000e+000 0.0000e+000 0.0000e+000 0.0000e+000 0.0000e+000 0.0000e+000 0.0000e+000 0.0000e+000 0.0000e+000 0.0000e+000
           1 0.0000e+000 0.0000e+000 0.0000e+000 0.0000e+000 0.0000e+000 0.0000e+000 0.0000e+000 0.0000e+000 0.0000e+000 0.0000e+000 0.0000e+000 0.0000e+000 0.0000e+000 0.0000e+000 0.0000e+000 0.0000e+000 0.0000e+000 0.0000e+000 0.0000e+000 0.0000e+000 0.0000e+000
           2 0.0000e+000 0.0000e+000 0.0000e+000 0.0000e+000 0.0000e+000 0.0000e+000 0.0000e+000 0.0000e+000 0.0000e+000 0.0000e+000 0.0000e+000 0.0000e+000 0.0000e+000 0.0000e+000 0.0000e+000 0.0000e+000 0.0000e+000 0.0000e+000 0.0000e+000 0.0000e+000 0.0000e+000
           3 0.0000e+000 0.0000e+000 0.0000e+000 0.0000e+000 0.0000e+000 0.0000e+000 0.0000e+000 0.0000e+000 0.0000e+000 0.0000e+000 0.0000e+000 0.0000e+000 0.0000e+000 0.0000e+000 0.0000e+000 0.0000e+000 0.0000e+000 0.0000e+000 0.0000e+000 0.0000e+000 0.0000e+000
           4 1.1795e-004 0.0000e+000 0.0000e+000 0.0000e+000 0.0000e+000 0.0000e+000 0.0000e+000 0.0000e+000 0.0000e+000 0.0000e+000 0.0000e+000 0.0000e+000 0.0000e+000 0.0000e+000 0.0000e+000 0.0000e+000 0.0000e+000 0.0000e+000 0.0000e+000 0.0000e+000 0.0000e+000
           5 5.8129e-003 1.0365e-004 0.0000e+000 0.0000e+000 0.0000e+000 0.0000e+000 0.0000e+000 0.0000e+000 0.0000e+000 0.0000e+000 0.0000e+000 0.0000e+000 0.0000e+000 0.0000e+000 0.0000e+000 0.0000e+000 0.0000e+000 0.0000e+000 0.0000e+000 0.0000e+000 0.0000e+000
           6 3.2154e-002 1.9579e-002 1.2295e-003 0.0000e+000 0.0000e+000 0.0000e+000 0.0000e+000 0.0000e+000 0.0000e+000 0.0000e+000 0.0000e+000 0.0000e+000 0.0000e+000 0.0000e+000 0.0000e+000 0.0000e+000 0.0000e+000 0.0000e+000 0.0000e+000 0.0000e+000 0.0000e+000
           7 2.8843e-002 1.1453e-002 1.1440e-002 2.6940e-003 0.0000e+000 0.0000e+000 0.0000e+000 0.0000e+000 0.0000e+000 0.0000e+000 0.0000e+000 0.0000e+000 0.0000e+000 0.0000e+000 0.0000e+000 0.0000e+000 0.0000e+000 0.0000e+000 0.0000e+000 0.0000e+000 0.0000e+000
           8 1.0838e-001 1.0932e-001 2.7216e-003 5.7785e-003 1.2589e-003 0.0000e+000 0.0000e+000 0.0000e+000 0.0000e+000 0.0000e+000 0.0000e+000 0.0000e+000 0.0000e+000 0.0000e+000 0.0000e+000 0.0000e+000 0.0000e+000 0.0000e+000 0.0000e+000 0.0000e+000 0.0000e+000
           9 5.0958e-003 7.6216e-002 2.3086e-001 1.6717e-002 1.7904e-002 1.9150e-005 0.0000e+000 0.0000e+000 0.0000e+000 0.0000e+000 0.0000e+000 0.0000e+000 0.0000e+000 0.0000e+000 0.0000e+000 0.0000e+000 0.0000e+000 0.0000e+000 0.0000e+000 0.0000e+000 0.0000e+000
          10 2.0459e-003 7.9219e-003 4.7995e-002 7.2882e-002 3.3572e-002 8.7361e-003 0.0000e+000 0.0000e+000 0.0000e+000 0.0000e+000 0.0000e+000 0.0000e+000 0.0000e+000 0.0000e+000 0.0000e+000 0.0000e+000 0.0000e+000 0.0000e+000 0.0000e+000 0.0000e+000 0.0000e+000
          11 7.4017e-002 7.9015e-003 5.8430e-002 1.6996e-002 5.1854e-002 1.0243e-003 7.1113e-004 0.0000e+000 0.0000e+000 0.0000e+000 0.0000e+000 0.0000e+000 0.0000e+000 0.0000e+000 0.0000e+000 0.0000e+000 0.0000e+000 0.0000e+000 0.0000e+000 0.0000e+000 0.0000e+000
          12 1.1572e-001 2.0801e-001 5.7438e-003 4.5504e-003 4.9925e-003 1.4066e-002 1.2799e-002 2.1767e-001 0.0000e+000 0.0000e+000 0.0000e+000 0.0000e+000 0.0000e+000 0.0000e+000 0.0000e+000 0.0000e+000 0.0000e+000 0.0000e+000 0.0000e+000 0.0000e+000 0.0000e+000
          13 1.5070e-002 1.6981e-001 3.8772e-002 5.7083e-002 4.0365e-003 1.2785e-002 5.7980e-003 2.1803e-002 1.9201e+000 4.1779e-002 0.0000e+000 0.0000e+000 0.0000e+000 0.0000e+000 0.0000e+000 0.0000e+000 0.0000e+000 0.0000e+000 0.0000e+000 0.0000e+000 0.0000e+000
          14 3.3485e-002 3.0599e-006 1.5375e-002 2.3889e-002 1.8866e-001 2.0330e-002 1.8860e-002 1.9368e-002 6.1717e-002 3.2641e+000 3.0613e+000 0.0000e+000 0.0000e+000 0.0000e+000 0.0000e+000 0.0000e+000 0.0000e+000 0.0000e+000 0.0000e+000 0.0000e+000 0.0000e+000
          15 1.3953e-001 1.5715e-001 1.2826e-002 1.9782e-002 3.3441e-001 1.3538e-001 3.5725e-002 2.2513e-001 1.8132e-001 1.0373e+000 2.2322e+000 1.5621e+001 0.0000e+000 0.0000e+000 0.0000e+000 0.0000e+000 0.0000e+000 0.0000e+000 0.0000e+000 0.0000e+000 0.0000e+000
          16 1.5980e-001 3.1592e-001 5.4365e-002 9.8900e-002 7.9102e-002 5.6187e-002 7.9429e-002 4.2316e-003 5.0777e-002 7.7105e-003 1.6517e+000 4.1719e-001 3.7442e+001 0.0000e+000 0.0000e+000 0.0000e+000 0.0000e+000 0.0000e+000 0.0000e+000 0.0000e+000 0.0000e+000
          17 1.0391e-001 2.6832e-001 3.5417e-002 7.1031e-002 1.4256e-003 4.7817e-003 4.8889e-002 4.3341e-002 6.4253e-002 9.6331e-003 3.6168e-001 1.4358e+000 5.5332e-001 5.9636e+001 0.0000e+000 0.0000e+000 0.0000e+000 0.0000e+000 0.0000e+000 0.0000e+000 0.0000e+000
          18 4.8189e-002 1.4729e-001 6.4217e-003 1.3645e-002 2.6483e-002 1.9233e-003 2.8835e-002 5.9566e-002 1.4703e-001 4.4829e-002 1.5152e-001 6.4758e-001 3.9591e-001 6.7620e+000 6.1778e+001 0.0000e+000 0.0000e+000 0.0000e+000 0.0000e+000 0.0000e+000 0.0000e+000
          19 1.8324e-002 6.2576e-002 1.0998e-006 1.7471e-006 2.1110e-002 6.4659e-003 1.7824e-002 5.6520e-002 1.5008e-001 2.4205e-005 6.7363e-004 4.3125e-001 1.9430e-001 5.2176e-003 2.6159e+001 2.5525e+001 0.0000e+000 0.0000e+000 0.0000e+000 0.0000e+000 0.0000e+000
          20 7.7832e-003 2.8419e-002 9.9022e-004 2.8176e-003 1.0637e-002 1.0439e-002 1.1585e-002 4.9599e-002 8.2011e-002 2.0722e-002 5.6937e-003 1.5170e-001 2.7503e-001 3.8469e-003 3.6111e+000 3.9040e+001 1.7975e+000 0.0000e+000 0.0000e+000 0.0000e+000 0.0000e+000
          21 3.9831e-003 1.5181e-002 1.9440e-003 5.6052e-003 5.2035e-003 1.2401e-002 8.2889e-003 4.3559e-002 3.6177e-002 4.4342e-002 5.3482e-003 4.6395e-002 2.6834e-001 1.0894e-002 4.7783e-001 2.2857e+001 9.5598e+000 2.0207e-001 0.0000e+000 0.0000e+000 0.0000e+000
          22 2.1110e-003 8.2594e-003 2.0766e-003 6.1667e-003 2.3600e-003 1.1417e-002 5.6383e-003 3.3804e-002 1.2387e-002 4.8176e-002 2.1055e-003 1.3138e-002 1.9279e-001 1.6455e-002 5.6211e-002 1.0133e+001 1.3636e+001 4.1246e-001 1.9647e-001 0.0000e+000 0.0000e+000
          23 1.0691e-003 4.2419e-003 1.5592e-003 4.7464e-003 9.9141e-004 8.1347e-003 3.3718e-003 2.1828e-002 3.3755e-003 3.5921e-002 5.0024e-004 3.7795e-003 1.1165e-001 1.4691e-002 6.4937e-003 3.9298e+000 1.0720e+001 8.2240e-001 5.1618e-002 1.3967e-001 0.0000e+000
          24 4.1107e-004 1.6411e-003 7.2798e-004 2.2493e-003 3.3162e-004 3.7300e-003 1.4176e-003 9.5254e-003 7.2991e-004 1.6616e-002 8.0099e-005 1.0104e-003 4.5245e-002 7.3547e-003 8.4166e-004 1.2350e+000 4.8791e+000 6.2202e-001 1.9357e-002 4.6386e-002 3.0734e-002
