   v'->v''           0           1           2           3           4           5           6           7           8           9          10          11          12          13          14          15          16          17          18          19          20          21          22
           0 2.5869e+007 5.1586e+006 2.2115e+005 2.1826e+003 3.9690e+000 2.6640e-004 2.8914e-007 0.0000e+000 0.0000e+000 0.0000e+000 0.0000e+000 0.0000e+000 0.0000e+000 0.0000e+000 0.0000e+000 0.0000e+000 0.0000e+000 0.0000e+000 0.0000e+000 0.0000e+000 0.0000e+000 0.0000e+000 0.0000e+000
           1 8.2789e+006 1.2324e+007 7.8644e+006 6.0273e+005 9.2177e+003 2.5742e+001 2.0946e-003 4.2989e-006 0.0000e+000 0.0000e+000 0.0000e+000 0.0000e+000 0.0000e+000 0.0000e+000 0.0000e+000 0.0000e+000 0.0000e+000 0.0000e+000 0.0000e+000 0.0000e+000 0.0000e+000 0.0000e+000 0.0000e+000
           2 2.0468e+006 1.0486e+007 4.6139e+006 8.7059e+006 1.0850e+006 2.4593e+004 1.0497e+002 4.8317e-002 9.8451e-006 0.0000e+000 0.0000e+000 0.0000e+000 0.0000e+000 0.0000e+000 0.0000e+000 0.0000e+000 0.0000e+000 0.0000e+000 0.0000e+000 0.0000e+000 0.0000e+000 0.0000e+000 0.0000e+000
           3 4.8439e+005 4.2995e+006 9.2968e+006 9.7103e+005 8.1785e+006 1.6071e+006 5.2947e+004 3.4504e+002 3.8734e-001 2.5935e-004 0.0000e+000 0.0000e+000 0.0000e+000 0.0000e+000 0.0000e+000 0.0000e+000 0.0000e+000 0.0000e+000 0.0000e+000 0.0000e+000 0.0000e+000 0.0000e+000 0.0000e+000
           4 1.1392e+005 1.4474e+006 5.7677e+006 6.5745e+006 2.7151e+002 6.7185e+006 2.0997e+006 1.0048e+005 1.0162e+003 2.3045e+000 3.2314e-003 0.0000e+000 0.0000e+000 0.0000e+000 0.0000e+000 0.0000e+000 0.0000e+000 0.0000e+000 0.0000e+000 0.0000e+000 0.0000e+000 0.0000e+000 0.0000e+000
           5 2.7985e+004 4.5529e+005 2.6075e+006 6.0548e+006 3.6194e+006 5.7257e+005 4.7302e+006 2.4777e+006 1.7525e+005 2.8084e+003 1.2712e+001 2.5077e-002 2.4956e-012 0.0000e+000 0.0000e+000 0.0000e+000 0.0000e+000 0.0000e+000 0.0000e+000 0.0000e+000 0.0000e+000 0.0000e+000 0.0000e+000
           6 7.0906e+003 1.4353e+005 1.0453e+006 3.5665e+006 5.1762e+006 1.2933e+006 1.7369e+006 2.6299e+006 2.6268e+006 2.8611e+005 7.5521e+003 6.7668e+001 2.4752e-001 4.9011e-006 0.0000e+000 0.0000e+000 0.0000e+000 0.0000e+000 0.0000e+000 0.0000e+000 0.0000e+000 0.0000e+000 0.0000e+000
           7 1.7743e+003 4.5928e+004 4.0717e+005 1.7704e+006 3.9346e+006 3.4566e+006 1.0810e+005 2.6492e+006 8.8878e+005 2.3968e+006 4.3489e+005 2.0224e+004 3.6328e+002 2.6673e+000 7.5400e-004 0.0000e+000 0.0000e+000 0.0000e+000 0.0000e+000 0.0000e+000 0.0000e+000 0.0000e+000 0.0000e+000
           8 4.4825e+002 1.4858e+004 1.5844e+005 8.2106e+005 2.3441e+006 3.4000e+006 1.4844e+006 1.9693e+005 2.5742e+006 2.8924e+004 1.6420e+006 5.8201e+005 5.2714e+004 2.0003e+003 3.3712e+001 1.1352e-001 4.0303e-008 0.0000e+000 0.0000e+000 0.0000e+000 0.0000e+000 0.0000e+000 0.0000e+000
           9 1.2150e+002 4.8582e+003 6.0583e+004 3.5989e+005 1.2070e+006 2.2781e+006 1.9244e+006 1.4864e+005 1.0067e+006 1.2326e+006 2.9915e+005 5.0439e+005 5.4153e+005 1.1525e+005 1.1134e+004 5.6483e+002 1.0934e+001 2.9765e-002 1.6525e-007 0.0000e+000 0.0000e+000 0.0000e+000 0.0000e+000
