   v'->v''           0           1           2           3           4
           0 0.0000e+000 0.0000e+000 0.0000e+000 0.0000e+000 0.0000e+000
           1 0.0000e+000 0.0000e+000 0.0000e+000 0.0000e+000 0.0000e+000
           2 0.0000e+000 0.0000e+000 0.0000e+000 0.0000e+000 0.0000e+000
           3 0.0000e+000 0.0000e+000 0.0000e+000 0.0000e+000 0.0000e+000
           4 1.4116e+000 0.0000e+000 0.0000e+000 0.0000e+000 0.0000e+000
           5 3.9243e+000 1.1827e+000 0.0000e+000 0.0000e+000 0.0000e+000
           6 2.7783e+000 8.5254e+000 6.5353e-002 0.0000e+000 0.0000e+000
           7 1.4218e+000 8.9857e+000 8.3968e+000 0.0000e+000 0.0000e+000
           8 9.0443e-001 6.3028e+000 1.3661e+001 2.8607e+000 0.0000e+000
           9 5.2035e-001 3.9261e+000 1.1129e+001 9.4266e+000 1.7331e-005
