   v'->v''           0           1           2           3           4           5           6           7           8           9          10          11
           0 4.4510e+002 0.0000e+000 0.0000e+000 0.0000e+000 0.0000e+000 0.0000e+000 0.0000e+000 0.0000e+000 0.0000e+000 0.0000e+000 0.0000e+000 0.0000e+000
           1 8.6937e+004 0.0000e+000 0.0000e+000 0.0000e+000 0.0000e+000 0.0000e+000 0.0000e+000 0.0000e+000 0.0000e+000 0.0000e+000 0.0000e+000 0.0000e+000
           2 5.5470e+001 1.0959e+004 0.0000e+000 0.0000e+000 0.0000e+000 0.0000e+000 0.0000e+000 0.0000e+000 0.0000e+000 0.0000e+000 0.0000e+000 0.0000e+000
           3 1.0511e+004 6.3286e+004 0.0000e+000 0.0000e+000 0.0000e+000 0.0000e+000 0.0000e+000 0.0000e+000 0.0000e+000 0.0000e+000 0.0000e+000 0.0000e+000
           4 6.0928e+003 3.6231e+003 1.3176e+004 0.0000e+000 0.0000e+000 0.0000e+000 0.0000e+000 0.0000e+000 0.0000e+000 0.0000e+000 0.0000e+000 0.0000e+000
           5 2.8173e+002 1.4970e+004 4.6116e+004 6.3780e+002 0.0000e+000 0.0000e+000 0.0000e+000 0.0000e+000 0.0000e+000 0.0000e+000 0.0000e+000 0.0000e+000
           6 5.8612e+002 2.0292e+004 5.7012e+003 1.8612e+004 2.4122e-003 0.0000e+000 0.0000e+000 0.0000e+000 0.0000e+000 0.0000e+000 0.0000e+000 0.0000e+000
           7 4.9558e+002 3.3309e+003 9.3778e+003 2.5023e+004 4.8654e+003 0.0000e+000 0.0000e+000 0.0000e+000 0.0000e+000 0.0000e+000 0.0000e+000 0.0000e+000
           8 3.0720e+001 3.9633e+002 2.4984e+004 4.8273e+003 1.6406e+004 6.0173e+002 0.0000e+000 0.0000e+000 0.0000e+000 0.0000e+000 0.0000e+000 0.0000e+000
           9 3.0898e+001 2.2217e+003 1.5255e+004 6.5016e+002 1.2980e+004 4.6387e+003 2.9006e+001 0.0000e+000 0.0000e+000 0.0000e+000 0.0000e+000 0.0000e+000
          10 5.9545e+001 1.5886e+003 4.4887e+003 3.9670e+003 4.4696e+003 5.4991e+003 5.0935e+002 2.0740e+001 1.0616e+001 4.6382e-001 2.0505e-004 0.0000e+000
