   v'->v''           0           1           2           3           4
           0 1.0269e+006 9.9201e+004 1.7252e+003 1.4893e+000 0.0000e+000
           1 5.1598e+005 7.9257e+005 1.3300e+005 3.6632e+002 1.4784e+001
           2 6.6797e+004 5.7594e+005 2.7502e+005 3.3749e+005 1.0589e+002
           3 1.4704e+003 2.7238e+003 1.5171e+006 8.2666e+003 6.0021e+005
           4 1.4721e+005 4.5411e+004 2.8722e+005 3.4265e+006 1.4669e+005
           5 1.1189e+005 5.2857e+004 2.5199e+004 1.5594e+005 3.3711e+006
           6 1.0783e+004 2.5405e+005 1.6635e+005 2.1742e+005 4.5846e+004
           7 4.2196e+003 5.0242e+004 4.4415e+004 2.2683e+004 9.8273e+004
           8 2.4439e+004 2.5787e+004 4.7369e+005 1.4584e+005 1.7794e+004
           9 4.4055e+004 8.3259e+004 2.5087e+005 1.9050e+001 9.4690e+003
          10 5.1393e+004 3.5487e+004 1.0526e+003 2.3187e+005 3.9095e+003
          11 3.7898e+004 2.3957e+003 1.7761e+005 3.8640e+005 1.2786e+004
          12 1.0565e+004 1.3244e+002 1.4780e+005 1.2497e+005 3.3493e+004
          13 3.8155e+003 6.8953e+001 5.7513e+004 4.4949e+004 1.3964e+004
          14 8.8066e+002 3.1973e+001 1.6362e+004 1.0107e+004 4.7829e+003
          15 3.6370e+002 1.7157e+001 7.6125e+003 4.0703e+003 2.4581e+003
