   v'->v''           0           1           2           3           4           5           6           7           8           9          10          11          12          13          14          15          16          17          18          19          20          21          22
           0 1.5905e+006 9.8982e+004 1.5867e+003 0.0000e+000 0.0000e+000 0.0000e+000 0.0000e+000 0.0000e+000 0.0000e+000 0.0000e+000 0.0000e+000 0.0000e+000 0.0000e+000 0.0000e+000 0.0000e+000 0.0000e+000 0.0000e+000 0.0000e+000 0.0000e+000 0.0000e+000 0.0000e+000 0.0000e+000 0.0000e+000
           1 5.7598e+005 1.4148e+006 1.1099e+005 2.2188e+003 7.7041e-003 0.0000e+000 0.0000e+000 0.0000e+000 0.0000e+000 0.0000e+000 0.0000e+000 0.0000e+000 0.0000e+000 0.0000e+000 0.0000e+000 0.0000e+000 0.0000e+000 0.0000e+000 0.0000e+000 0.0000e+000 0.0000e+000 0.0000e+000 0.0000e+000
           2 4.3258e+005 4.4260e+005 1.4562e+006 7.0826e+004 7.7536e+003 2.6413e-001 0.0000e+000 0.0000e+000 0.0000e+000 0.0000e+000 0.0000e+000 0.0000e+000 0.0000e+000 0.0000e+000 0.0000e+000 0.0000e+000 0.0000e+000 0.0000e+000 0.0000e+000 0.0000e+000 0.0000e+000 0.0000e+000 0.0000e+000
           3 4.0747e+004 4.7152e+005 1.1413e+005 9.4680e+005 1.3420e+004 1.4753e+004 1.9925e+001 0.0000e+000 0.0000e+000 0.0000e+000 0.0000e+000 0.0000e+000 0.0000e+000 0.0000e+000 0.0000e+000 0.0000e+000 0.0000e+000 0.0000e+000 0.0000e+000 0.0000e+000 0.0000e+000 0.0000e+000 0.0000e+000
           4 2.8055e+004 1.2777e+004 9.1690e+005 2.1419e+004 4.5117e+005 5.1265e+003 8.4607e+003 1.2377e+002 0.0000e+000 0.0000e+000 0.0000e+000 0.0000e+000 0.0000e+000 0.0000e+000 0.0000e+000 0.0000e+000 0.0000e+000 0.0000e+000 0.0000e+000 0.0000e+000 0.0000e+000 0.0000e+000 0.0000e+000
           5 1.6239e+005 8.0337e+003 5.9097e+004 9.5656e+005 7.4988e+004 4.1463e+005 5.3466e+003 8.3944e+003 2.7538e+002 0.0000e+000 0.0000e+000 0.0000e+000 0.0000e+000 0.0000e+000 0.0000e+000 0.0000e+000 0.0000e+000 0.0000e+000 0.0000e+000 0.0000e+000 0.0000e+000 0.0000e+000 0.0000e+000
           6 1.6609e+005 3.9236e+004 4.5541e+004 6.7194e+005 2.6174e+005 8.0280e+004 2.8521e+005 2.8048e+003 4.7968e+003 4.8392e+002 0.0000e+000 0.0000e+000 0.0000e+000 0.0000e+000 0.0000e+000 0.0000e+000 0.0000e+000 0.0000e+000 0.0000e+000 0.0000e+000 0.0000e+000 0.0000e+000 0.0000e+000
           7 4.9987e+004 1.0961e+005 1.0240e+004 3.3721e+003 7.6761e+005 1.3234e+005 1.1001e+005 2.6257e+005 3.3419e+003 4.4426e+003 7.7814e+002 1.0376e-002 0.0000e+000 0.0000e+000 0.0000e+000 0.0000e+000 0.0000e+000 0.0000e+000 0.0000e+000 0.0000e+000 0.0000e+000 0.0000e+000 0.0000e+000
           8 8.6377e+001 1.0961e+005 3.6579e+000 2.5683e+005 2.6813e+005 5.6171e+005 1.2382e+004 1.0407e+005 1.9307e+005 4.9342e+003 2.7197e+003 8.1594e+002 5.4445e+000 0.0000e+000 0.0000e+000 0.0000e+000 0.0000e+000 0.0000e+000 0.0000e+000 0.0000e+000 0.0000e+000 0.0000e+000 0.0000e+000
           9 3.3875e+004 2.4263e+004 2.0791e+004 1.1091e+005 1.0022e+004 3.6313e+005 3.1461e+005 1.0557e+003 8.6290e+004 1.6911e+005 4.6853e+003 1.6125e+003 9.3436e+002 4.2735e+001 0.0000e+000 0.0000e+000 0.0000e+000 0.0000e+000 0.0000e+000 0.0000e+000 0.0000e+000 0.0000e+000 0.0000e+000
          10 7.2296e+004 5.1292e+003 1.1468e+005 7.6286e+000 2.2732e+005 2.8674e+004 4.8720e+005 1.7280e+005 5.4909e+003 9.0306e+004 1.4116e+005 7.1642e+003 1.1886e+003 9.4124e+002 1.2142e+002 2.3363e-001 0.0000e+000 0.0000e+000 0.0000e+000 0.0000e+000 0.0000e+000 0.0000e+000 0.0000e+000
          11 7.6425e+004 4.8813e+004 1.3674e+005 1.5123e+004 2.3968e+005 3.8561e+004 2.5411e+005 3.5214e+005 3.9398e+004 2.0225e+004 7.5158e+004 9.9829e+004 1.0122e+004 5.7455e+002 6.5916e+002 1.9746e+002 1.5022e+001 1.9047e-002 0.0000e+000 0.0000e+000 0.0000e+000 0.0000e+000 0.0000e+000
          12 3.4670e+004 3.9683e+004 3.7910e+004 1.5050e+003 6.2639e+004 6.8764e+004 2.7054e+004 1.7584e+005 8.5280e+004 9.2165e+002 1.5734e+004 4.1394e+004 3.1674e+004 8.0818e+003 5.3160e+001 1.2119e+002 2.1604e+002 5.1805e+001 4.4239e+000 2.0860e+000 0.0000e+000 0.0000e+000 0.0000e+000
          13 1.3245e+004 1.5628e+004 1.3429e+004 3.7401e+002 2.2338e+004 2.7850e+004 8.4177e+003 6.6740e+004 3.5461e+004 6.9900e+002 5.5497e+003 1.5247e+004 1.4041e+004 2.4619e+003 6.8334e+001 8.9368e+001 4.2489e+001 8.6151e+000 1.8514e+002 2.3237e+001 0.0000e+000 0.0000e+000 0.0000e+000
          14 3.6469e+003 4.6409e+003 2.8736e+003 6.2519e+000 4.9613e+003 8.8212e+003 1.1078e+003 1.7848e+004 1.2123e+004 6.5642e+002 1.1803e+003 3.7888e+003 5.1851e+003 1.8240e+002 1.3650e+002 5.2456e+001 1.6027e+001 1.2194e+002 1.3561e+002 2.7516e+002 3.4495e+001 9.4299e-007 0.0000e+000
          15 1.6848e+003 2.2241e+003 1.1186e+003 2.3138e+000 2.0029e+003 4.3492e+003 2.8560e+002 8.0573e+003 6.2438e+003 4.8595e+002 4.5844e+002 1.6574e+003 2.6606e+003 1.0141e+001 1.2198e+002 2.3557e+001 1.2259e+001 7.6183e+001 4.0232e+001 1.4623e+001 2.4153e+001 8.2653e+000 4.6887e-005
