   v'->v''           0           1           2           3           4           5           6           7           8           9          10          11          12          13          14          15          16          17          18          19          20          21          22          23          24
           0 1.0899e+007 9.4200e+004 8.5103e+001 5.9732e+000 3.9095e-002 2.7042e-002 1.7489e-003 9.8466e-003 5.2510e-003 2.8445e-004 1.6197e-004 1.0156e-004 5.2082e-006 9.1518e-005 6.9931e-005 1.8023e-005 1.7460e-006 3.4964e-008 0.0000e+000 0.0000e+000 0.0000e+000 0.0000e+000 0.0000e+000 0.0000e+000 0.0000e+000
           1 2.2064e+005 1.0081e+007 2.0600e+005 1.8363e+002 4.5930e+001 3.4281e-001 2.0758e-001 1.1221e-002 1.6516e-002 3.2884e-003 3.6385e-004 2.6366e-004 2.6752e-006 6.8104e-006 5.0403e-005 5.5361e-005 2.5830e-005 7.4417e-006 1.6261e-006 3.1837e-007 6.3916e-008 1.4560e-008 4.0220e-009 1.3852e-009 5.2253e-010
           2 2.1670e+003 5.2492e+005 9.0615e+006 3.2218e+005 1.4586e+002 2.4140e+002 4.6955e+000 8.9150e-001 2.7050e-003 4.9405e-005 1.6554e-002 1.8429e-004 2.1033e-003 7.0399e-004 5.6314e-005 1.8064e-005 2.0917e-005 9.7722e-006 1.0044e-006 1.5459e-007 7.8663e-007 7.0344e-007 3.7529e-007 1.7361e-007 7.4510e-008
           3 8.2819e+000 1.0148e+004 9.2061e+005 7.8140e+006 4.2102e+005 5.1234e+000 1.0970e+003 6.2024e+001 7.6013e+000 1.8721e-002 7.1150e-002 5.1189e-002 2.0505e-007 2.7816e-003 1.2912e-003 2.9757e-003 3.3992e-004 1.2057e-004 3.6475e-004 2.5225e-004 1.1035e-004 4.0246e-005 1.4205e-005 5.4763e-006 2.1714e-006
           4 2.3521e+000 1.0559e+002 3.0090e+004 1.4206e+006 6.2953e+006 4.6872e+005 2.0903e+003 5.3184e+003 5.9683e+002 5.8623e+001 4.4679e-002 1.0679e+000 5.1328e-001 1.9666e-002 4.7307e-002 1.2772e-003 9.3491e-003 5.9359e-003 4.6334e-004 9.4740e-005 2.9991e-004 2.1363e-004 1.0063e-004 4.3885e-005 1.8344e-005
           5 2.0367e-001 2.7140e+000 7.2937e+002 7.2173e+004 2.0423e+006 4.4672e+006 4.0675e+005 2.4248e+004 2.8113e+004 4.8956e+003 4.5170e+002 1.2849e-001 7.8725e+000 1.8484e-001 2.4801e-001 4.0232e-002 5.0130e-003 1.2319e-003 6.7518e-003 5.0103e-003 1.7539e-003 4.1739e-004 9.5588e-005 2.7486e-005 9.3008e-006
           6 4.4559e-001 3.1249e+000 1.8653e-001 3.3036e+003 1.5633e+005 2.7811e+006 2.3514e+006 1.8235e+005 1.7643e+005 1.6240e+005 3.7763e+004 2.9123e+003 3.0235e+001 2.7669e+001 9.3533e+000 1.0569e-001 2.3199e+000 9.9325e-001 8.2864e-002 5.4734e-003 2.9488e-002 2.3951e-002 1.2099e-002 5.4589e-003 2.3174e-003
           7 4.4761e-001 1.2381e+000 7.5818e+000 8.1978e+001 1.2271e+004 3.3282e+005 3.4213e+006 4.2464e+005 1.0063e+004 1.0457e+006 9.5580e+005 2.7423e+005 1.9704e+004 1.9134e+002 1.3963e+001 6.1737e+001 2.4583e+001 1.2273e-003 3.8529e+000 3.5380e+000 1.7549e+000 7.0631e-001 2.6614e-001 1.0615e-001 4.2762e-002
           8 6.8107e-002 4.8780e-001 4.3234e+000 1.6640e+000 1.1788e+003 4.1637e+004 7.9755e+005 2.9876e+006 1.1890e+005 7.7751e+005 3.8624e+006 3.9305e+006 1.3193e+006 9.7564e+004 3.1533e+002 5.8189e+000 5.2487e+001 9.9863e+001 3.1554e+001 4.6182e+000 2.5467e-001 6.8868e-003 3.7429e-002 2.7642e-002 1.3980e-002
           9 1.8416e-003 2.2602e-001 2.4319e+000 6.0766e+000 8.2394e+001 9.2771e+003 1.6489e+005 1.9977e+006 9.6605e+005 2.5257e+005 1.0208e+006 5.9022e+006 7.7554e+006 2.9547e+006 1.9514e+005 1.4949e+003 1.1926e+002 6.3438e+000 7.6571e+001 6.2709e+001 3.3543e+001 1.4977e+001 6.0275e+000 2.4818e+000 1.0141e+000
          10 3.0762e-002 1.1070e-001 1.3281e+000 4.0832e+000 1.2912e-002 1.8166e+003 3.8674e+004 6.1933e+005 2.5733e+006 1.1151e+004 4.8974e+004 9.1674e+004 4.9873e+006 1.0727e+007 4.8402e+006 2.7010e+005 4.7343e+003 6.6614e+002 8.8391e+001 1.9692e+000 1.9314e+001 1.7515e+001 9.4379e+000 4.3967e+000 1.8937e+000
          11 2.1792e-002 6.9029e-002 6.1212e-001 2.6425e+000 4.5401e+000 1.9618e+002 1.1633e+004 1.4054e+005 1.7063e+006 9.1971e+005 2.5128e+005 6.3694e+005 3.4114e+005 2.8459e+006 1.2680e+007 6.8928e+006 3.1259e+005 1.0886e+004 1.6268e+003 4.8950e+002 1.1627e+002 2.8895e+001 8.2509e+000 2.8608e+000 1.0795e+000
          12 3.2211e-003 5.3843e-002 2.1461e-001 1.9144e+000 4.5943e+000 4.1914e+000 3.3803e+003 3.7241e+004 6.0054e+005 2.0032e+006 1.9998e+003 2.2759e+003 5.6530e+005 1.6470e+006 8.5029e+005 1.3404e+007 9.1189e+006 2.9838e+005 2.1473e+004 3.7798e+003 1.3096e+003 4.5205e+002 1.6089e+002 6.2995e+001 2.5214e+001
          13 3.1868e-004 4.2164e-002 5.3784e-002 1.2640e+000 3.6419e+000 1.6056e+000 7.4310e+002 1.4358e+004 1.5719e+005 1.5622e+006 4.6401e+005 1.6678e+005 2.8801e+005 3.2895e+004 2.4893e+006 6.1500e+003 1.3033e+007 1.1455e+007 2.2646e+005 3.2948e+004 7.0843e+003 2.3190e+003 8.1909e+002 3.1962e+002 1.2773e+002
          14 2.4541e-003 2.8233e-002 8.7483e-003 6.9020e-001 2.7319e+000 2.7575e+000 1.0411e+002 6.6652e+003 4.2106e+004 7.5985e+005 1.1185e+006 2.8844e+004 1.5023e+002 4.3082e+005 3.1928e+005 1.9373e+006 5.0490e+005 1.1738e+007 1.3940e+007 9.7892e+004 3.3927e+004 1.0453e+004 3.6739e+003 1.4326e+003 5.7219e+002
          15 2.3228e-003 1.5370e-002 6.1067e-004 3.1963e-001 1.8269e+000 2.2592e+000 5.2942e+000 3.0162e+003 1.5013e+004 2.9308e+005 1.1284e+006 4.0144e+004 7.1590e+004 2.3046e+005 3.4702e+004 1.1298e+006 6.1905e+005 1.7603e+006 9.7626e+006 1.6447e+007 1.6744e+003 1.2957e+004 5.7869e+003 2.4638e+003 1.0205e+003
          16 1.1270e-003 6.9668e-003 9.3957e-006 1.3592e-001 1.0824e+000 1.7255e+000 4.2241e-001 1.2712e+003 7.2167e+003 1.0597e+005 7.7925e+005 1.7909e+005 6.7855e+004 4.2468e+004 1.7628e+005 2.4808e+005 9.9808e+005 4.8837e+002 2.7143e+006 7.5844e+006 1.8534e+007 1.5032e+005 6.0695e+003 6.4732e+002 1.1771e+002
          17 3.7625e-004 2.8025e-003 1.2252e-004 5.6946e-002 5.8370e-001 1.2091e+000 1.9395e+000 5.1705e+002 3.8942e+003 3.9837e+004 4.4344e+005 2.1905e+005 2.9175e+004 1.6530e+003 1.5132e+005 2.2488e+004 6.1266e+005 1.7002e+005 4.8458e+005 2.5909e+006 6.0180e+006 1.8481e+007 9.9464e+005 1.7745e+005 5.1454e+004
          18 1.1278e-004 1.1829e-003 1.4080e-004 2.6623e-002 3.2404e-001 8.2079e-001 1.9530e+000 2.3170e+002 2.2762e+003 1.7531e+004 2.5034e+005 1.8504e+005 9.8646e+003 7.1571e+002 9.4212e+004 1.3540e+000 3.1549e+005 2.2733e+005 6.9161e+004 9.8397e+005 1.8489e+006 6.6402e+006 1.2311e+007 2.3754e+006 6.8546e+005
          19 3.3191e-005 5.5364e-004 1.1693e-004 1.4089e-002 1.9267e-001 5.6284e-001 1.5321e+000 1.1740e+002 1.4234e+003 8.9813e+003 1.4945e+005 1.4043e+005 3.1244e+003 2.4636e+003 5.6641e+004 3.0578e+003 1.6697e+005 1.9298e+005 5.2570e+003 4.2543e+005 9.0309e+005 8.7999e+005 1.1577e+007 2.7313e+006 1.3029e+006
          20 8.6818e-006 2.4865e-004 7.5520e-005 7.0773e-003 1.0435e-001 3.3484e-001 9.5992e-001 5.6877e+001 8.0030e+002 4.4378e+003 8.0937e+004 8.7859e+004 8.6322e+002 2.4866e+003 3.0112e+004 4.4365e+003 8.1488e+004 1.2396e+005 4.6722e+001 1.7933e+005 4.3149e+005 4.4224e+005 8.9653e+003 1.7486e+007 4.4290e+004
