   v'->v''           0           1
           0 8.0217e+005 3.6037e-001
           1 4.4569e+003 8.0188e+005
           2 2.7878e+002 6.8661e+003
           3 5.3232e+000 7.6803e+002
           4 1.2433e-002 2.6479e+001
           5 4.4715e+000 5.8444e+000
           6 6.6971e-001 3.3879e-005
           7 7.5994e-001 1.0695e-001
           8 9.3538e-002 3.8867e-002
           9 2.8563e-001 6.8649e-002
          10 1.3561e+000 1.6451e-001
          11 2.4984e+000 1.5676e+000
          12 2.2649e+000 2.8559e+000
          13 1.1434e+000 2.5963e+000
          14 3.0109e-001 1.5319e+000
          15 1.9446e-002 6.6884e-001
          16 8.8490e-003 2.3975e-001
          17 3.2599e-002 7.8146e-002
          18 3.6767e-002 2.7715e-002
          19 3.1761e-002 1.1213e-002
          20 2.1253e-002 4.4882e-003
