   v'->v''           0           1           2           3           4           5           6           7           8           9
           0 1.1750e+005 1.0306e+004 1.8762e+003 2.6382e+002 3.4824e+001 4.0999e+000 3.2599e-001 9.0610e-003 0.0000e+000 0.0000e+000
           1 5.6565e+002 1.2476e+005 1.5881e+004 4.7521e+003 9.2683e+002 1.6398e+002 2.6554e+001 3.5330e+000 3.5845e-001 2.1867e-002
           2 1.8603e+003 7.9638e+001 1.3886e+005 1.7578e+004 7.8909e+003 1.9770e+003 4.5710e+002 1.0051e+002 2.0385e+001 4.0259e+000
           3 9.8590e+001 5.9612e+003 6.9404e+002 1.6219e+005 1.5863e+004 1.0930e+004 3.3407e+003 9.8655e+002 2.8245e+002 7.7770e+001
           4 3.0396e+001 2.9373e+002 1.2866e+004 7.2749e+003 2.0290e+005 1.1114e+004 1.3816e+004 4.8193e+003 1.7420e+003 6.1770e+002
           5 9.1215e+000 9.5564e+001 4.6516e+002 2.4847e+004 3.1345e+004 2.8167e+005 3.8459e+003 1.7096e+004 6.0106e+003 2.3566e+003
           6 1.3794e+000 2.1417e+001 2.1574e+002 5.3956e+002 4.7390e+004 1.0558e+005 4.6313e+005 1.3140e+003 2.1572e+004 7.7598e+003
           7 2.7861e-002 2.6938e+000 5.9928e+001 3.9960e+002 5.9218e+002 8.7143e+004 3.2760e+005 9.7858e+005 6.5114e+004 1.6452e+004
           8 2.6333e-001 5.4914e-001 1.1562e+001 1.8073e+002 3.8569e+002 2.8412e+003 1.0558e+005 7.6643e+005 2.1891e+006 2.4248e+005
           9 9.0474e-001 3.4301e-002 6.2196e+000 5.3550e+001 4.8864e+002 3.0242e+001 3.1733e+004 2.2767e+004 1.0363e+006 3.2861e+006
          10 1.3435e+000 1.1224e-001 4.1589e+000 2.5325e+001 2.0028e+002 4.5830e+002 2.6825e+002 8.7697e+004 2.0591e+003 1.7038e+006
          11 1.2614e+000 3.7413e-001 1.7779e+000 1.8315e+001 6.1706e+001 7.1316e+002 9.2335e+001 1.5695e+004 5.4561e+004 2.7411e+004
          12 8.7299e-001 3.6417e-001 4.6761e-001 9.8921e+000 3.1292e+001 3.3878e+002 2.0347e+002 8.9018e-002 5.4454e+004 1.3692e+002
          13 4.7649e-001 1.8924e-001 1.1352e-001 3.3426e+000 2.2580e+001 7.8931e+001 8.7324e+002 6.6240e+002 8.3408e+003 7.8849e+004
          14 2.0747e-001 5.8425e-002 5.2391e-002 8.1564e-001 1.5057e+001 1.2221e+001 7.8437e+002 3.8169e+001 6.9899e+000 1.6092e+004
          15 6.9199e-002 8.7767e-003 4.2731e-002 2.0538e-001 8.3496e+000 2.7382e+000 3.7866e+002 1.7146e+002 5.6902e+002 5.3669e+003
          16 1.6310e-002 3.8562e-005 3.4366e-002 7.9301e-002 4.0398e+000 1.8689e+000 1.3450e+002 4.1864e+002 5.0971e+002 5.1247e+002
          17 2.3043e-003 1.0494e-003 2.2544e-002 4.3762e-002 1.8212e+000 1.7981e+000 4.2951e+001 3.8591e+002 2.2654e+002 8.3201e-001
          18 9.6560e-005 1.9112e-003 1.3800e-002 2.8188e-002 8.7956e-001 1.5690e+000 1.5303e+001 2.7462e+002 8.7363e+001 2.9540e+001
          19 5.2950e-005 1.9747e-003 8.5911e-003 1.9260e-002 4.7077e-001 1.2632e+000 6.3782e+000 1.8641e+002 3.4739e+001 4.6495e+001
          20 1.6655e-004 1.4445e-003 4.7468e-003 1.1530e-002 2.3687e-001 8.2773e-001 2.6622e+000 1.0863e+002 1.3064e+001 3.7425e+001
