   v'->v''           0           1           2
           0 0.0000e+000 0.0000e+000 0.0000e+000
           1 0.0000e+000 0.0000e+000 0.0000e+000
           2 0.0000e+000 0.0000e+000 0.0000e+000
           3 0.0000e+000 0.0000e+000 0.0000e+000
           4 0.0000e+000 0.0000e+000 0.0000e+000
           5 0.0000e+000 0.0000e+000 0.0000e+000
           6 0.0000e+000 0.0000e+000 0.0000e+000
           7 0.0000e+000 0.0000e+000 0.0000e+000
           8 0.0000e+000 0.0000e+000 0.0000e+000
           9 0.0000e+000 0.0000e+000 0.0000e+000
          10 0.0000e+000 0.0000e+000 0.0000e+000
          11 0.0000e+000 0.0000e+000 0.0000e+000
          12 0.0000e+000 0.0000e+000 0.0000e+000
          13 0.0000e+000 0.0000e+000 0.0000e+000
          14 0.0000e+000 0.0000e+000 0.0000e+000
          15 0.0000e+000 0.0000e+000 0.0000e+000
          16 0.0000e+000 0.0000e+000 0.0000e+000
          17 0.0000e+000 0.0000e+000 0.0000e+000
          18 0.0000e+000 0.0000e+000 0.0000e+000
          19 1.4096e-008 0.0000e+000 0.0000e+000
          20 2.1530e-009 0.0000e+000 0.0000e+000
          21 1.1081e-006 4.7608e-011 0.0000e+000
          22 7.3564e-006 3.2936e-008 0.0000e+000
          23 1.7208e-005 4.5458e-007 0.0000e+000
          24 2.3372e-005 1.3019e-006 7.3045e-012
          25 2.1802e-005 1.7627e-006 8.1789e-010
          26 1.5158e-005 1.4798e-006 4.4840e-009
          27 8.5612e-006 9.1598e-007 5.7417e-009
          28 5.2800e-006 5.9097e-007 5.1669e-009
          29 4.4365e-006 5.1203e-007 5.5762e-009
          30 3.5764e-006 4.2282e-007 5.4535e-009
          31 2.6874e-006 3.2347e-007 4.7265e-009
          32 1.8825e-006 2.2946e-007 3.6578e-009
          33 1.2433e-006 1.5283e-007 2.5808e-009
