   v'->v''           0           1           2           3           4           5           6           7           8           9          10          11          12          13          14          15          16          17
           0 0.0000e+000 0.0000e+000 0.0000e+000 0.0000e+000 0.0000e+000 0.0000e+000 0.0000e+000 0.0000e+000 0.0000e+000 0.0000e+000 0.0000e+000 0.0000e+000 0.0000e+000 0.0000e+000 0.0000e+000 0.0000e+000 0.0000e+000 0.0000e+000
           1 6.8213e+001 0.0000e+000 0.0000e+000 0.0000e+000 0.0000e+000 0.0000e+000 0.0000e+000 0.0000e+000 0.0000e+000 0.0000e+000 0.0000e+000 0.0000e+000 0.0000e+000 0.0000e+000 0.0000e+000 0.0000e+000 0.0000e+000 0.0000e+000
           2 5.4616e+002 7.1127e+000 0.0000e+000 0.0000e+000 0.0000e+000 0.0000e+000 0.0000e+000 0.0000e+000 0.0000e+000 0.0000e+000 0.0000e+000 0.0000e+000 0.0000e+000 0.0000e+000 0.0000e+000 0.0000e+000 0.0000e+000 0.0000e+000
           3 2.2138e+002 9.0619e+002 0.0000e+000 0.0000e+000 0.0000e+000 0.0000e+000 0.0000e+000 0.0000e+000 0.0000e+000 0.0000e+000 0.0000e+000 0.0000e+000 0.0000e+000 0.0000e+000 0.0000e+000 0.0000e+000 0.0000e+000 0.0000e+000
           4 4.4125e+000 9.9821e+002 7.6636e+002 0.0000e+000 0.0000e+000 0.0000e+000 0.0000e+000 0.0000e+000 0.0000e+000 0.0000e+000 0.0000e+000 0.0000e+000 0.0000e+000 0.0000e+000 0.0000e+000 0.0000e+000 0.0000e+000 0.0000e+000
           5 1.7804e-001 1.0107e+002 1.6274e+003 7.0775e+002 0.0000e+000 0.0000e+000 0.0000e+000 0.0000e+000 0.0000e+000 0.0000e+000 0.0000e+000 0.0000e+000 0.0000e+000 0.0000e+000 0.0000e+000 0.0000e+000 0.0000e+000 0.0000e+000
           6 3.5133e-056 3.8826e-055 3.5512e-053 1.5111e-054 1.3287e-053 0.0000e+000 0.0000e+000 0.0000e+000 0.0000e+000 0.0000e+000 0.0000e+000 0.0000e+000 0.0000e+000 0.0000e+000 0.0000e+000 0.0000e+000 0.0000e+000 0.0000e+000
           7 1.1887e-052 1.6629e-051 6.4542e-050 5.7263e-051 4.5550e-050 0.0000e+000 0.0000e+000 0.0000e+000 0.0000e+000 0.0000e+000 0.0000e+000 0.0000e+000 0.0000e+000 0.0000e+000 0.0000e+000 0.0000e+000 0.0000e+000 0.0000e+000
           8 3.4397e-040 4.8738e-039 1.3072e-037 2.8750e-038 1.1094e-037 0.0000e+000 0.0000e+000 0.0000e+000 0.0000e+000 0.0000e+000 0.0000e+000 0.0000e+000 0.0000e+000 0.0000e+000 0.0000e+000 0.0000e+000 0.0000e+000 0.0000e+000
           9 1.8924e-049 2.6440e-048 6.2649e-047 2.0598e-047 5.4842e-047 0.0000e+000 0.0000e+000 0.0000e+000 0.0000e+000 0.0000e+000 0.0000e+000 0.0000e+000 0.0000e+000 0.0000e+000 0.0000e+000 0.0000e+000 0.0000e+000 0.0000e+000
          10 1.6233e-048 2.0190e-047 3.3114e-046 4.5654e-046 2.6923e-046 0.0000e+000 0.0000e+000 0.0000e+000 0.0000e+000 0.0000e+000 0.0000e+000 0.0000e+000 0.0000e+000 0.0000e+000 0.0000e+000 0.0000e+000 0.0000e+000 0.0000e+000
          11 7.0265e-047 6.7945e-046 7.5813e-045 5.3554e-044 3.7308e-045 1.2263e-045 0.0000e+000 0.0000e+000 0.0000e+000 0.0000e+000 0.0000e+000 0.0000e+000 0.0000e+000 0.0000e+000 0.0000e+000 0.0000e+000 0.0000e+000 0.0000e+000
          12 4.1688e-045 2.2167e-044 1.0952e-043 9.8151e-042 8.6541e-046 1.9761e-042 0.0000e+000 0.0000e+000 0.0000e+000 0.0000e+000 0.0000e+000 0.0000e+000 0.0000e+000 0.0000e+000 0.0000e+000 0.0000e+000 0.0000e+000 0.0000e+000
          13 4.2432e-043 9.3158e-045 1.8564e-041 4.7787e-039 9.2196e-041 1.7673e-039 0.0000e+000 0.0000e+000 0.0000e+000 0.0000e+000 0.0000e+000 0.0000e+000 0.0000e+000 0.0000e+000 0.0000e+000 0.0000e+000 0.0000e+000 0.0000e+000
          14 3.9485e-030 9.2968e-029 4.0968e-027 2.3029e-025 6.4863e-027 9.5544e-026 0.0000e+000 0.0000e+000 0.0000e+000 0.0000e+000 0.0000e+000 0.0000e+000 0.0000e+000 0.0000e+000 0.0000e+000 0.0000e+000 0.0000e+000 0.0000e+000
          15 1.7631e-043 6.4357e-040 1.7210e-038 5.4155e-037 1.5914e-038 2.2846e-037 0.0000e+000 0.0000e+000 0.0000e+000 0.0000e+000 0.0000e+000 0.0000e+000 0.0000e+000 0.0000e+000 0.0000e+000 0.0000e+000 0.0000e+000 0.0000e+000
          16 1.4526e-040 1.2177e-038 2.0489e-037 2.8941e-036 4.5541e-038 1.0594e-036 0.0000e+000 0.0000e+000 0.0000e+000 0.0000e+000 0.0000e+000 0.0000e+000 0.0000e+000 0.0000e+000 0.0000e+000 0.0000e+000 0.0000e+000 0.0000e+000
          17 1.3259e-038 5.5261e-037 7.3096e-036 6.2709e-035 9.5631e-043 1.5354e-035 2.3118e-040 0.0000e+000 0.0000e+000 0.0000e+000 0.0000e+000 0.0000e+000 0.0000e+000 0.0000e+000 0.0000e+000 0.0000e+000 0.0000e+000 0.0000e+000
          18 1.2473e-036 3.7767e-035 4.1477e-034 2.4010e-033 1.2622e-034 2.5273e-034 1.4410e-034 0.0000e+000 0.0000e+000 0.0000e+000 0.0000e+000 0.0000e+000 0.0000e+000 0.0000e+000 0.0000e+000 0.0000e+000 0.0000e+000 0.0000e+000
          19 3.5646e-034 8.7111e-033 7.9953e-032 3.1435e-031 1.2763e-031 1.8024e-033 1.4907e-031 0.0000e+000 0.0000e+000 0.0000e+000 0.0000e+000 0.0000e+000 0.0000e+000 0.0000e+000 0.0000e+000 0.0000e+000 0.0000e+000 0.0000e+000
          20 1.2927e-022 2.8888e-021 2.4133e-020 7.6554e-020 7.0081e-020 6.4429e-022 7.5202e-020 0.0000e+000 0.0000e+000 0.0000e+000 0.0000e+000 0.0000e+000 0.0000e+000 0.0000e+000 0.0000e+000 0.0000e+000 0.0000e+000 0.0000e+000
          21 9.4460e-033 1.9296e-031 1.4458e-030 3.5041e-030 7.4226e-030 3.7359e-031 7.0247e-030 0.0000e+000 0.0000e+000 0.0000e+000 0.0000e+000 0.0000e+000 0.0000e+000 0.0000e+000 0.0000e+000 0.0000e+000 0.0000e+000 0.0000e+000
          22 3.1858e-032 5.4409e-031 3.1136e-030 3.1779e-030 4.6731e-029 5.2083e-030 3.1842e-029 0.0000e+000 0.0000e+000 0.0000e+000 0.0000e+000 0.0000e+000 0.0000e+000 0.0000e+000 0.0000e+000 0.0000e+000 0.0000e+000 0.0000e+000
          23 3.6593e-031 5.0700e-030 1.8796e-029 6.5949e-032 9.4121e-028 1.1420e-028 4.1779e-028 0.0000e+000 0.0000e+000 0.0000e+000 0.0000e+000 0.0000e+000 0.0000e+000 0.0000e+000 0.0000e+000 0.0000e+000 0.0000e+000 0.0000e+000
          24 7.7316e-030 8.0021e-029 1.0930e-028 9.3527e-028 3.4808e-026 3.3698e-027 8.8629e-027 1.6235e-029 0.0000e+000 0.0000e+000 0.0000e+000 0.0000e+000 0.0000e+000 0.0000e+000 0.0000e+000 0.0000e+000 0.0000e+000 0.0000e+000
          25 5.8352e-028 3.6178e-027 8.0157e-028 4.2261e-025 4.8574e-024 2.7406e-025 5.7493e-025 1.5154e-025 0.0000e+000 0.0000e+000 0.0000e+000 0.0000e+000 0.0000e+000 0.0000e+000 0.0000e+000 0.0000e+000 0.0000e+000 0.0000e+000
          26 1.6895e-016 6.6589e-016 3.5600e-015 2.4015e-013 1.9696e-012 7.1831e-014 1.4141e-013 1.3333e-013 0.0000e+000 0.0000e+000 0.0000e+000 0.0000e+000 0.0000e+000 0.0000e+000 0.0000e+000 0.0000e+000 0.0000e+000 0.0000e+000
          27 3.4204e-027 4.8446e-027 3.3922e-025 1.0134e-023 6.1541e-023 1.0455e-024 2.0713e-024 7.6355e-024 0.0000e+000 0.0000e+000 0.0000e+000 0.0000e+000 0.0000e+000 0.0000e+000 0.0000e+000 0.0000e+000 0.0000e+000 0.0000e+000
          28 2.0459e-027 1.0129e-026 2.2094e-024 3.1793e-023 1.2247e-022 2.8986e-026 4.9755e-026 3.3087e-023 0.0000e+000 0.0000e+000 0.0000e+000 0.0000e+000 0.0000e+000 0.0000e+000 0.0000e+000 0.0000e+000 0.0000e+000 0.0000e+000
          29 2.4045e-028 6.8785e-025 3.3659e-023 3.2288e-022 8.4453e-022 3.9090e-023 1.9629e-023 3.8754e-022 0.0000e+000 0.0000e+000 0.0000e+000 0.0000e+000 0.0000e+000 0.0000e+000 0.0000e+000 0.0000e+000 0.0000e+000 0.0000e+000
          30 1.4556e-025 2.9586e-023 8.4754e-022 6.0620e-021 1.0834e-020 2.7415e-021 1.3012e-021 7.5175e-021 0.0000e+000 0.0000e+000 0.0000e+000 0.0000e+000 0.0000e+000 0.0000e+000 0.0000e+000 0.0000e+000 0.0000e+000 0.0000e+000
          31 3.9767e-023 3.2986e-021 6.9237e-020 3.8549e-019 4.4633e-019 4.1191e-019 1.5516e-019 4.5236e-019 1.5094e-022 0.0000e+000 0.0000e+000 0.0000e+000 0.0000e+000 0.0000e+000 0.0000e+000 0.0000e+000 0.0000e+000 0.0000e+000
          32 3.5383e-012 2.3179e-010 4.2819e-009 2.0945e-008 1.8208e-008 3.2980e-008 1.0603e-008 2.2994e-008 3.8369e-010 0.0000e+000 0.0000e+000 0.0000e+000 0.0000e+000 0.0000e+000 0.0000e+000 0.0000e+000 0.0000e+000 0.0000e+000
          33 1.0507e-021 5.9312e-020 9.9317e-019 4.3369e-018 2.7820e-018 9.3551e-018 2.5755e-018 4.3865e-018 3.3705e-019 0.0000e+000 0.0000e+000 0.0000e+000 0.0000e+000 0.0000e+000 0.0000e+000 0.0000e+000 0.0000e+000 0.0000e+000
          34 1.8670e-021 8.4063e-020 1.1637e-018 3.9051e-018 8.7232e-019 1.6224e-017 2.9845e-018 2.9752e-018 1.9070e-018 0.0000e+000 0.0000e+000 0.0000e+000 0.0000e+000 0.0000e+000 0.0000e+000 0.0000e+000 0.0000e+000 0.0000e+000
          35 1.2349e-020 4.7518e-019 5.4909e-018 1.3370e-017 5.3157e-021 1.1035e-016 1.1792e-017 5.7872e-018 2.2881e-017 0.0000e+000 0.0000e+000 0.0000e+000 0.0000e+000 0.0000e+000 0.0000e+000 0.0000e+000 0.0000e+000 0.0000e+000
          36 1.5141e-019 5.1502e-018 4.9219e-017 7.6514e-017 4.1526e-017 1.4281e-015 6.7414e-017 6.0287e-018 4.0392e-016 0.0000e+000 0.0000e+000 0.0000e+000 0.0000e+000 0.0000e+000 0.0000e+000 0.0000e+000 0.0000e+000 0.0000e+000
          37 5.2347e-018 1.5987e-016 1.2258e-015 8.7650e-016 5.5005e-015 5.2933e-014 4.9943e-016 3.0440e-016 1.7722e-014 0.0000e+000 0.0000e+000 0.0000e+000 0.0000e+000 0.0000e+000 0.0000e+000 0.0000e+000 0.0000e+000 0.0000e+000
          38 3.8813e-004 1.1049e-002 7.0695e-002 1.6538e-002 7.2023e-001 4.1389e+000 2.8387e-004 1.0766e-001 1.4699e+000 0.0000e+000 0.0000e+000 0.0000e+000 0.0000e+000 0.0000e+000 0.0000e+000 0.0000e+000 0.0000e+000 0.0000e+000
          39 1.3642e-016 3.7495e-015 2.1626e-014 1.4826e-015 3.2009e-013 1.4955e-012 2.1848e-015 6.0431e-014 5.3962e-013 0.0000e+000 0.0000e+000 0.0000e+000 0.0000e+000 0.0000e+000 0.0000e+000 0.0000e+000 0.0000e+000 0.0000e+000
          40 5.7860e-017 1.4163e-015 5.3609e-015 3.1036e-015 2.5187e-013 6.9478e-013 2.6630e-014 6.9252e-014 2.5095e-013 2.5307e-015 0.0000e+000 0.0000e+000 0.0000e+000 0.0000e+000 0.0000e+000 0.0000e+000 0.0000e+000 0.0000e+000
          41 1.4912e-016 3.1575e-015 5.4881e-015 5.9979e-014 1.1226e-012 1.9854e-012 2.9768e-013 3.5765e-013 6.6891e-013 8.2349e-014 0.0000e+000 0.0000e+000 0.0000e+000 0.0000e+000 0.0000e+000 0.0000e+000 0.0000e+000 0.0000e+000
          42 7.3221e-016 1.2568e-014 1.3400e-015 9.9094e-013 9.4627e-012 1.1002e-011 4.4107e-012 3.1138e-012 3.1741e-012 1.7688e-012 0.0000e+000 0.0000e+000 0.0000e+000 0.0000e+000 0.0000e+000 0.0000e+000 0.0000e+000 0.0000e+000
          43 8.0420e-015 9.5637e-014 2.5713e-013 3.0303e-011 1.8729e-010 1.4056e-010 1.3318e-010 5.8491e-011 3.0311e-011 6.2139e-011 0.0000e+000 0.0000e+000 0.0000e+000 0.0000e+000 0.0000e+000 0.0000e+000 0.0000e+000 0.0000e+000
          44 6.0115e-004 3.4759e-003 1.5238e-001 5.6576e+000 2.6046e+001 1.2600e+001 2.5317e+001 7.2504e+000 1.6577e+000 1.2310e+001 0.0000e+000 0.0000e+000 0.0000e+000 0.0000e+000 0.0000e+000 0.0000e+000 0.0000e+000 0.0000e+000
          45 9.5753e-013 4.6172e-012 3.0839e-010 1.0357e-008 4.5915e-008 2.0723e-008 4.6522e-008 1.2500e-008 2.4527e-009 2.2641e-008 0.0000e+000 0.0000e+000 0.0000e+000 0.0000e+000 0.0000e+000 0.0000e+000 0.0000e+000 0.0000e+000
          46 2.2324e-014 1.6055e-014 4.9279e-011 9.2515e-010 3.0887e-009 7.0948e-010 4.3130e-009 6.5557e-010 1.0449e-011 2.0430e-009 0.0000e+000 0.0000e+000 0.0000e+000 0.0000e+000 0.0000e+000 0.0000e+000 0.0000e+000 0.0000e+000
          47 3.5013e-015 1.2850e-012 1.6635e-010 2.1597e-009 5.5389e-009 4.1811e-010 1.0535e-008 7.6035e-010 8.4934e-011 4.6074e-009 1.5242e-017 0.0000e+000 0.0000e+000 0.0000e+000 0.0000e+000 0.0000e+000 0.0000e+000 0.0000e+000
          48 3.2125e-014 1.8352e-011 1.0543e-009 1.0412e-008 2.0489e-008 3.4533e-011 5.3409e-008 1.1882e-009 2.1591e-009 2.0573e-008 2.4589e-010 0.0000e+000 0.0000e+000 0.0000e+000 0.0000e+000 0.0000e+000 0.0000e+000 0.0000e+000
          49 2.0488e-012 3.5454e-010 1.3185e-008 1.0394e-007 1.5363e-007 9.4607e-009 5.6305e-007 4.1060e-010 4.8147e-008 1.8182e-007 1.6609e-008 0.0000e+000 0.0000e+000 0.0000e+000 0.0000e+000 0.0000e+000 0.0000e+000 0.0000e+000
          50 9.6984e-010 1.1204e-007 3.1104e-006 2.0064e-005 2.1233e-005 8.7419e-006 1.1527e-004 1.1975e-006 1.5662e-005 2.9412e-005 9.4847e-006 0.0000e+000 0.0000e+000 0.0000e+000 0.0000e+000 0.0000e+000 0.0000e+000 0.0000e+000
          51 1.0323e-001 1.1473e+001 3.0687e+002 1.9224e+003 1.9213e+003 9.8451e+002 1.1148e+004 1.6688e+002 1.6017e+003 2.7275e+003 1.0356e+003 0.0000e+000 0.0000e+000 0.0000e+000 0.0000e+000 0.0000e+000 0.0000e+000 0.0000e+000
          52 2.1723e-010 2.0605e-008 4.5717e-007 2.4359e-006 1.6805e-006 2.6290e-006 1.4922e-005 8.7804e-007 2.7946e-006 2.7729e-006 2.4697e-006 0.0000e+000 0.0000e+000 0.0000e+000 0.0000e+000 0.0000e+000 0.0000e+000 0.0000e+000
          53 3.2717e-010 2.7857e-008 5.1184e-007 2.2471e-006 8.3069e-007 4.8125e-006 1.4792e-005 2.3842e-006 3.5055e-006 1.7568e-006 4.1634e-006 0.0000e+000 0.0000e+000 0.0000e+000 0.0000e+000 0.0000e+000 0.0000e+000 0.0000e+000
          54 1.1319e-009 9.0839e-008 1.4076e-006 5.0184e-006 5.8646e-007 1.9473e-005 3.5907e-005 1.2418e-005 1.0157e-005 2.1172e-006 1.5634e-005 0.0000e+000 0.0000e+000 0.0000e+000 0.0000e+000 0.0000e+000 0.0000e+000 0.0000e+000
          55 7.1634e-009 5.5902e-007 7.3568e-006 2.0666e-005 7.2456e-012 1.4183e-004 1.6370e-004 1.0943e-004 5.2850e-005 2.3533e-006 1.0470e-004 0.0000e+000 0.0000e+000 0.0000e+000 0.0000e+000 0.0000e+000 0.0000e+000 0.0000e+000
          56 1.6873e-007 1.3100e-005 1.4613e-004 3.0610e-004 7.1786e-005 3.8260e-003 2.7702e-003 3.4565e-003 9.8112e-004 3.4173e-006 2.5538e-003 1.1477e-005 0.0000e+000 0.0000e+000 0.0000e+000 0.0000e+000 0.0000e+000 0.0000e+000
          57 2.9758e-001 2.3218e+001 2.3729e+002 4.1346e+002 2.8259e+002 7.2334e+003 4.0860e+003 7.0258e+003 1.4929e+003 7.1869e+001 4.5503e+003 7.8832e+001 0.0000e+000 0.0000e+000 0.0000e+000 0.0000e+000 0.0000e+000 0.0000e+000
          58 5.5020e-007 4.3323e-005 4.0540e-004 5.7131e-004 9.1147e-004 1.4321e-002 6.2758e-003 1.4864e-002 2.3349e-003 3.7465e-004 8.4565e-003 3.5385e-004 0.0000e+000 0.0000e+000 0.0000e+000 0.0000e+000 0.0000e+000 0.0000e+000
          59 2.0593e-007 1.6745e-005 1.2878e-004 9.8221e-005 7.8261e-004 6.2040e-003 1.5059e-003 7.3144e-003 5.5203e-004 4.7051e-004 3.1531e-003 4.5911e-004 0.0000e+000 0.0000e+000 0.0000e+000 0.0000e+000 0.0000e+000 0.0000e+000
          60 2.9838e-007 2.5546e-005 1.5592e-004 3.4055e-005 2.1544e-003 1.0561e-002 1.1715e-003 1.4055e-002 3.6631e-004 1.4947e-003 4.4592e-003 1.6162e-003 0.0000e+000 0.0000e+000 0.0000e+000 0.0000e+000 0.0000e+000 0.0000e+000
          61 7.9728e-007 7.3587e-005 3.3602e-004 3.8444e-006 1.0131e-002 3.3946e-002 1.0467e-003 5.0876e-002 1.3832e-004 7.4271e-003 1.1349e-002 8.9001e-003 0.0000e+000 0.0000e+000 0.0000e+000 0.0000e+000 0.0000e+000 0.0000e+000
          62 4.6498e-006 4.7758e-004 1.4687e-003 1.5543e-003 1.0217e-001 2.4701e-001 4.5566e-005 4.1729e-001 1.3302e-003 7.5435e-002 6.0956e-002 9.9378e-002 0.0000e+000 0.0000e+000 0.0000e+000 0.0000e+000 0.0000e+000 0.0000e+000
          63 8.5883e-002 1.0221e+001 1.7613e+001 1.3277e+002 3.2823e+003 5.9584e+003 1.3944e+002 1.1339e+004 3.0068e+002 2.3637e+003 9.8843e+002 3.3897e+003 0.0000e+000 0.0000e+000 0.0000e+000 0.0000e+000 0.0000e+000 0.0000e+000
          64 3.9688e-003 4.7604e-001 7.9382e-001 6.4856e+000 1.5559e+002 2.7904e+002 7.1954e+000 5.3386e+002 1.4988e+001 1.1185e+002 4.5343e+001 1.6099e+002 0.0000e+000 0.0000e+000 0.0000e+000 0.0000e+000 0.0000e+000 0.0000e+000
          65 9.7682e-006 1.4840e-003 7.3782e-004 5.4689e-002 7.4584e-001 1.0041e+000 1.2652e-001 2.1933e+000 1.7635e-001 5.0738e-001 8.6918e-002 7.9542e-001 5.7885e-005 0.0000e+000 0.0000e+000 0.0000e+000 0.0000e+000 0.0000e+000
          66 3.8234e-006 8.6910e-004 8.0540e-006 7.5321e-002 6.9652e-001 7.0113e-001 2.3859e-001 1.7735e+000 2.9590e-001 4.3576e-001 1.8811e-002 7.4572e-001 6.3371e-003 0.0000e+000 0.0000e+000 0.0000e+000 0.0000e+000 0.0000e+000
          67 1.8835e-006 1.0147e-003 1.7151e-003 2.0346e-001 1.3977e+000 1.0333e+000 7.7421e-001 3.0928e+000 9.2319e-001 7.7912e-001 5.1530e-006 1.4668e+000 6.4656e-002 0.0000e+000 0.0000e+000 0.0000e+000 0.0000e+000 0.0000e+000
          68 3.7108e-009 1.9042e-003 2.1941e-002 9.7105e-001 5.2234e+000 2.7354e+000 4.1877e+000 1.0022e+001 4.9524e+000 2.4958e+000 1.1875e-001 5.2510e+000 6.4166e-001 0.0000e+000 0.0000e+000 0.0000e+000 0.0000e+000 0.0000e+000
          69 8.7003e-005 9.6963e-003 6.4104e-001 1.6784e+001 7.3065e+001 2.5495e+001 7.9487e+001 1.2065e+002 9.4626e+001 2.8457e+001 6.4333e+000 6.8725e+001 1.7880e+001 0.0000e+000 0.0000e+000 0.0000e+000 0.0000e+000 0.0000e+000
          70 1.0354e-002 2.2428e-001 4.3979e+001 9.5284e+002 3.7586e+003 1.0300e+003 4.6949e+003 5.7253e+003 5.6259e+003 1.2874e+003 5.1127e+002 3.3862e+003 1.2210e+003 0.0000e+000 0.0000e+000 0.0000e+000 0.0000e+000 0.0000e+000
          71 6.3267e-004 1.6545e-003 1.8743e+000 3.4341e+001 1.2253e+002 2.4961e+001 1.7576e+002 1.7045e+002 2.1242e+002 3.5739e+001 2.4230e+001 1.0465e+002 5.1999e+001 0.0000e+000 0.0000e+000 0.0000e+000 0.0000e+000 0.0000e+000
          72 3.8696e-004 5.6221e-004 7.5754e-001 1.0758e+001 3.1992e+001 3.0754e+000 5.8663e+001 3.6730e+001 7.2282e+001 6.2418e+000 1.1070e+001 2.4091e+001 2.1027e+001 0.0000e+000 0.0000e+000 0.0000e+000 0.0000e+000 0.0000e+000
          73 6.7453e-004 4.6870e-003 1.0205e+000 1.1820e+001 2.9376e+001 7.2352e-001 6.8153e+001 2.6697e+001 8.5861e+001 3.0456e+000 1.5906e+001 1.8692e+001 2.8190e+001 0.0000e+000 0.0000e+000 0.0000e+000 0.0000e+000 0.0000e+000
          74 1.8811e-003 2.3043e-002 2.3732e+000 2.3186e+001 4.8094e+001 7.5399e-003 1.4056e+002 3.2426e+001 1.8137e+002 1.4947e+000 3.8072e+001 2.4402e+001 6.4676e+001 7.3313e-005 0.0000e+000 0.0000e+000 0.0000e+000 0.0000e+000
          75 8.6510e-003 1.4339e-001 9.5182e+000 8.0420e+001 1.3885e+002 5.6403e+000 5.1008e+002 6.2711e+001 6.7453e+002 1.1906e-004 1.5330e+002 5.1787e+001 2.5351e+002 8.1396e-001 0.0000e+000 0.0000e+000 0.0000e+000 0.0000e+000
          76 5.4435e-002 1.0694e+000 5.4374e+001 4.1062e+002 6.0074e+002 9.0527e+001 2.7009e+003 1.6464e+002 3.6493e+003 1.9961e+001 8.6561e+002 1.5409e+002 1.4091e+003 2.2588e+001 0.0000e+000 0.0000e+000 0.0000e+000 0.0000e+000
          77 6.8550e-002 1.4812e+000 6.4292e+001 4.4920e+002 5.7709e+002 1.7207e+002 3.0319e+003 9.0969e+001 4.1633e+003 6.7934e+001 1.0069e+003 1.0012e+002 1.6254e+003 5.5237e+001 0.0000e+000 0.0000e+000 0.0000e+000 0.0000e+000
          78 2.6987e-002 6.4904e-001 2.3335e+001 1.4665e+002 1.5393e+002 1.0176e+002 1.0260e+003 5.0836e+000 1.4423e+003 5.9951e+001 3.5324e+002 1.0612e+001 5.6558e+002 4.2154e+001 0.0000e+000 0.0000e+000 0.0000e+000 0.0000e+000
          79 1.8010e-002 4.7682e-001 1.4295e+001 7.9759e+001 6.3840e+001 9.4496e+001 5.8154e+002 1.3597e+000 8.4073e+002 7.2143e+001 2.0474e+002 5.1816e-002 3.2636e+002 4.8204e+001 0.0000e+000 0.0000e+000 0.0000e+000 0.0000e+000
          80 1.8914e-002 5.4099e-001 1.3836e+001 6.8425e+001 3.8923e+001 1.2747e+002 5.2063e+002 1.5468e+001 7.7554e+002 1.1595e+002 1.8373e+002 3.8571e+000 2.9324e+002 7.5841e+001 0.0000e+000 0.0000e+000 0.0000e+000 0.0000e+000
          81 2.6120e-002 7.9498e-001 1.7685e+001 7.7432e+001 2.8155e+001 2.1401e+002 6.1549e+002 5.5804e+001 9.4600e+002 2.2173e+002 2.1316e+002 2.0772e+001 3.4296e+002 1.4260e+002 0.0000e+000 0.0000e+000 0.0000e+000 0.0000e+000
          82 4.1315e-002 1.3220e+000 2.5990e+001 1.0061e+002 1.9471e+001 3.9573e+002 8.3643e+002 1.5812e+002 1.3278e+003 4.5426e+002 2.7805e+002 6.6992e+001 4.5469e+002 2.8645e+002 0.0000e+000 0.0000e+000 0.0000e+000 0.0000e+000
          83 6.1029e-002 2.0336e+000 3.5794e+001 1.2228e+002 8.4703e+000 6.6408e+002 1.0646e+003 3.5073e+002 1.7472e+003 8.2898e+002 3.3185e+002 1.5693e+002 5.5712e+002 5.1025e+002 0.0000e+000 0.0000e+000 0.0000e+000 0.0000e+000
          84 6.7815e-002 2.3378e+000 3.7108e+001 1.1106e+002 4.4399e-001 8.2329e+002 1.0162e+003 5.3395e+002 1.7276e+003 1.1052e+003 2.8851e+002 2.4446e+002 5.0428e+002 6.6066e+002 2.1674e-009 0.0000e+000 0.0000e+000 0.0000e+000
          85 5.7444e-002 2.0413e+000 2.9200e+001 7.5103e+001 2.5180e+000 7.7161e+002 7.2827e+002 5.9243e+002 1.2891e+003 1.1088e+003 1.7977e+002 2.7269e+002 3.3524e+002 6.3919e+002 9.3334e-001 0.0000e+000 0.0000e+000 0.0000e+000
          86 4.5365e-002 1.6566e+000 2.1271e+001 4.5612e+001 1.1631e+001 6.7079e+002 4.7516e+002 5.9585e+002 8.8249e+002 1.0294e+003 9.4276e+001 2.7207e+002 1.9626e+002 5.6749e+002 6.0049e+000 0.0000e+000 0.0000e+000 0.0000e+000
          87 3.8213e-002 1.4292e+000 1.6402e+001 2.8145e+001 2.4978e+001 6.1865e+002 3.2121e+002 6.2414e+002 6.3227e+002 1.0112e+003 4.4597e+001 2.7950e+002 1.1331e+002 5.2861e+002 1.7161e+001 0.0000e+000 0.0000e+000 0.0000e+000
          88 3.5292e-002 1.3470e+000 1.3753e+001 1.7812e+001 4.3826e+001 6.2210e+002 2.2955e+002 7.0217e+002 4.8550e+002 1.0800e+003 1.6618e+001 3.0538e+002 6.3857e+001 5.3103e+002 3.7281e+001 0.0000e+000 0.0000e+000 0.0000e+000
          89 3.5019e-002 1.3591e+000 1.2272e+001 1.0946e+001 7.1061e+001 6.6873e+002 1.6778e+002 8.3449e+002 3.8911e+002 1.2299e+003 2.3458e+000 3.4938e+002 3.1669e+001 5.6432e+002 7.1091e+001 0.0000e+000 0.0000e+000 0.0000e+000
          90 3.5962e-002 1.4140e+000 1.1201e+001 5.8453e+000 1.0897e+002 7.4073e+002 1.1814e+002 1.0126e+003 3.1041e+002 1.4399e+003 1.4962e+000 4.0477e+002 1.0463e+001 6.1177e+002 1.2357e+002 0.0000e+000 0.0000e+000 0.0000e+000
          91 3.6534e-002 1.4502e+000 9.9651e+000 2.1237e+000 1.5595e+002 8.0892e+002 7.3384e+001 1.2032e+003 2.3172e+002 1.6590e+003 1.8228e+001 4.5544e+002 4.3112e-001 6.4748e+002 1.9507e+002 0.0000e+000 0.0000e+000 0.0000e+000
          92 3.5224e-002 1.4066e+000 8.2474e+000 1.7392e-001 2.0384e+002 8.3648e+002 3.5003e+001 1.3472e+003 1.5059e+002 1.8081e+003 5.5583e+001 4.7878e+002 4.2147e+000 6.4240e+002 2.7551e+002 0.0000e+000 0.0000e+000 0.0000e+000
          93 3.1610e-002 1.2653e+000 6.1765e+000 4.0536e-001 2.4199e+002 8.0440e+002 9.2682e+000 1.3991e+003 7.8393e+001 1.8323e+003 1.1010e+002 4.6215e+002 2.1891e+001 5.8622e+002 3.4779e+002 0.0000e+000 0.0000e+000 0.0000e+000
          94 2.6699e-002 1.0669e+000 4.1771e+000 2.6385e+000 2.6643e+002 7.2837e+002 3.9844e-002 1.3668e+003 2.8086e+001 1.7496e+003 1.7417e+002 4.1462e+002 4.9423e+001 4.9733e+002 4.0190e+002 5.3264e-006 0.0000e+000 0.0000e+000
          95 2.1811e-002 8.6598e-001 2.5662e+000 6.3319e+000 2.8152e+002 6.3898e+002 6.0419e+000 1.2941e+003 3.5524e+000 1.6208e+003 2.4342e+002 3.5529e+002 8.2324e+001 4.0258e+002 4.4072e+002 5.8763e-001 0.0000e+000 0.0000e+000
          96 1.7646e-002 6.9214e-001 1.4105e+000 1.1110e+001 2.9379e+002 5.5673e+002 2.4206e+001 1.2187e+003 1.7177e+000 1.4945e+003 3.1908e+002 2.9744e+002 1.1863e+002 3.1766e+002 4.7258e+002 4.1609e+000 0.0000e+000 0.0000e+000
          97 1.4301e-002 5.5019e-001 6.4514e-001 1.6913e+001 3.0773e+002 4.8799e+002 5.2708e+001 1.1578e+003 1.8859e+001 1.3902e+003 4.0535e+002 2.4558e+002 1.5849e+002 2.4626e+002 5.0393e+002 1.2863e+001 0.0000e+000 0.0000e+000
          98 1.1609e-002 4.3396e-001 1.9288e-001 2.3853e+001 3.2494e+002 4.3099e+002 9.1303e+001 1.1125e+003 5.3312e+001 1.3078e+003 5.0626e+002 1.9926e+002 2.0252e+002 1.8651e+002 5.3701e+002 2.8524e+001 0.0000e+000 0.0000e+000
          99 9.3572e-003 3.3565e-001 7.2450e-003 3.1987e+001 3.4453e+002 3.8112e+002 1.4022e+002 1.0758e+003 1.0493e+002 1.2373e+003 6.2310e+002 1.5664e+002 2.5027e+002 1.3558e+002 5.6995e+002 5.2756e+001 0.0000e+000 0.0000e+000
         100 7.3831e-003 2.4971e-001 6.9947e-002 4.1120e+001 3.6365e+002 3.3369e+002 1.9865e+002 1.0368e+003 1.7320e+002 1.1657e+003 7.5233e+002 1.1653e+002 2.9928e+002 9.1824e+001 5.9745e+002 8.6412e+001 0.0000e+000 0.0000e+000
         101 5.6107e-003 1.7431e-001 3.7101e-001 5.0799e+001 3.7895e+002 2.8603e+002 2.6424e+002 9.8657e+002 2.5593e+002 1.0830e+003 8.8659e+002 7.9361e+001 3.4565e+002 5.5329e+001 6.1365e+002 1.2905e+002 0.0000e+000 0.0000e+000
         102 4.0331e-003 1.1026e-001 8.9330e-001 6.0469e+001 3.8789e+002 2.3772e+002 3.3362e+002 9.2098e+002 3.4939e+002 9.8512e+002 1.0175e+003 4.6892e+001 3.8544e+002 2.7178e+001 6.1453e+002 1.7900e+002 0.0000e+000 0.0000e+000
         103 2.6698e-003 5.9277e-002 1.6024e+000 6.9373e+001 3.8792e+002 1.8931e+002 4.0188e+002 8.3746e+002 4.4755e+002 8.7052e+002 1.1340e+003 2.1382e+001 4.1416e+002 8.5831e+000 5.9666e+002 2.3294e+002 0.0000e+000 0.0000e+000
         104 1.5631e-003 2.3508e-002 2.4355e+000 7.6606e+001 3.7718e+002 1.4259e+002 4.6260e+002 7.3699e+002 5.4176e+002 7.4177e+002 1.2232e+003 5.2263e+000 4.2763e+002 4.1595e-001 5.5867e+002 2.8575e+002 0.0000e+000 0.0000e+000
         105 7.5763e-004 4.1829e-003 3.3258e+000 8.1927e+001 3.5788e+002 1.0088e+002 5.1290e+002 6.2910e+002 6.2669e+002 6.1018e+002 1.2830e+003 6.7374e-003 4.2641e+002 2.4380e+000 5.0610e+002 3.3375e+002 1.6193e-001 0.0000e+000
         106 2.5542e-004 4.1991e-004 4.2453e+000 8.5929e+001 3.3484e+002 6.6536e+001 5.5543e+002 5.2523e+002 7.0401e+002 4.8777e+002 1.3240e+003 5.8950e+000 4.1535e+002 1.3322e+001 4.4779e+002 3.7698e+002 1.8204e+000 0.0000e+000
         107 2.4672e-005 1.0368e-002 5.1733e+000 8.8877e+001 3.0998e+002 3.9779e+001 5.9128e+002 4.2914e+002 7.7419e+002 3.7821e+002 1.3505e+003 2.2436e+001 3.9687e+002 3.1499e+001 3.8779e+002 4.1502e+002 6.4941e+000 0.0000e+000
         108 3.0084e-005 3.2053e-002 6.0893e+000 9.0909e+001 2.8442e+002 2.0344e+001 6.2091e+002 3.4266e+002 8.3707e+002 2.8303e+002 1.3646e+003 4.8907e+001 3.7264e+002 5.5357e+001 3.2870e+002 4.4720e+002 1.5192e+001 0.0000e+000
         109 2.3828e-004 6.3999e-002 7.0268e+000 9.2774e+001 2.6063e+002 7.7487e+000 6.4920e+002 2.6828e+002 8.9881e+002 2.0396e+002 1.3775e+003 8.5049e+001 3.4648e+002 8.3962e+001 2.7419e+002 4.7640e+002 2.8664e+001 0.0000e+000
         110 6.2567e-004 1.0522e-001 7.9807e+000 9.4409e+001 2.3805e+002 1.2236e+000 6.7576e+002 2.0420e+002 9.5890e+002 1.3894e+002 1.3879e+003 1.3080e+002 3.1829e+002 1.1647e+002 2.2389e+002 5.0197e+002 4.7430e+001 0.0000e+000
         111 1.1709e-003 1.5429e-001 8.9122e+000 9.5433e+001 2.1568e+002 2.8078e-001 6.9780e+002 1.4902e+002 1.0132e+003 8.6676e+001 1.3900e+003 1.8536e+002 2.8730e+002 1.5149e+002 1.7731e+002 5.2149e+002 7.1492e+001 0.0000e+000
         112 1.8612e-003 2.1066e-001 9.8384e+000 9.6120e+001 1.9419e+002 4.5327e+000 7.1720e+002 1.0293e+002 1.0642e+003 4.7027e+001 1.3876e+003 2.4888e+002 2.5501e+002 1.8851e+002 1.3550e+002 5.3614e+002 1.0097e+002 0.0000e+000
         113 2.6722e-003 2.7216e-001 1.0692e+001 9.5889e+001 1.7245e+002 1.3608e+001 7.2950e+002 6.5099e+001 1.1051e+003 1.9393e+001 1.3722e+003 3.1941e+002 2.2053e+002 2.2549e+002 9.8098e+001 5.4246e+002 1.3497e+002 0.0000e+000
         114 3.5766e-003 3.3670e-001 1.1445e+001 9.4672e+001 1.5074e+002 2.7003e+001 7.3388e+002 3.5867e+001 1.1341e+003 3.8635e+000 1.3430e+003 3.9508e+002 1.8498e+002 2.6085e+002 6.6005e+001 5.3991e+002 1.7237e+002 0.0000e+000
         115 4.5458e-003 4.0209e-001 1.2070e+001 9.2423e+001 1.2932e+002 4.4101e+001 7.2967e+002 1.5342e+001 1.1496e+003 1.9615e-001 1.2995e+003 4.7371e+002 1.4948e+002 2.9305e+002 3.9861e+001 5.2824e+002 2.1179e+002 4.8287e-003
         116 5.5173e-003 4.6352e-001 1.2481e+001 8.8719e+001 1.0808e+002 6.3768e+001 7.1311e+002 3.4939e+000 1.1449e+003 7.7742e+000 1.2359e+003 5.4986e+002 1.1484e+002 3.1903e+002 2.0115e+001 5.0529e+002 2.5021e+002 3.9490e-001
         117 6.4479e-003 5.1830e-001 1.2673e+001 8.3814e+001 8.7867e+001 8.4823e+001 6.8572e+002 1.3220e-002 1.1215e+003 2.5279e+001 1.1563e+003 6.2031e+002 8.3015e+001 3.3767e+002 7.1862e+000 4.7300e+002 2.8558e+002 2.0616e+000
         118 7.2022e-003 5.5686e-001 1.2494e+001 7.7037e+001 6.8574e+001 1.0460e+002 6.4136e+002 3.9129e+000 1.0681e+003 4.9956e+001 1.0519e+003 6.7328e+002 5.4951e+001 3.4397e+002 8.8827e-001 4.2841e+002 3.1190e+002 5.5380e+000
         119 7.6030e-003 5.6796e-001 1.1811e+001 6.8101e+001 5.0810e+001 1.1917e+002 5.7662e+002 1.2973e+001 9.7720e+002 7.6517e+001 9.1992e+002 6.9416e+002 3.2305e+001 3.3328e+002 3.9981e-001 3.7134e+002 3.2205e+002 1.0550e+001
