   v'->v''           0           1           2           3           4           5           6           7           8           9          10          11          12          13          14
           0 0.0000e+000 0.0000e+000 0.0000e+000 0.0000e+000 0.0000e+000 0.0000e+000 0.0000e+000 0.0000e+000 0.0000e+000 0.0000e+000 0.0000e+000 0.0000e+000 0.0000e+000 0.0000e+000 0.0000e+000
           1 0.0000e+000 0.0000e+000 0.0000e+000 0.0000e+000 0.0000e+000 0.0000e+000 0.0000e+000 0.0000e+000 0.0000e+000 0.0000e+000 0.0000e+000 0.0000e+000 0.0000e+000 0.0000e+000 0.0000e+000
           2 0.0000e+000 0.0000e+000 0.0000e+000 0.0000e+000 0.0000e+000 0.0000e+000 0.0000e+000 0.0000e+000 0.0000e+000 0.0000e+000 0.0000e+000 0.0000e+000 0.0000e+000 0.0000e+000 0.0000e+000
           3 0.0000e+000 0.0000e+000 0.0000e+000 0.0000e+000 0.0000e+000 0.0000e+000 0.0000e+000 0.0000e+000 0.0000e+000 0.0000e+000 0.0000e+000 0.0000e+000 0.0000e+000 0.0000e+000 0.0000e+000
           4 0.0000e+000 0.0000e+000 0.0000e+000 0.0000e+000 0.0000e+000 0.0000e+000 0.0000e+000 0.0000e+000 0.0000e+000 0.0000e+000 0.0000e+000 0.0000e+000 0.0000e+000 0.0000e+000 0.0000e+000
           5 0.0000e+000 0.0000e+000 0.0000e+000 0.0000e+000 0.0000e+000 0.0000e+000 0.0000e+000 0.0000e+000 0.0000e+000 0.0000e+000 0.0000e+000 0.0000e+000 0.0000e+000 0.0000e+000 0.0000e+000
           6 0.0000e+000 0.0000e+000 0.0000e+000 0.0000e+000 0.0000e+000 0.0000e+000 0.0000e+000 0.0000e+000 0.0000e+000 0.0000e+000 0.0000e+000 0.0000e+000 0.0000e+000 0.0000e+000 0.0000e+000
           7 0.0000e+000 0.0000e+000 0.0000e+000 0.0000e+000 0.0000e+000 0.0000e+000 0.0000e+000 0.0000e+000 0.0000e+000 0.0000e+000 0.0000e+000 0.0000e+000 0.0000e+000 0.0000e+000 0.0000e+000
           8 0.0000e+000 0.0000e+000 0.0000e+000 0.0000e+000 0.0000e+000 0.0000e+000 0.0000e+000 0.0000e+000 0.0000e+000 0.0000e+000 0.0000e+000 0.0000e+000 0.0000e+000 0.0000e+000 0.0000e+000
           9 0.0000e+000 0.0000e+000 0.0000e+000 0.0000e+000 0.0000e+000 0.0000e+000 0.0000e+000 0.0000e+000 0.0000e+000 0.0000e+000 0.0000e+000 0.0000e+000 0.0000e+000 0.0000e+000 0.0000e+000
          10 0.0000e+000 0.0000e+000 0.0000e+000 0.0000e+000 0.0000e+000 0.0000e+000 0.0000e+000 0.0000e+000 0.0000e+000 0.0000e+000 0.0000e+000 0.0000e+000 0.0000e+000 0.0000e+000 0.0000e+000
          11 0.0000e+000 0.0000e+000 0.0000e+000 0.0000e+000 0.0000e+000 0.0000e+000 0.0000e+000 0.0000e+000 0.0000e+000 0.0000e+000 0.0000e+000 0.0000e+000 0.0000e+000 0.0000e+000 0.0000e+000
          12 0.0000e+000 0.0000e+000 0.0000e+000 0.0000e+000 0.0000e+000 0.0000e+000 0.0000e+000 0.0000e+000 0.0000e+000 0.0000e+000 0.0000e+000 0.0000e+000 0.0000e+000 0.0000e+000 0.0000e+000
          13 0.0000e+000 0.0000e+000 0.0000e+000 0.0000e+000 0.0000e+000 0.0000e+000 0.0000e+000 0.0000e+000 0.0000e+000 0.0000e+000 0.0000e+000 0.0000e+000 0.0000e+000 0.0000e+000 0.0000e+000
          14 0.0000e+000 0.0000e+000 0.0000e+000 0.0000e+000 0.0000e+000 0.0000e+000 0.0000e+000 0.0000e+000 0.0000e+000 0.0000e+000 0.0000e+000 0.0000e+000 0.0000e+000 0.0000e+000 0.0000e+000
          15 0.0000e+000 0.0000e+000 0.0000e+000 0.0000e+000 0.0000e+000 0.0000e+000 0.0000e+000 0.0000e+000 0.0000e+000 0.0000e+000 0.0000e+000 0.0000e+000 0.0000e+000 0.0000e+000 0.0000e+000
          16 0.0000e+000 0.0000e+000 0.0000e+000 0.0000e+000 0.0000e+000 0.0000e+000 0.0000e+000 0.0000e+000 0.0000e+000 0.0000e+000 0.0000e+000 0.0000e+000 0.0000e+000 0.0000e+000 0.0000e+000
          17 0.0000e+000 0.0000e+000 0.0000e+000 0.0000e+000 0.0000e+000 0.0000e+000 0.0000e+000 0.0000e+000 0.0000e+000 0.0000e+000 0.0000e+000 0.0000e+000 0.0000e+000 0.0000e+000 0.0000e+000
          18 0.0000e+000 0.0000e+000 0.0000e+000 0.0000e+000 0.0000e+000 0.0000e+000 0.0000e+000 0.0000e+000 0.0000e+000 0.0000e+000 0.0000e+000 0.0000e+000 0.0000e+000 0.0000e+000 0.0000e+000
          19 0.0000e+000 0.0000e+000 0.0000e+000 0.0000e+000 0.0000e+000 0.0000e+000 0.0000e+000 0.0000e+000 0.0000e+000 0.0000e+000 0.0000e+000 0.0000e+000 0.0000e+000 0.0000e+000 0.0000e+000
          20 0.0000e+000 0.0000e+000 0.0000e+000 0.0000e+000 0.0000e+000 0.0000e+000 0.0000e+000 0.0000e+000 0.0000e+000 0.0000e+000 0.0000e+000 0.0000e+000 0.0000e+000 0.0000e+000 0.0000e+000
          21 0.0000e+000 0.0000e+000 0.0000e+000 0.0000e+000 0.0000e+000 0.0000e+000 0.0000e+000 0.0000e+000 0.0000e+000 0.0000e+000 0.0000e+000 0.0000e+000 0.0000e+000 0.0000e+000 0.0000e+000
          22 0.0000e+000 0.0000e+000 0.0000e+000 0.0000e+000 0.0000e+000 0.0000e+000 0.0000e+000 0.0000e+000 0.0000e+000 0.0000e+000 0.0000e+000 0.0000e+000 0.0000e+000 0.0000e+000 0.0000e+000
          23 0.0000e+000 0.0000e+000 0.0000e+000 0.0000e+000 0.0000e+000 0.0000e+000 0.0000e+000 0.0000e+000 0.0000e+000 0.0000e+000 0.0000e+000 0.0000e+000 0.0000e+000 0.0000e+000 0.0000e+000
          24 0.0000e+000 0.0000e+000 0.0000e+000 0.0000e+000 0.0000e+000 0.0000e+000 0.0000e+000 0.0000e+000 0.0000e+000 0.0000e+000 0.0000e+000 0.0000e+000 0.0000e+000 0.0000e+000 0.0000e+000
          25 0.0000e+000 0.0000e+000 0.0000e+000 0.0000e+000 0.0000e+000 0.0000e+000 0.0000e+000 0.0000e+000 0.0000e+000 0.0000e+000 0.0000e+000 0.0000e+000 0.0000e+000 0.0000e+000 0.0000e+000
          26 0.0000e+000 0.0000e+000 0.0000e+000 0.0000e+000 0.0000e+000 0.0000e+000 0.0000e+000 0.0000e+000 0.0000e+000 0.0000e+000 0.0000e+000 0.0000e+000 0.0000e+000 0.0000e+000 0.0000e+000
          27 0.0000e+000 0.0000e+000 0.0000e+000 0.0000e+000 0.0000e+000 0.0000e+000 0.0000e+000 0.0000e+000 0.0000e+000 0.0000e+000 0.0000e+000 0.0000e+000 0.0000e+000 0.0000e+000 0.0000e+000
          28 0.0000e+000 0.0000e+000 0.0000e+000 0.0000e+000 0.0000e+000 0.0000e+000 0.0000e+000 0.0000e+000 0.0000e+000 0.0000e+000 0.0000e+000 0.0000e+000 0.0000e+000 0.0000e+000 0.0000e+000
          29 0.0000e+000 0.0000e+000 0.0000e+000 0.0000e+000 0.0000e+000 0.0000e+000 0.0000e+000 0.0000e+000 0.0000e+000 0.0000e+000 0.0000e+000 0.0000e+000 0.0000e+000 0.0000e+000 0.0000e+000
          30 0.0000e+000 0.0000e+000 0.0000e+000 0.0000e+000 0.0000e+000 0.0000e+000 0.0000e+000 0.0000e+000 0.0000e+000 0.0000e+000 0.0000e+000 0.0000e+000 0.0000e+000 0.0000e+000 0.0000e+000
          31 0.0000e+000 0.0000e+000 0.0000e+000 0.0000e+000 0.0000e+000 0.0000e+000 0.0000e+000 0.0000e+000 0.0000e+000 0.0000e+000 0.0000e+000 0.0000e+000 0.0000e+000 0.0000e+000 0.0000e+000
          32 0.0000e+000 0.0000e+000 0.0000e+000 0.0000e+000 0.0000e+000 0.0000e+000 0.0000e+000 0.0000e+000 0.0000e+000 0.0000e+000 0.0000e+000 0.0000e+000 0.0000e+000 0.0000e+000 0.0000e+000
          33 0.0000e+000 0.0000e+000 0.0000e+000 0.0000e+000 0.0000e+000 0.0000e+000 0.0000e+000 0.0000e+000 0.0000e+000 0.0000e+000 0.0000e+000 0.0000e+000 0.0000e+000 0.0000e+000 0.0000e+000
          34 0.0000e+000 0.0000e+000 0.0000e+000 0.0000e+000 0.0000e+000 0.0000e+000 0.0000e+000 0.0000e+000 0.0000e+000 0.0000e+000 0.0000e+000 0.0000e+000 0.0000e+000 0.0000e+000 0.0000e+000
          35 0.0000e+000 0.0000e+000 0.0000e+000 0.0000e+000 0.0000e+000 0.0000e+000 0.0000e+000 0.0000e+000 0.0000e+000 0.0000e+000 0.0000e+000 0.0000e+000 0.0000e+000 0.0000e+000 0.0000e+000
          36 2.5266e-006 0.0000e+000 0.0000e+000 0.0000e+000 0.0000e+000 0.0000e+000 0.0000e+000 0.0000e+000 0.0000e+000 0.0000e+000 0.0000e+000 0.0000e+000 0.0000e+000 0.0000e+000 0.0000e+000
          37 1.0097e-004 7.9163e-010 0.0000e+000 0.0000e+000 0.0000e+000 0.0000e+000 0.0000e+000 0.0000e+000 0.0000e+000 0.0000e+000 0.0000e+000 0.0000e+000 0.0000e+000 0.0000e+000 0.0000e+000
          38 2.6128e-004 1.1904e-008 0.0000e+000 0.0000e+000 0.0000e+000 0.0000e+000 0.0000e+000 0.0000e+000 0.0000e+000 0.0000e+000 0.0000e+000 0.0000e+000 0.0000e+000 0.0000e+000 0.0000e+000
          39 1.5213e-004 3.6210e-011 6.9261e-007 0.0000e+000 0.0000e+000 0.0000e+000 0.0000e+000 0.0000e+000 0.0000e+000 0.0000e+000 0.0000e+000 0.0000e+000 0.0000e+000 0.0000e+000 0.0000e+000
          40 8.8632e-006 1.1437e-007 7.1775e-005 3.6693e-007 0.0000e+000 0.0000e+000 0.0000e+000 0.0000e+000 0.0000e+000 0.0000e+000 0.0000e+000 0.0000e+000 0.0000e+000 0.0000e+000 0.0000e+000
          41 6.4813e-004 7.2868e-007 1.6852e-004 1.2549e-006 0.0000e+000 0.0000e+000 0.0000e+000 0.0000e+000 0.0000e+000 0.0000e+000 0.0000e+000 0.0000e+000 0.0000e+000 0.0000e+000 0.0000e+000
          42 2.2746e-003 1.8445e-006 5.1729e-005 5.3413e-006 9.2344e-006 0.0000e+000 0.0000e+000 0.0000e+000 0.0000e+000 0.0000e+000 0.0000e+000 0.0000e+000 0.0000e+000 0.0000e+000 0.0000e+000
          43 3.8945e-003 2.5705e-006 9.6686e-005 9.2193e-005 1.1288e-004 2.4720e-008 0.0000e+000 0.0000e+000 0.0000e+000 0.0000e+000 0.0000e+000 0.0000e+000 0.0000e+000 0.0000e+000 0.0000e+000
          44 4.2014e-003 1.8636e-006 1.1211e-003 3.3222e-004 2.1271e-004 1.3477e-006 0.0000e+000 0.0000e+000 0.0000e+000 0.0000e+000 0.0000e+000 0.0000e+000 0.0000e+000 0.0000e+000 0.0000e+000
          45 2.8780e-003 2.9776e-007 3.1569e-003 6.1208e-004 1.0422e-004 8.1139e-005 2.3277e-006 0.0000e+000 0.0000e+000 0.0000e+000 0.0000e+000 0.0000e+000 0.0000e+000 0.0000e+000 0.0000e+000
          46 9.5373e-004 5.8795e-007 4.9794e-003 6.9013e-004 1.0888e-005 4.7601e-004 4.6503e-005 0.0000e+000 0.0000e+000 0.0000e+000 0.0000e+000 0.0000e+000 0.0000e+000 0.0000e+000 0.0000e+000
          47 7.0914e-007 5.3259e-006 5.1662e-003 4.6431e-004 5.3834e-004 1.2242e-003 4.7733e-005 6.7057e-006 0.0000e+000 0.0000e+000 0.0000e+000 0.0000e+000 0.0000e+000 0.0000e+000 0.0000e+000
          48 9.6547e-004 1.3801e-005 3.4935e-003 1.2549e-004 1.9872e-003 1.8880e-003 1.1928e-006 1.4562e-004 0.0000e+000 0.0000e+000 0.0000e+000 0.0000e+000 0.0000e+000 0.0000e+000 0.0000e+000
          49 3.5477e-003 2.1519e-005 1.2030e-003 6.9016e-006 3.8468e-003 1.8907e-003 2.5338e-004 4.6587e-004 1.8463e-006 0.0000e+000 0.0000e+000 0.0000e+000 0.0000e+000 0.0000e+000 0.0000e+000
          50 6.4600e-003 2.3479e-005 1.1073e-005 2.9162e-004 5.0661e-003 1.1384e-003 1.1500e-003 6.7834e-004 8.5370e-005 0.0000e+000 0.0000e+000 0.0000e+000 0.0000e+000 0.0000e+000 0.0000e+000
          51 8.2596e-003 1.8267e-005 8.6713e-004 8.6537e-004 4.8614e-003 2.3747e-004 2.5752e-003 5.1853e-004 4.9416e-004 8.8083e-007 0.0000e+000 0.0000e+000 0.0000e+000 0.0000e+000 0.0000e+000
          52 8.1558e-003 9.2324e-006 3.4378e-003 1.4205e-003 3.3312e-003 6.9763e-005 3.9374e-003 1.3573e-004 1.2877e-003 3.6281e-007 0.0000e+000 0.0000e+000 0.0000e+000 0.0000e+000 0.0000e+000
          53 6.3401e-003 1.9121e-006 6.4964e-003 1.6821e-003 1.3913e-003 1.1168e-003 4.5764e-003 2.8894e-005 2.0955e-003 6.7844e-005 5.2000e-006 0.0000e+000 0.0000e+000 0.0000e+000 0.0000e+000
          54 3.7385e-003 1.5467e-007 8.7329e-003 1.5642e-003 1.4352e-004 3.1089e-003 4.1956e-003 6.3398e-004 2.4063e-003 4.3041e-004 3.3634e-005 0.0000e+000 0.0000e+000 0.0000e+000 0.0000e+000
          55 1.4443e-003 4.0306e-006 9.4020e-003 1.1729e-003 2.0358e-004 5.2267e-003 3.0143e-003 1.9687e-003 2.0227e-003 1.2352e-003 2.6473e-005 5.3049e-006 0.0000e+000 0.0000e+000 0.0000e+000
          56 1.8447e-004 1.0575e-005 8.5128e-003 7.0132e-004 1.4304e-003 6.6245e-003 1.5918e-003 3.6072e-003 1.2012e-003 2.3223e-003 1.7986e-007 6.1890e-005 0.0000e+000 0.0000e+000 0.0000e+000
          57 8.1300e-005 1.6145e-005 6.6225e-003 3.1418e-004 3.1341e-003 6.8715e-003 4.9573e-004 4.9475e-003 4.1834e-004 3.2910e-003 9.1003e-005 1.4136e-004 2.3481e-006 0.0000e+000 0.0000e+000
          58 7.4591e-004 1.8468e-005 4.4583e-003 8.6506e-005 4.5208e-003 6.0665e-003 2.2397e-005 5.5396e-003 2.7313e-005 3.7640e-003 3.9159e-004 1.6741e-004 3.7326e-005 0.0000e+000 0.0000e+000
          59 1.5669e-003 1.7252e-005 2.5942e-003 5.0875e-006 5.0611e-003 4.6504e-003 1.0228e-004 5.2581e-003 6.7655e-005 3.5986e-003 8.1381e-004 1.2579e-004 1.0520e-004 2.8398e-007 0.0000e+000
          60 2.0017e-003 1.3541e-005 1.2967e-003 7.0948e-006 4.6078e-003 3.1083e-003 4.0122e-004 4.2589e-003 3.0602e-004 2.9013e-003 1.1133e-003 6.2149e-005 1.5432e-004 5.9738e-006 0.0000e+000
          61 1.7675e-003 8.7217e-006 5.5089e-004 2.4794e-005 3.3277e-003 1.7643e-003 5.4047e-004 2.8350e-003 4.2920e-004 1.9098e-003 1.0490e-003 1.9760e-005 1.4384e-004 1.3866e-005 0.0000e+000
          62 1.0289e-003 4.2401e-006 1.9611e-004 2.2311e-005 1.7385e-003 7.8982e-004 3.7970e-004 1.4112e-003 3.0657e-004 9.4066e-004 6.3642e-004 4.3069e-006 8.4928e-005 1.2285e-005 1.8543e-008
          63 4.9897e-004 1.8921e-006 7.3787e-005 1.2697e-005 8.0330e-004 3.3826e-004 1.9892e-004 6.3742e-004 1.6167e-004 4.2228e-004 3.1475e-004 1.0356e-006 4.1268e-005 7.0621e-006 3.0204e-008
