   v'->v''           0           1           2           3           4           5           6           7           8           9          10          11          12          13          14          15          16          17          18          19          20          21          22          23          24          25
           0 2.7863e+006 1.7464e+007 4.8832e+007 8.0783e+007 8.8252e+007 6.7103e+007 3.6424e+007 1.4217e+007 3.9600e+006 7.6849e+005 9.8859e+004 7.6005e+003 2.6651e+002 5.7638e-001 1.3661e+000 1.2201e+000 5.4561e-001 2.5091e-003 1.9730e-001 6.0595e-003 8.3348e-002 8.8911e-003 1.1046e-002 2.4374e-002 1.3983e-002 4.3053e-003
           1 1.0116e+007 4.2459e+007 6.6560e+007 4.1886e+007 3.6684e+006 1.0603e+007 4.4686e+007 5.4667e+007 3.5905e+007 1.4535e+007 3.7359e+006 5.9196e+005 5.1948e+004 1.8233e+003 1.5986e+000 4.6355e+000 1.0434e+000 2.8106e-001 5.8742e-002 4.3699e-002 3.8193e-002 2.7999e-002 6.6114e-004 1.2493e-002 9.5539e-003 3.2059e-003
           2 2.0461e+007 5.5537e+007 4.0244e+007 1.4128e+006 1.9178e+007 3.9575e+007 1.2444e+007 2.1912e+006 2.8798e+007 4.1170e+007 2.6338e+007 9.2641e+006 1.8254e+006 1.8032e+005 5.6662e+003 1.2803e+001 3.5050e+001 1.5930e+000 1.8966e-005 9.3838e-005 9.4820e-003 2.4933e-003 5.2897e-003 2.9371e-004 3.5217e-004 4.8317e-004
           3 3.0632e+007 5.1152e+007 1.0379e+007 9.6163e+006 3.4028e+007 6.9180e+006 8.6862e+006 3.0699e+007 1.0479e+007 2.1780e+006 2.4230e+007 2.9765e+007 1.5232e+007 3.8027e+006 4.1564e+005 9.6277e+003 5.0128e+002 2.2519e+002 4.1837e+000 3.0228e-001 9.9569e-002 5.4775e-002 2.6622e-002 3.3268e-003 1.3643e-002 6.7622e-003
           4 3.7975e+007 3.6289e+007 1.4294e+004 2.6130e+007 1.4676e+007 3.7332e+006 2.6254e+007 5.4140e+006 8.3097e+006 2.4053e+007 4.8876e+006 4.6525e+006 2.1332e+007 1.7966e+007 5.8704e+006 6.8976e+005 6.6884e+003 4.8812e+003 1.0888e+003 1.0375e+001 1.5563e+000 5.1169e-001 1.7914e-001 2.0829e-001 7.3060e-003 4.1928e-003
           5 4.1308e+007 2.0226e+007 5.0450e+006 2.6067e+007 5.5843e+005 1.8935e+007 1.0829e+007 4.3375e+006 2.0743e+007 1.7390e+006 1.0856e+007 1.6639e+007 6.4349e+005 7.9713e+006 1.5123e+007 6.8695e+006 8.1627e+005 4.0877e+002 2.9231e+004 4.4542e+003 2.2513e+001 5.5254e+000 2.1509e+000 2.3518e-001 8.7470e-001 2.8146e-001
           6 4.0684e+007 8.4871e+006 1.3413e+007 1.5219e+007 3.2919e+006 1.9317e+007 4.4093e+004 1.6806e+007 5.2719e+006 7.0246e+006 1.4396e+007 8.6463e+000 1.2577e+007 8.1215e+006 3.4062e+005 8.1169e+006 5.8535e+006 5.8980e+005 7.8780e+004 1.3901e+005 1.7493e+004 7.6182e+001 6.1304e+000 3.3070e+000 2.6179e-001 8.3552e-001
           7 3.6791e+007 2.2622e+006 1.7744e+007 5.2653e+006 1.0559e+007 9.3610e+006 4.5691e+006 1.3331e+007 4.6550e+005 1.4286e+007 1.1311e+006 9.3568e+006 7.2123e+006 1.4265e+006 1.0345e+007 1.8984e+006 1.7110e+006 3.0559e+006 9.9766e+004 6.7764e+005 6.1085e+005 7.6426e+004 7.2828e+002 1.5893e+000 4.9368e+000 2.5998e-002
           8 3.0257e+007 1.7088e+005 1.6721e+007 7.1446e+005 1.2972e+007 2.0086e+006 9.8027e+006 4.3358e+006 6.0202e+006 7.4267e+006 2.0753e+006 9.7797e+006 5.3859e+003 8.6718e+006 2.0175e+006 3.1778e+006 5.0770e+006 7.8792e+004 4.5741e+005 2.9021e+005 3.4862e+006 2.7937e+006 4.7868e+005 1.3703e+004 2.6782e+000 6.9779e+001
           9 2.0759e+007 6.3935e+004 1.1677e+007 1.2437e+004 9.7346e+006 3.5155e+004 8.6337e+006 3.9112e+005 7.3181e+006 1.3747e+006 5.3106e+006 3.0710e+006 2.6785e+006 4.8528e+006 4.3087e+005 5.0118e+006 2.5492e+005 2.0010e+006 1.1162e+006 9.1686e+004 2.4036e+006 1.2927e+007 1.5024e+007 5.4223e+006 5.9972e+005 2.1521e+003
          10 5.0643e+006 7.6947e+004 2.7971e+006 6.9459e+004 2.3376e+006 2.7909e+004 2.1459e+006 3.8849e+000 1.9743e+006 5.6599e+004 1.6862e+006 2.7270e+005 1.1974e+006 6.4933e+005 5.5805e+005 9.7768e+005 5.9770e+004 7.6700e+005 7.2212e+004 1.6532e+004 2.9196e+004 1.9783e+005 9.3828e+006 4.2194e+007 8.1861e+007 7.1948e+007
          11 3.8588e+006 7.5674e+004 2.1154e+006 7.5534e+004 1.7626e+006 4.0686e+004 1.6247e+006 4.2506e+003 1.5161e+006 1.7166e+004 1.3335e+006 1.3985e+005 1.0027e+006 3.9269e+005 5.3194e+005 6.5749e+005 1.0042e+005 5.8996e+005 2.3349e+004 3.2981e+004 1.0753e+003 4.0045e+005 6.6312e+006 1.2377e+007 5.9593e+004 1.4420e+008
          12 2.8475e+006 6.9235e+004 1.5483e+006 7.4207e+004 1.2847e+006 4.7765e+004 1.1869e+006 1.2188e+004 1.1201e+006 2.4698e+003 1.0099e+006 6.3956e+004 7.9644e+005 2.2263e+005 4.6761e+005 4.1794e+005 1.2464e+005 4.2446e+005 3.5285e+003 4.3703e+004 2.5246e+003 4.4174e+005 3.7612e+006 1.9055e+006 1.0073e+007 1.2376e+007
          13 2.0938e+006 5.9366e+004 1.1303e+006 6.6518e+004 9.3396e+005 4.7391e+004 8.6343e+005 1.7192e+004 8.2100e+005 4.4464e-002 7.5314e+005 2.8934e+004 6.1414e+005 1.2805e+005 3.8608e+005 2.6687e+005 1.2568e+005 2.9877e+005 2.4285e-001 4.4737e+004 7.1717e+003 3.7229e+005 1.9889e+006 6.4353e+004 1.1414e+007 1.2488e+006
          14 1.5153e+006 4.7777e+004 8.1338e+005 5.5044e+004 6.6965e+005 4.1657e+004 6.1900e+005 1.8042e+004 5.9141e+005 6.9861e+002 5.4892e+005 1.3244e+004 4.5787e+005 7.5203e+004 3.0113e+005 1.7139e+005 1.1064e+005 2.0650e+005 1.0132e+003 3.9217e+004 8.5486e+003 2.7765e+005 1.0461e+006 7.0244e+004 8.3160e+006 5.6994e+004
          15 1.1284e+006 3.8339e+004 6.0302e+005 4.4985e+004 4.9499e+005 3.5380e+004 4.5736e+005 1.6988e+004 4.3834e+005 1.5772e+003 4.1014e+005 6.4591e+003 3.4752e+005 4.7129e+004 2.3570e+005 1.1577e+005 9.3640e+004 1.4749e+005 2.3149e+003 3.2850e+004 8.1104e+003 2.0473e+005 5.8652e+005 2.3468e+005 5.6042e+006 6.1921e+005
