   v'->v''           0           1           2           3           4           5           6           7           8           9          10          11          12          13          14          15          16          17          18          19          20          21          22          23          24          25          26          27          28          29          30          31          32          33
           0 0.0000e+000 0.0000e+000 0.0000e+000 0.0000e+000 0.0000e+000 0.0000e+000 0.0000e+000 0.0000e+000 0.0000e+000 0.0000e+000 0.0000e+000 0.0000e+000 0.0000e+000 0.0000e+000 0.0000e+000 0.0000e+000 0.0000e+000 0.0000e+000 0.0000e+000 0.0000e+000 0.0000e+000 0.0000e+000 0.0000e+000 0.0000e+000 0.0000e+000 0.0000e+000 0.0000e+000 0.0000e+000 0.0000e+000 0.0000e+000 0.0000e+000 0.0000e+000 0.0000e+000 0.0000e+000
           1 1.7488e+003 0.0000e+000 0.0000e+000 0.0000e+000 0.0000e+000 0.0000e+000 0.0000e+000 0.0000e+000 0.0000e+000 0.0000e+000 0.0000e+000 0.0000e+000 0.0000e+000 0.0000e+000 0.0000e+000 0.0000e+000 0.0000e+000 0.0000e+000 0.0000e+000 0.0000e+000 0.0000e+000 0.0000e+000 0.0000e+000 0.0000e+000 0.0000e+000 0.0000e+000 0.0000e+000 0.0000e+000 0.0000e+000 0.0000e+000 0.0000e+000 0.0000e+000 0.0000e+000 0.0000e+000
           2 1.3215e+003 2.0686e+003 0.0000e+000 0.0000e+000 0.0000e+000 0.0000e+000 0.0000e+000 0.0000e+000 0.0000e+000 0.0000e+000 0.0000e+000 0.0000e+000 0.0000e+000 0.0000e+000 0.0000e+000 0.0000e+000 0.0000e+000 0.0000e+000 0.0000e+000 0.0000e+000 0.0000e+000 0.0000e+000 0.0000e+000 0.0000e+000 0.0000e+000 0.0000e+000 0.0000e+000 0.0000e+000 0.0000e+000 0.0000e+000 0.0000e+000 0.0000e+000 0.0000e+000 0.0000e+000
           3 4.4642e+002 2.7663e+003 1.7572e+003 0.0000e+000 0.0000e+000 0.0000e+000 0.0000e+000 0.0000e+000 0.0000e+000 0.0000e+000 0.0000e+000 0.0000e+000 0.0000e+000 0.0000e+000 0.0000e+000 0.0000e+000 0.0000e+000 0.0000e+000 0.0000e+000 0.0000e+000 0.0000e+000 0.0000e+000 0.0000e+000 0.0000e+000 0.0000e+000 0.0000e+000 0.0000e+000 0.0000e+000 0.0000e+000 0.0000e+000 0.0000e+000 0.0000e+000 0.0000e+000 0.0000e+000
           4 1.2131e+002 1.3117e+003 3.8125e+003 1.2550e+003 0.0000e+000 0.0000e+000 0.0000e+000 0.0000e+000 0.0000e+000 0.0000e+000 0.0000e+000 0.0000e+000 0.0000e+000 0.0000e+000 0.0000e+000 0.0000e+000 0.0000e+000 0.0000e+000 0.0000e+000 0.0000e+000 0.0000e+000 0.0000e+000 0.0000e+000 0.0000e+000 0.0000e+000 0.0000e+000 0.0000e+000 0.0000e+000 0.0000e+000 0.0000e+000 0.0000e+000 0.0000e+000 0.0000e+000 0.0000e+000
           5 3.1567e+001 4.5158e+002 2.3832e+003 4.3127e+003 7.8045e+002 0.0000e+000 0.0000e+000 0.0000e+000 0.0000e+000 0.0000e+000 0.0000e+000 0.0000e+000 0.0000e+000 0.0000e+000 0.0000e+000 0.0000e+000 0.0000e+000 0.0000e+000 0.0000e+000 0.0000e+000 0.0000e+000 0.0000e+000 0.0000e+000 0.0000e+000 0.0000e+000 0.0000e+000 0.0000e+000 0.0000e+000 0.0000e+000 0.0000e+000 0.0000e+000 0.0000e+000 0.0000e+000 0.0000e+000
           6 8.0173e+000 1.4598e+002 1.0100e+003 3.4270e+003 4.3161e+003 4.2066e+002 0.0000e+000 0.0000e+000 0.0000e+000 0.0000e+000 0.0000e+000 0.0000e+000 0.0000e+000 0.0000e+000 0.0000e+000 0.0000e+000 0.0000e+000 0.0000e+000 0.0000e+000 0.0000e+000 0.0000e+000 0.0000e+000 0.0000e+000 0.0000e+000 0.0000e+000 0.0000e+000 0.0000e+000 0.0000e+000 0.0000e+000 0.0000e+000 0.0000e+000 0.0000e+000 0.0000e+000 0.0000e+000
           7 2.2882e+000 4.0954e+001 3.8082e+002 1.7486e+003 4.2789e+003 3.9535e+003 1.8939e+002 0.0000e+000 0.0000e+000 0.0000e+000 0.0000e+000 0.0000e+000 0.0000e+000 0.0000e+000 0.0000e+000 0.0000e+000 0.0000e+000 0.0000e+000 0.0000e+000 0.0000e+000 0.0000e+000 0.0000e+000 0.0000e+000 0.0000e+000 0.0000e+000 0.0000e+000 0.0000e+000 0.0000e+000 0.0000e+000 0.0000e+000 0.0000e+000 0.0000e+000 0.0000e+000 0.0000e+000
           8 6.2728e-001 1.3434e+001 1.2531e+002 7.4986e+002 2.5584e+003 4.8231e+003 3.3690e+003 6.4977e+001 0.0000e+000 0.0000e+000 0.0000e+000 0.0000e+000 0.0000e+000 0.0000e+000 0.0000e+000 0.0000e+000 0.0000e+000 0.0000e+000 0.0000e+000 0.0000e+000 0.0000e+000 0.0000e+000 0.0000e+000 0.0000e+000 0.0000e+000 0.0000e+000 0.0000e+000 0.0000e+000 0.0000e+000 0.0000e+000 0.0000e+000 0.0000e+000 0.0000e+000 0.0000e+000
           9 1.5306e-001 4.7940e+000 4.5489e+001 2.9064e+002 1.2612e+003 3.3572e+003 5.0397e+003 2.6941e+003 1.3289e+001 0.0000e+000 0.0000e+000 0.0000e+000 0.0000e+000 0.0000e+000 0.0000e+000 0.0000e+000 0.0000e+000 0.0000e+000 0.0000e+000 0.0000e+000 0.0000e+000 0.0000e+000 0.0000e+000 0.0000e+000 0.0000e+000 0.0000e+000 0.0000e+000 0.0000e+000 0.0000e+000 0.0000e+000 0.0000e+000 0.0000e+000 0.0000e+000 0.0000e+000
          10 5.1986e-002 1.0800e+000 1.7050e+001 1.1429e+002 5.4134e+002 1.8504e+003 4.0252e+003 4.9386e+003 2.0269e+003 5.4629e-001 0.0000e+000 0.0000e+000 0.0000e+000 0.0000e+000 0.0000e+000 0.0000e+000 0.0000e+000 0.0000e+000 0.0000e+000 0.0000e+000 0.0000e+000 0.0000e+000 0.0000e+000 0.0000e+000 0.0000e+000 0.0000e+000 0.0000e+000 0.0000e+000 0.0000e+000 0.0000e+000 0.0000e+000 0.0000e+000 0.0000e+000 0.0000e+000
          11 1.9843e-002 2.6182e-001 4.9013e+000 4.3460e+001 2.3634e+002 8.9997e+002 2.4945e+003 4.5123e+003 4.5811e+003 1.4320e+003 0.0000e+000 0.0000e+000 0.0000e+000 0.0000e+000 0.0000e+000 0.0000e+000 0.0000e+000 0.0000e+000 0.0000e+000 0.0000e+000 0.0000e+000 0.0000e+000 0.0000e+000 0.0000e+000 0.0000e+000 0.0000e+000 0.0000e+000 0.0000e+000 0.0000e+000 0.0000e+000 0.0000e+000 0.0000e+000 0.0000e+000 0.0000e+000
          12 2.6744e-003 2.2628e-001 1.6376e+000 1.6005e+001 1.0092e+002 4.2366e+002 1.3269e+003 3.1003e+003 4.7640e+003 4.0406e+003 9.4544e+002 0.0000e+000 0.0000e+000 0.0000e+000 0.0000e+000 0.0000e+000 0.0000e+000 0.0000e+000 0.0000e+000 0.0000e+000 0.0000e+000 0.0000e+000 0.0000e+000 0.0000e+000 0.0000e+000 0.0000e+000 0.0000e+000 0.0000e+000 0.0000e+000 0.0000e+000 0.0000e+000 0.0000e+000 0.0000e+000 0.0000e+000
          13 2.2809e-006 1.4868e-001 1.0096e+000 6.8013e+000 3.9056e+001 1.9152e+002 6.8515e+002 1.8179e+003 3.6197e+003 4.7706e+003 3.3962e+003 5.7683e+002 0.0000e+000 0.0000e+000 0.0000e+000 0.0000e+000 0.0000e+000 0.0000e+000 0.0000e+000 0.0000e+000 0.0000e+000 0.0000e+000 0.0000e+000 0.0000e+000 0.0000e+000 0.0000e+000 0.0000e+000 0.0000e+000 0.0000e+000 0.0000e+000 0.0000e+000 0.0000e+000 0.0000e+000 0.0000e+000
          14 2.5207e-005 1.2403e-002 4.8048e-001 3.0827e+000 1.6993e+001 8.5637e+001 3.3909e+002 1.0116e+003 2.3171e+003 4.0064e+003 4.5573e+003 2.7184e+003 3.1941e+002 0.0000e+000 0.0000e+000 0.0000e+000 0.0000e+000 0.0000e+000 0.0000e+000 0.0000e+000 0.0000e+000 0.0000e+000 0.0000e+000 0.0000e+000 0.0000e+000 0.0000e+000 0.0000e+000 0.0000e+000 0.0000e+000 0.0000e+000 0.0000e+000 0.0000e+000 0.0000e+000 0.0000e+000
          15 1.1578e-003 7.2615e-003 6.6813e-002 1.1421e+000 8.8737e+000 4.0787e+001 1.5935e+002 5.3549e+002 1.3912e+003 2.7792e+003 4.2036e+003 4.1595e+003 2.0701e+003 1.5567e+002 0.0000e+000 0.0000e+000 0.0000e+000 0.0000e+000 0.0000e+000 0.0000e+000 0.0000e+000 0.0000e+000 0.0000e+000 0.0000e+000 0.0000e+000 0.0000e+000 0.0000e+000 0.0000e+000 0.0000e+000 0.0000e+000 0.0000e+000 0.0000e+000 0.0000e+000 0.0000e+000
          16 1.7877e-003 2.4660e-003 4.6120e-004 3.7499e-001 3.9858e+000 1.9727e+001 7.9508e+001 2.7462e+002 7.9147e+002 1.7941e+003 3.1647e+003 4.2026e+003 3.6243e+003 1.4930e+003 6.3277e+001 0.0000e+000 0.0000e+000 0.0000e+000 0.0000e+000 0.0000e+000 0.0000e+000 0.0000e+000 0.0000e+000 0.0000e+000 0.0000e+000 0.0000e+000 0.0000e+000 0.0000e+000 0.0000e+000 0.0000e+000 0.0000e+000 0.0000e+000 0.0000e+000 0.0000e+000
          17 5.9003e-004 1.0883e-002 7.1937e-003 1.8653e-001 1.3222e+000 8.9976e+000 4.2348e+001 1.4652e+002 4.3486e+002 1.0944e+003 2.1888e+003 3.4334e+003 4.0126e+003 3.0078e+003 1.0123e+003 1.9220e+001 0.0000e+000 0.0000e+000 0.0000e+000 0.0000e+000 0.0000e+000 0.0000e+000 0.0000e+000 0.0000e+000 0.0000e+000 0.0000e+000 0.0000e+000 0.0000e+000 0.0000e+000 0.0000e+000 0.0000e+000 0.0000e+000 0.0000e+000 0.0000e+000
          18 2.8990e-006 3.6896e-002 5.9765e-002 1.4542e-001 5.0726e-001 4.1628e+000 2.1189e+001 8.0247e+001 2.4426e+002 6.3776e+002 1.4217e+003 2.5296e+003 3.5392e+003 3.6653e+003 2.3743e+003 6.3871e+002 3.2739e+000 0.0000e+000 0.0000e+000 0.0000e+000 0.0000e+000 0.0000e+000 0.0000e+000 0.0000e+000 0.0000e+000 0.0000e+000 0.0000e+000 0.0000e+000 0.0000e+000 0.0000e+000 0.0000e+000 0.0000e+000 0.0000e+000 0.0000e+000
          19 4.4809e-005 2.1451e-002 8.1371e-002 9.5606e-002 4.0295e-001 2.2219e+000 9.9043e+000 4.2344e+001 1.3971e+002 3.7775e+002 8.8264e+002 1.7389e+003 2.7785e+003 3.4612e+003 3.1759e+003 1.7691e+003 3.7135e+002 7.7897e-002 0.0000e+000 0.0000e+000 0.0000e+000 0.0000e+000 0.0000e+000 0.0000e+000 0.0000e+000 0.0000e+000 0.0000e+000 0.0000e+000 0.0000e+000 0.0000e+000 0.0000e+000 0.0000e+000 0.0000e+000 0.0000e+000
          20 9.2772e-007 6.9723e-004 2.9716e-002 3.6834e-002 3.9904e-001 1.3189e+000 5.1595e+000 2.2024e+001 7.8422e+001 2.3027e+002 5.5141e+002 1.1528e+003 2.0289e+003 2.9044e+003 3.2271e+003 2.6047e+003 1.2356e+003 1.9513e+002 0.0000e+000 0.0000e+000 0.0000e+000 0.0000e+000 0.0000e+000 0.0000e+000 0.0000e+000 0.0000e+000 0.0000e+000 0.0000e+000 0.0000e+000 0.0000e+000 0.0000e+000 0.0000e+000 0.0000e+000 0.0000e+000
          21 2.2822e-004 5.9415e-003 2.1719e-005 7.4989e-003 2.6574e-001 7.4602e-001 3.3340e+000 1.2348e+001 4.3935e+001 1.3822e+002 3.5025e+002 7.6165e+002 1.4249e+003 2.2543e+003 2.8799e+003 2.8675e+003 2.0158e+003 8.1109e+002 8.9769e+001 0.0000e+000 0.0000e+000 0.0000e+000 0.0000e+000 0.0000e+000 0.0000e+000 0.0000e+000 0.0000e+000 0.0000e+000 0.0000e+000 0.0000e+000 0.0000e+000 0.0000e+000 0.0000e+000 0.0000e+000
          22 6.4905e-004 1.2704e-002 1.2457e-002 1.4858e-003 9.0257e-002 3.7235e-001 2.3135e+000 7.6517e+000 2.5901e+001 8.0622e+001 2.1946e+002 5.0078e+002 9.8180e+002 1.6480e+003 2.3495e+003 2.6843e+003 2.3686e+003 1.4527e+003 4.8756e+002 3.4020e+001 0.0000e+000 0.0000e+000 0.0000e+000 0.0000e+000 0.0000e+000 0.0000e+000 0.0000e+000 0.0000e+000 0.0000e+000 0.0000e+000 0.0000e+000 0.0000e+000 0.0000e+000 0.0000e+000
          23 7.5956e-004 7.0431e-003 1.8505e-002 2.0743e-003 9.3189e-003 1.7851e-001 1.4442e+000 4.9416e+000 1.6490e+001 4.8205e+001 1.3647e+002 3.2790e+002 6.7292e+002 1.1857e+003 1.8100e+003 2.2931e+003 2.3591e+003 1.8231e+003 9.7332e+002 2.6263e+002 9.9135e+000 0.0000e+000 0.0000e+000 0.0000e+000 0.0000e+000 0.0000e+000 0.0000e+000 0.0000e+000 0.0000e+000 0.0000e+000 0.0000e+000 0.0000e+000 0.0000e+000 0.0000e+000
          24 5.0102e-004 5.1776e-004 7.9809e-003 5.8584e-003 4.6941e-004 9.7115e-002 7.5058e-001 3.0741e+000 1.0804e+001 3.0522e+001 8.5891e+001 2.1356e+002 4.5614e+002 8.4700e+002 1.3485e+003 1.8437e+003 2.0987e+003 1.9048e+003 1.2953e+003 5.8467e+002 1.2324e+002 1.8967e+000 0.0000e+000 0.0000e+000 0.0000e+000 0.0000e+000 0.0000e+000 0.0000e+000 0.0000e+000 0.0000e+000 0.0000e+000 0.0000e+000 0.0000e+000 0.0000e+000
          25 1.8924e-004 1.4259e-003 2.4757e-004 1.0572e-002 2.2957e-003 6.7328e-002 3.3870e-001 1.8253e+000 6.9965e+000 2.0440e+001 5.6187e+001 1.4096e+002 3.0957e+002 6.0117e+002 9.9299e+002 1.4315e+003 1.7388e+003 1.7706e+003 1.4093e+003 8.2485e+002 3.1297e+002 4.8634e+001 1.6095e-001 0.0000e+000 0.0000e+000 0.0000e+000 0.0000e+000 0.0000e+000 0.0000e+000 0.0000e+000 0.0000e+000 0.0000e+000 0.0000e+000 0.0000e+000
          26 2.6791e-005 6.2373e-003 2.4438e-003 1.2413e-002 3.3866e-004 5.4978e-002 1.4708e-001 1.0586e+000 4.3807e+000 1.3880e+001 3.7719e+001 9.4025e+001 2.0999e+002 4.1870e+002 7.1715e+002 1.0738e+003 1.3694e+003 1.5015e+003 1.3354e+003 9.2099e+002 4.6270e+002 1.4063e+002 1.5554e+001 8.9102e-004 0.0000e+000 0.0000e+000 0.0000e+000 0.0000e+000 0.0000e+000 0.0000e+000 0.0000e+000 0.0000e+000 0.0000e+000 0.0000e+000
          27 1.6067e-006 9.3787e-003 8.0365e-003 1.0718e-002 6.8429e-004 4.5866e-002 7.0450e-002 6.2189e-001 2.6727e+000 9.2666e+000 2.5385e+001 6.2762e+001 1.4170e+002 2.8550e+002 5.0440e+002 7.7761e+002 1.0332e+003 1.1864e+003 1.1383e+003 8.7745e+002 5.1930e+002 2.1485e+002 5.1087e+001 3.8098e+000 0.0000e+000 0.0000e+000 0.0000e+000 0.0000e+000 0.0000e+000 0.0000e+000 0.0000e+000 0.0000e+000 0.0000e+000 0.0000e+000
          28 2.4903e-005 9.2636e-003 1.0842e-002 7.4816e-003 3.6177e-003 3.5790e-002 3.9954e-002 3.7523e-001 1.6077e+000 5.9917e+000 1.6737e+001 4.1249e+001 9.3921e+001 1.8976e+002 3.4280e+002 5.4073e+002 7.4243e+002 8.7908e+002 8.8735e+002 7.3618e+002 4.8263e+002 2.3858e+002 7.8654e+001 1.4200e+001 7.1539e-001 0.0000e+000 0.0000e+000 0.0000e+000 0.0000e+000 0.0000e+000 0.0000e+000 0.0000e+000 0.0000e+000 0.0000e+000
          29 4.0233e-005 7.1215e-003 9.8867e-003 4.4973e-003 5.5831e-003 2.5113e-002 2.5202e-002 2.2653e-001 9.4512e-001 3.6884e+000 1.0520e+001 2.5972e+001 5.9552e+001 1.2044e+002 2.2064e+002 3.5395e+002 4.9750e+002 6.0171e+002 6.2805e+002 5.4596e+002 3.8143e+002 2.0967e+002 8.2464e+001 2.0803e+001 2.8010e+000 1.2939e-001 0.0000e+000 0.0000e+000 0.0000e+000 0.0000e+000 0.0000e+000 0.0000e+000 0.0000e+000 0.0000e+000
          30 3.6863e-005 4.5810e-003 7.0326e-003 2.4361e-003 5.2082e-003 1.5659e-002 1.5736e-002 1.3120e-001 5.3116e-001 2.1244e+000 6.1586e+000 1.5261e+001 3.5177e+001 7.1213e+001 1.3152e+002 2.1334e+002 3.0436e+002 3.7333e+002 3.9798e+002 3.5587e+002 2.5831e+002 1.5084e+002 6.5454e+001 1.9580e+001 3.6893e+000 4.0703e-001 4.1188e-002 1.8173e-003 0.0000e+000 0.0000e+000 0.0000e+000 0.0000e+000 0.0000e+000 0.0000e+000
          31 2.5429e-005 2.6280e-003 4.2745e-003 1.2517e-003 3.6600e-003 8.9078e-003 9.2171e-003 7.2264e-002 2.8594e-001 1.1570e+000 3.3893e+000 8.4267e+000 1.9491e+001 3.9498e+001 7.3262e+001 1.1963e+002 1.7214e+002 2.1295e+002 2.2983e+002 2.0883e+002 1.5492e+002 9.3471e+001 4.2767e+001 1.3980e+001 3.0832e+000 4.5070e-001 7.0016e-002 1.3191e-002 3.4929e-002 9.4888e-008 0.0000e+000 0.0000e+000 0.0000e+000 0.0000e+000
          32 1.5557e-005 1.4581e-003 2.4492e-003 6.5042e-004 2.2664e-003 4.9350e-003 5.2397e-003 3.9485e-002 1.5401e-001 6.2647e-001 1.8464e+000 4.6010e+000 1.0664e+001 2.1626e+001 4.0204e+001 6.5891e+001 9.5261e+001 1.1842e+002 1.2869e+002 1.1796e+002 8.8565e+001 5.4368e+001 2.5586e+001 8.7573e+000 2.0872e+000 3.4861e-001 5.7516e-002 2.7059e-002 4.2422e-003 1.6363e-002 1.5672e-004 0.0000e+000 0.0000e+000 0.0000e+000
          33 9.0564e-006 8.0508e-004 1.3766e-003 3.4581e-004 1.3288e-003 2.7254e-003 2.9438e-003 2.1670e-002 8.3806e-002 3.4178e-001 1.0108e+000 2.5223e+000 5.8528e+000 1.1875e+001 2.2103e+001 3.6299e+001 5.2614e+001 6.5581e+001 7.1540e+001 6.5894e+001 4.9800e+001 3.0857e+001 1.4743e+001 5.1707e+000 1.2827e+000 2.2908e-001 3.9342e-002 1.8580e-002 1.0079e-003 1.6452e-002 2.3622e-003 9.9998e-005 2.2424e-010 0.0000e+000
          34 5.0123e-006 4.3299e-004 7.4769e-004 1.8209e-004 7.3837e-004 1.4664e-003 1.6003e-003 1.1625e-002 4.4743e-002 1.8270e-001 5.4133e-001 1.3520e+000 3.1392e+000 6.3709e+000 1.1866e+001 1.9509e+001 2.8317e+001 3.5349e+001 3.8642e+001 3.5685e+001 2.7067e+001 1.6856e+001 8.1196e+000 2.8850e+000 7.3093e-001 1.3513e-001 2.3785e-002 1.0654e-002 2.6157e-003 6.6056e-003 4.0553e-003 1.9222e-004 2.2195e-005 2.3494e-009
