   v'->v''           0           1           2           3           4           5           6
           0 0.0000e+000 0.0000e+000 0.0000e+000 0.0000e+000 0.0000e+000 0.0000e+000 0.0000e+000
           1 3.2541e+002 0.0000e+000 0.0000e+000 0.0000e+000 0.0000e+000 0.0000e+000 0.0000e+000
           2 7.0839e+000 8.0118e+002 0.0000e+000 0.0000e+000 0.0000e+000 0.0000e+000 0.0000e+000
           3 8.4182e-008 2.8464e+001 1.5117e+003 0.0000e+000 0.0000e+000 0.0000e+000 0.0000e+000
           4 9.9653e-005 8.9277e-002 8.7015e+001 2.5860e+003 1.4967e+001 0.0000e+000 0.0000e+000
           5 5.5393e-003 2.9474e-002 7.1982e-001 2.1645e+002 4.2276e+003 1.5041e+002 0.0000e+000
           6 1.4601e-002 1.1830e-001 4.2651e-002 3.7091e+000 5.0686e+002 6.7903e+003 5.7271e+002
           7 8.7018e-002 1.9274e-001 3.5143e-002 1.7485e-001 1.5366e+001 1.1638e+003 1.0897e+004
           8 1.4864e-002 1.5487e-001 8.1901e-002 1.5079e-002 9.6508e-001 6.1427e+001 2.6740e+003
           9 5.9115e-003 8.3942e-002 1.0197e-001 1.7137e-004 2.3989e-002 3.9229e+000 2.3705e+002
          10 5.8541e-004 8.1829e-002 1.0554e-001 1.5318e-001 7.4904e-002 4.0587e-002 2.0801e+001
          11 7.2082e-002 1.5977e-001 9.3229e-003 9.3376e-002 1.6628e-001 1.7684e-002 6.0768e-001
          12 1.7205e-001 6.0164e-002 2.7113e-001 1.8844e-003 3.5736e-001 2.7988e-001 1.5888e-001
          13 4.5823e-002 6.0548e-002 5.3964e-006 4.9431e-004 1.9582e-002 6.9674e-002 9.6031e-003
          14 8.5338e-003 2.5070e-002 1.5436e-001 9.1529e-002 2.5348e-001 1.3791e-001 1.7927e-001
          15 7.0997e-002 4.8760e-002 4.9780e-002 6.1996e-004 2.9463e-003 2.1059e-003 6.6119e-002
          16 9.2464e-002 5.7052e-002 1.9248e-003 1.9715e-001 9.3628e-003 3.5810e-001 2.2689e-004
          17 8.7592e-002 1.9889e-002 1.4588e-002 2.0721e-001 3.9414e-002 4.6282e-002 2.9884e-003
          18 7.4625e-002 2.4009e-001 3.3246e-002 9.6224e-003 2.5628e-003 1.5868e-001 1.7060e-001
          19 4.2835e-002 2.4687e-001 2.3297e-006 4.2459e-002 1.3398e-001 1.9564e-001 4.6521e-002
          20 5.5135e-003 3.8216e-002 1.0295e-001 8.5851e-002 2.2052e-001 3.3420e-002 9.1324e-002
          21 1.0526e-002 3.4703e-002 2.9552e-001 6.6732e-002 1.9471e-002 1.9878e-003 2.5904e-001
          22 7.4963e-002 2.0740e-001 2.8787e-001 4.6681e-002 9.4968e-002 1.5578e-003 1.0213e-001
          23 1.5552e-001 2.9894e-001 1.1532e-001 3.6212e-002 3.1585e-001 1.2348e-006 1.6613e-004
          24 1.9678e-001 2.4591e-001 5.5861e-003 2.3352e-002 2.9729e-001 1.5819e-002 4.1668e-002
          25 1.8267e-001 1.4108e-001 2.1967e-002 7.6661e-003 1.2959e-001 7.3542e-002 8.8209e-002
          26 1.3495e-001 6.1571e-002 7.6051e-002 8.7345e-005 2.1388e-002 1.2511e-001 9.4576e-002
          27 8.3286e-002 2.1834e-002 9.4562e-002 2.7733e-003 3.6997e-005 1.2286e-001 7.5684e-002
          28 5.0485e-002 7.4875e-003 8.6504e-002 7.7769e-003 7.2243e-003 9.6848e-002 5.6603e-002
          29 3.2868e-002 2.5560e-003 7.5377e-002 1.1972e-002 1.5878e-002 7.4281e-002 4.4352e-002
          30 2.1591e-002 7.4298e-004 6.2175e-002 1.4342e-002 2.0915e-002 5.4324e-002 3.4444e-002
          31 1.4021e-002 1.5148e-004 4.8428e-002 1.4538e-002 2.1683e-002 3.7815e-002 2.5908e-002
          32 8.8571e-003 1.1243e-005 3.5260e-002 1.2763e-002 1.9000e-002 2.4939e-002 1.8485e-002
          33 5.2530e-003 1.5109e-006 2.3199e-002 9.5338e-003 1.4074e-002 1.5165e-002 1.2021e-002
          34 2.6174e-003 6.9225e-006 1.2343e-002 5.4742e-003 8.0198e-003 7.6544e-003 6.3565e-003
