   v'->v''           0           1           2           3           4           5           6           7           8           9          10          11          12          13          14          15          16          17          18          19          20          21          22          23          24          25          26          27          28          29          30
           0 8.8964e+001 0.0000e+000 0.0000e+000 0.0000e+000 0.0000e+000 0.0000e+000 0.0000e+000 0.0000e+000 0.0000e+000 0.0000e+000 0.0000e+000 0.0000e+000 0.0000e+000 0.0000e+000 0.0000e+000 0.0000e+000 0.0000e+000 0.0000e+000 0.0000e+000 0.0000e+000 0.0000e+000 0.0000e+000 0.0000e+000 0.0000e+000 0.0000e+000 0.0000e+000 0.0000e+000 0.0000e+000 0.0000e+000 0.0000e+000 0.0000e+000
           1 7.5337e+002 1.0728e+002 0.0000e+000 0.0000e+000 0.0000e+000 0.0000e+000 0.0000e+000 0.0000e+000 0.0000e+000 0.0000e+000 0.0000e+000 0.0000e+000 0.0000e+000 0.0000e+000 0.0000e+000 0.0000e+000 0.0000e+000 0.0000e+000 0.0000e+000 0.0000e+000 0.0000e+000 0.0000e+000 0.0000e+000 0.0000e+000 0.0000e+000 0.0000e+000 0.0000e+000 0.0000e+000 0.0000e+000 0.0000e+000 0.0000e+000
           2 4.8755e+001 1.1362e+003 8.8735e+001 0.0000e+000 0.0000e+000 0.0000e+000 0.0000e+000 0.0000e+000 0.0000e+000 0.0000e+000 0.0000e+000 0.0000e+000 0.0000e+000 0.0000e+000 0.0000e+000 0.0000e+000 0.0000e+000 0.0000e+000 0.0000e+000 0.0000e+000 0.0000e+000 0.0000e+000 0.0000e+000 0.0000e+000 0.0000e+000 0.0000e+000 0.0000e+000 0.0000e+000 0.0000e+000 0.0000e+000 0.0000e+000
           3 7.9613e-002 2.6070e+002 8.2172e+002 2.2694e+001 0.0000e+000 0.0000e+000 0.0000e+000 0.0000e+000 0.0000e+000 0.0000e+000 0.0000e+000 0.0000e+000 0.0000e+000 0.0000e+000 0.0000e+000 0.0000e+000 0.0000e+000 0.0000e+000 0.0000e+000 0.0000e+000 0.0000e+000 0.0000e+000 0.0000e+000 0.0000e+000 0.0000e+000 0.0000e+000 0.0000e+000 0.0000e+000 0.0000e+000 0.0000e+000 0.0000e+000
           4 3.1170e+000 1.3243e+001 1.4195e+003 1.1191e+001 0.0000e+000 0.0000e+000 0.0000e+000 0.0000e+000 0.0000e+000 0.0000e+000 0.0000e+000 0.0000e+000 0.0000e+000 0.0000e+000 0.0000e+000 0.0000e+000 0.0000e+000 0.0000e+000 0.0000e+000 0.0000e+000 0.0000e+000 0.0000e+000 0.0000e+000 0.0000e+000 0.0000e+000 0.0000e+000 0.0000e+000 0.0000e+000 0.0000e+000 0.0000e+000 0.0000e+000
           5 4.3540e-001 4.4995e+001 2.1017e+002 5.4952e+003 1.5345e+003 0.0000e+000 0.0000e+000 0.0000e+000 0.0000e+000 0.0000e+000 0.0000e+000 0.0000e+000 0.0000e+000 0.0000e+000 0.0000e+000 0.0000e+000 0.0000e+000 0.0000e+000 0.0000e+000 0.0000e+000 0.0000e+000 0.0000e+000 0.0000e+000 0.0000e+000 0.0000e+000 0.0000e+000 0.0000e+000 0.0000e+000 0.0000e+000 0.0000e+000 0.0000e+000
           6 5.4363e-002 8.3676e-001 3.4499e+001 1.9679e+002 9.0327e+003 4.4888e+003 0.0000e+000 0.0000e+000 0.0000e+000 0.0000e+000 0.0000e+000 0.0000e+000 0.0000e+000 0.0000e+000 0.0000e+000 0.0000e+000 0.0000e+000 0.0000e+000 0.0000e+000 0.0000e+000 0.0000e+000 0.0000e+000 0.0000e+000 0.0000e+000 0.0000e+000 0.0000e+000 0.0000e+000 0.0000e+000 0.0000e+000 0.0000e+000 0.0000e+000
           7 6.6364e-001 6.3654e+000 1.6589e+002 4.3120e+002 9.5747e+002 4.3647e+003 4.2946e+003 0.0000e+000 0.0000e+000 0.0000e+000 0.0000e+000 0.0000e+000 0.0000e+000 0.0000e+000 0.0000e+000 0.0000e+000 0.0000e+000 0.0000e+000 0.0000e+000 0.0000e+000 0.0000e+000 0.0000e+000 0.0000e+000 0.0000e+000 0.0000e+000 0.0000e+000 0.0000e+000 0.0000e+000 0.0000e+000 0.0000e+000 0.0000e+000
           8 7.1203e-002 8.3125e-002 1.6697e+001 5.9321e+002 2.8430e+003 8.8851e+003 1.6086e+002 2.4388e+003 0.0000e+000 0.0000e+000 0.0000e+000 0.0000e+000 0.0000e+000 0.0000e+000 0.0000e+000 0.0000e+000 0.0000e+000 0.0000e+000 0.0000e+000 0.0000e+000 0.0000e+000 0.0000e+000 0.0000e+000 0.0000e+000 0.0000e+000 0.0000e+000 0.0000e+000 0.0000e+000 0.0000e+000 0.0000e+000 0.0000e+000
           9 3.0961e-003 3.2092e+000 8.7665e+001 3.9489e+002 1.7038e+002 5.5858e+002 1.2518e+004 8.5557e+002 8.4403e+002 0.0000e+000 0.0000e+000 0.0000e+000 0.0000e+000 0.0000e+000 0.0000e+000 0.0000e+000 0.0000e+000 0.0000e+000 0.0000e+000 0.0000e+000 0.0000e+000 0.0000e+000 0.0000e+000 0.0000e+000 0.0000e+000 0.0000e+000 0.0000e+000 0.0000e+000 0.0000e+000 0.0000e+000 0.0000e+000
          10 2.6273e-045 1.1587e-043 4.8001e-043 2.8053e-041 5.1334e-040 1.5767e-039 1.1940e-039 1.9593e-039 1.1993e-039 1.7205e-042 0.0000e+000 0.0000e+000 0.0000e+000 0.0000e+000 0.0000e+000 0.0000e+000 0.0000e+000 0.0000e+000 0.0000e+000 0.0000e+000 0.0000e+000 0.0000e+000 0.0000e+000 0.0000e+000 0.0000e+000 0.0000e+000 0.0000e+000 0.0000e+000 0.0000e+000 0.0000e+000 0.0000e+000
          11 8.5912e-032 1.0555e-030 1.5325e-031 1.4565e-027 1.7065e-026 4.1588e-026 1.9754e-026 7.1237e-026 2.7120e-026 9.5848e-028 0.0000e+000 0.0000e+000 0.0000e+000 0.0000e+000 0.0000e+000 0.0000e+000 0.0000e+000 0.0000e+000 0.0000e+000 0.0000e+000 0.0000e+000 0.0000e+000 0.0000e+000 0.0000e+000 0.0000e+000 0.0000e+000 0.0000e+000 0.0000e+000 0.0000e+000 0.0000e+000 0.0000e+000
          12 2.0151e-042 6.6712e-043 3.8908e-040 4.3049e-038 3.6312e-037 6.9711e-037 1.6716e-037 1.6562e-036 3.5847e-037 7.4789e-038 0.0000e+000 0.0000e+000 0.0000e+000 0.0000e+000 0.0000e+000 0.0000e+000 0.0000e+000 0.0000e+000 0.0000e+000 0.0000e+000 0.0000e+000 0.0000e+000 0.0000e+000 0.0000e+000 0.0000e+000 0.0000e+000 0.0000e+000 0.0000e+000 0.0000e+000 0.0000e+000 0.0000e+000
          13 1.7679e-040 1.9845e-039 1.3439e-037 3.7769e-036 2.0307e-035 2.3850e-035 1.8313e-038 1.0913e-034 4.5798e-036 1.5549e-035 0.0000e+000 0.0000e+000 0.0000e+000 0.0000e+000 0.0000e+000 0.0000e+000 0.0000e+000 0.0000e+000 0.0000e+000 0.0000e+000 0.0000e+000 0.0000e+000 0.0000e+000 0.0000e+000 0.0000e+000 0.0000e+000 0.0000e+000 0.0000e+000 0.0000e+000 0.0000e+000 0.0000e+000
          14 5.9743e-038 1.6176e-036 5.6049e-035 9.1618e-034 3.4189e-033 2.0553e-033 1.1950e-033 2.1874e-032 6.0809e-035 5.7076e-033 0.0000e+000 0.0000e+000 0.0000e+000 0.0000e+000 0.0000e+000 0.0000e+000 0.0000e+000 0.0000e+000 0.0000e+000 0.0000e+000 0.0000e+000 0.0000e+000 0.0000e+000 0.0000e+000 0.0000e+000 0.0000e+000 0.0000e+000 0.0000e+000 0.0000e+000 0.0000e+000 0.0000e+000
          15 1.0351e-034 3.4163e-033 8.2199e-032 9.5232e-031 2.4436e-030 3.7241e-031 4.3016e-030 1.9353e-029 2.3180e-030 7.3884e-030 0.0000e+000 0.0000e+000 0.0000e+000 0.0000e+000 0.0000e+000 0.0000e+000 0.0000e+000 0.0000e+000 0.0000e+000 0.0000e+000 0.0000e+000 0.0000e+000 0.0000e+000 0.0000e+000 0.0000e+000 0.0000e+000 0.0000e+000 0.0000e+000 0.0000e+000 0.0000e+000 0.0000e+000
          16 3.5585e-023 1.1759e-021 2.4932e-020 2.5707e-019 5.5438e-019 1.9065e-020 1.6163e-018 4.8944e-018 1.1559e-018 2.0981e-018 0.0000e+000 0.0000e+000 0.0000e+000 0.0000e+000 0.0000e+000 0.0000e+000 0.0000e+000 0.0000e+000 0.0000e+000 0.0000e+000 0.0000e+000 0.0000e+000 0.0000e+000 0.0000e+000 0.0000e+000 0.0000e+000 0.0000e+000 0.0000e+000 0.0000e+000 0.0000e+000 0.0000e+000
          17 7.5934e-033 2.3992e-031 4.2392e-030 3.7175e-029 5.9008e-029 2.8979e-030 3.5456e-028 6.3838e-028 3.4058e-028 3.1519e-028 2.6082e-030 0.0000e+000 0.0000e+000 0.0000e+000 0.0000e+000 0.0000e+000 0.0000e+000 0.0000e+000 0.0000e+000 0.0000e+000 0.0000e+000 0.0000e+000 0.0000e+000 0.0000e+000 0.0000e+000 0.0000e+000 0.0000e+000 0.0000e+000 0.0000e+000 0.0000e+000 0.0000e+000
          18 1.9543e-031 5.2878e-030 6.7685e-029 4.5167e-028 3.1373e-028 8.8640e-028 8.0522e-027 6.2269e-027 1.1070e-026 3.6354e-027 7.9371e-028 0.0000e+000 0.0000e+000 0.0000e+000 0.0000e+000 0.0000e+000 0.0000e+000 0.0000e+000 0.0000e+000 0.0000e+000 0.0000e+000 0.0000e+000 0.0000e+000 0.0000e+000 0.0000e+000 0.0000e+000 0.0000e+000 0.0000e+000 0.0000e+000 0.0000e+000 0.0000e+000
          19 1.9661e-029 4.2828e-028 3.7357e-027 1.7939e-026 5.3877e-028 1.7493e-025 6.2242e-025 1.6903e-025 1.1500e-024 1.0402e-025 1.8397e-025 0.0000e+000 0.0000e+000 0.0000e+000 0.0000e+000 0.0000e+000 0.0000e+000 0.0000e+000 0.0000e+000 0.0000e+000 0.0000e+000 0.0000e+000 0.0000e+000 0.0000e+000 0.0000e+000 0.0000e+000 0.0000e+000 0.0000e+000 0.0000e+000 0.0000e+000 0.0000e+000
          20 1.3155e-026 2.2103e-025 1.1541e-024 3.2653e-024 5.1842e-024 1.5231e-022 2.8688e-022 9.5170e-024 7.0645e-022 3.1757e-024 1.7064e-022 0.0000e+000 0.0000e+000 0.0000e+000 0.0000e+000 0.0000e+000 0.0000e+000 0.0000e+000 0.0000e+000 0.0000e+000 0.0000e+000 0.0000e+000 0.0000e+000 0.0000e+000 0.0000e+000 0.0000e+000 0.0000e+000 0.0000e+000 0.0000e+000 0.0000e+000 0.0000e+000
          21 1.3651e-015 2.0727e-014 8.5383e-014 1.7517e-013 9.8850e-013 1.6493e-011 2.5395e-011 7.5821e-014 6.9608e-011 1.2467e-014 1.8528e-011 0.0000e+000 0.0000e+000 0.0000e+000 0.0000e+000 0.0000e+000 0.0000e+000 0.0000e+000 0.0000e+000 0.0000e+000 0.0000e+000 0.0000e+000 0.0000e+000 0.0000e+000 0.0000e+000 0.0000e+000 0.0000e+000 0.0000e+000 0.0000e+000 0.0000e+000 0.0000e+000
          22 2.2490e-025 2.8020e-024 6.5403e-024 3.7085e-024 3.2053e-022 2.8025e-021 3.0006e-021 1.2530e-022 1.0168e-020 2.6843e-022 3.0876e-021 0.0000e+000 0.0000e+000 0.0000e+000 0.0000e+000 0.0000e+000 0.0000e+000 0.0000e+000 0.0000e+000 0.0000e+000 0.0000e+000 0.0000e+000 0.0000e+000 0.0000e+000 0.0000e+000 0.0000e+000 0.0000e+000 0.0000e+000 0.0000e+000 0.0000e+000 0.0000e+000
          23 2.5367e-024 2.2395e-023 8.6069e-024 7.4107e-023 6.3938e-021 3.0219e-020 1.7492e-020 9.7812e-021 8.9180e-020 1.5267e-020 3.0242e-020 2.8155e-022 0.0000e+000 0.0000e+000 0.0000e+000 0.0000e+000 0.0000e+000 0.0000e+000 0.0000e+000 0.0000e+000 0.0000e+000 0.0000e+000 0.0000e+000 0.0000e+000 0.0000e+000 0.0000e+000 0.0000e+000 0.0000e+000 0.0000e+000 0.0000e+000 0.0000e+000
          24 1.1563e-022 6.8053e-022 2.0181e-022 1.9649e-020 3.9394e-019 1.1989e-018 3.0133e-019 9.5490e-019 2.8908e-018 1.4980e-018 9.8274e-019 1.5154e-019 0.0000e+000 0.0000e+000 0.0000e+000 0.0000e+000 0.0000e+000 0.0000e+000 0.0000e+000 0.0000e+000 0.0000e+000 0.0000e+000 0.0000e+000 0.0000e+000 0.0000e+000 0.0000e+000 0.0000e+000 0.0000e+000 0.0000e+000 0.0000e+000 0.0000e+000
          25 4.5141e-020 1.6172e-019 7.6900e-019 1.6476e-017 1.7915e-016 3.7139e-016 1.7930e-017 5.6089e-016 7.1159e-016 9.2965e-016 2.0836e-016 1.7317e-016 0.0000e+000 0.0000e+000 0.0000e+000 0.0000e+000 0.0000e+000 0.0000e+000 0.0000e+000 0.0000e+000 0.0000e+000 0.0000e+000 0.0000e+000 0.0000e+000 0.0000e+000 0.0000e+000 0.0000e+000 0.0000e+000 0.0000e+000 0.0000e+000 0.0000e+000
          26 3.9665e-009 1.1886e-008 9.6059e-008 1.6972e-006 1.6139e-005 2.9768e-005 4.4448e-007 5.3660e-005 5.2482e-005 9.0836e-005 1.3925e-005 1.8943e-005 0.0000e+000 0.0000e+000 0.0000e+000 0.0000e+000 0.0000e+000 0.0000e+000 0.0000e+000 0.0000e+000 0.0000e+000 0.0000e+000 0.0000e+000 0.0000e+000 0.0000e+000 0.0000e+000 0.0000e+000 0.0000e+000 0.0000e+000 0.0000e+000 0.0000e+000
          27 2.5448e-019 4.7790e-019 1.1063e-017 1.4395e-016 1.0608e-015 1.4870e-015 2.5608e-017 3.9649e-015 2.0868e-015 7.0731e-015 3.6409e-016 1.7695e-015 0.0000e+000 0.0000e+000 0.0000e+000 0.0000e+000 0.0000e+000 0.0000e+000 0.0000e+000 0.0000e+000 0.0000e+000 0.0000e+000 0.0000e+000 0.0000e+000 0.0000e+000 0.0000e+000 0.0000e+000 0.0000e+000 0.0000e+000 0.0000e+000 0.0000e+000
          28 1.6850e-018 1.2423e-018 1.2820e-016 1.2438e-015 6.7642e-015 5.9600e-015 2.5073e-015 2.9131e-014 4.8526e-015 5.6664e-014 1.5037e-017 1.6343e-014 0.0000e+000 0.0000e+000 0.0000e+000 0.0000e+000 0.0000e+000 0.0000e+000 0.0000e+000 0.0000e+000 0.0000e+000 0.0000e+000 0.0000e+000 0.0000e+000 0.0000e+000 0.0000e+000 0.0000e+000 0.0000e+000 0.0000e+000 0.0000e+000 0.0000e+000
          29 4.6104e-017 5.9668e-018 5.0870e-015 3.9580e-014 1.6348e-013 7.4279e-014 1.9696e-013 7.9994e-013 1.0967e-014 1.7221e-012 5.8166e-014 5.1803e-013 2.1828e-015 0.0000e+000 0.0000e+000 0.0000e+000 0.0000e+000 0.0000e+000 0.0000e+000 0.0000e+000 0.0000e+000 0.0000e+000 0.0000e+000 0.0000e+000 0.0000e+000 0.0000e+000 0.0000e+000 0.0000e+000 0.0000e+000 0.0000e+000 0.0000e+000
          30 1.6535e-014 2.4473e-016 2.3474e-012 1.5053e-011 4.6842e-011 5.8081e-012 1.3381e-010 2.6094e-010 9.1961e-012 6.3545e-010 9.7139e-011 1.8267e-010 1.5068e-011 0.0000e+000 0.0000e+000 0.0000e+000 0.0000e+000 0.0000e+000 0.0000e+000 0.0000e+000 0.0000e+000 0.0000e+000 0.0000e+000 0.0000e+000 0.0000e+000 0.0000e+000 0.0000e+000 0.0000e+000 0.0000e+000 0.0000e+000 0.0000e+000
          31 3.4030e-004 1.8078e-005 5.0540e-002 3.1020e-001 8.9903e-001 6.2002e-002 3.0917e+000 5.1730e+000 3.6393e-001 1.3021e+001 2.5450e+000 3.6543e+000 4.5499e-001 0.0000e+000 0.0000e+000 0.0000e+000 0.0000e+000 0.0000e+000 0.0000e+000 0.0000e+000 0.0000e+000 0.0000e+000 0.0000e+000 0.0000e+000 0.0000e+000 0.0000e+000 0.0000e+000 0.0000e+000 0.0000e+000 0.0000e+000 0.0000e+000
          32 2.7154e-014 9.0618e-015 4.5340e-012 2.4043e-011 5.3678e-011 5.1900e-013 3.3952e-010 3.4794e-010 1.0649e-010 9.9333e-010 3.8608e-010 2.4627e-010 9.3516e-011 0.0000e+000 0.0000e+000 0.0000e+000 0.0000e+000 0.0000e+000 0.0000e+000 0.0000e+000 0.0000e+000 0.0000e+000 0.0000e+000 0.0000e+000 0.0000e+000 0.0000e+000 0.0000e+000 0.0000e+000 0.0000e+000 0.0000e+000 0.0000e+000
          33 1.3370e-013 1.3299e-013 2.4317e-011 1.0490e-010 1.4855e-010 1.1078e-010 2.2695e-009 1.1928e-009 1.3586e-009 4.2616e-009 3.5085e-009 7.7260e-010 1.0319e-009 0.0000e+000 0.0000e+000 0.0000e+000 0.0000e+000 0.0000e+000 0.0000e+000 0.0000e+000 0.0000e+000 0.0000e+000 0.0000e+000 0.0000e+000 0.0000e+000 0.0000e+000 0.0000e+000 0.0000e+000 0.0000e+000 0.0000e+000 0.0000e+000
          34 2.7982e-012 5.2266e-012 5.1507e-010 1.7346e-009 1.1147e-009 8.1514e-009 5.8525e-008 1.3511e-008 5.2554e-008 6.9431e-008 1.1580e-007 6.2689e-009 3.6727e-008 0.0000e+000 0.0000e+000 0.0000e+000 0.0000e+000 0.0000e+000 0.0000e+000 0.0000e+000 0.0000e+000 0.0000e+000 0.0000e+000 0.0000e+000 0.0000e+000 0.0000e+000 0.0000e+000 0.0000e+000 0.0000e+000 0.0000e+000 0.0000e+000
          35 4.0680e-009 1.1338e-008 7.0123e-007 1.6934e-006 8.3221e-008 2.5589e-005 9.6557e-005 6.0439e-006 1.1774e-004 6.6731e-005 2.3809e-004 3.5335e-007 7.5520e-005 1.9121e-008 0.0000e+000 0.0000e+000 0.0000e+000 0.0000e+000 0.0000e+000 0.0000e+000 0.0000e+000 0.0000e+000 0.0000e+000 0.0000e+000 0.0000e+000 0.0000e+000 0.0000e+000 0.0000e+000 0.0000e+000 0.0000e+000 0.0000e+000
          36 1.3278e-001 3.7994e-001 2.2672e+001 5.2883e+001 1.2956e+000 8.8085e+002 3.1743e+003 1.6877e+002 3.9624e+003 2.0809e+003 7.9706e+003 4.2707e+000 2.5209e+003 1.5758e+000 0.0000e+000 0.0000e+000 0.0000e+000 0.0000e+000 0.0000e+000 0.0000e+000 0.0000e+000 0.0000e+000 0.0000e+000 0.0000e+000 0.0000e+000 0.0000e+000 0.0000e+000 0.0000e+000 0.0000e+000 0.0000e+000 0.0000e+000
          37 4.5595e-010 1.6251e-009 6.7240e-008 9.6325e-008 7.3768e-008 4.9386e-006 1.1363e-005 1.9278e-009 1.8004e-005 3.7167e-006 3.4675e-005 6.4410e-007 1.0349e-005 3.0303e-007 0.0000e+000 0.0000e+000 0.0000e+000 0.0000e+000 0.0000e+000 0.0000e+000 0.0000e+000 0.0000e+000 0.0000e+000 0.0000e+000 0.0000e+000 0.0000e+000 0.0000e+000 0.0000e+000 0.0000e+000 0.0000e+000 0.0000e+000
          38 2.1508e-009 8.6372e-009 2.4147e-007 1.1590e-007 2.1271e-006 3.4961e-005 5.1929e-005 3.3330e-006 1.0551e-004 4.2585e-006 1.9783e-004 1.8473e-005 5.2223e-005 8.0327e-006 0.0000e+000 0.0000e+000 0.0000e+000 0.0000e+000 0.0000e+000 0.0000e+000 0.0000e+000 0.0000e+000 0.0000e+000 0.0000e+000 0.0000e+000 0.0000e+000 0.0000e+000 0.0000e+000 0.0000e+000 0.0000e+000 0.0000e+000
          39 4.8644e-008 1.9463e-007 3.5010e-006 5.9225e-008 1.2800e-004 1.0772e-003 1.0382e-003 3.5112e-004 2.7367e-003 3.6738e-006 5.0721e-003 1.1690e-003 1.0959e-003 5.1107e-004 0.0000e+000 0.0000e+000 0.0000e+000 0.0000e+000 0.0000e+000 0.0000e+000 0.0000e+000 0.0000e+000 0.0000e+000 0.0000e+000 0.0000e+000 0.0000e+000 0.0000e+000 0.0000e+000 0.0000e+000 0.0000e+000 0.0000e+000
          40 6.2458e-002 2.2587e-001 2.5698e+000 4.6459e+000 2.8529e+002 1.6746e+003 1.1153e+003 9.5313e+002 3.7157e+003 1.9321e+002 6.8834e+003 2.7261e+003 1.1705e+003 1.1755e+003 0.0000e+000 0.0000e+000 0.0000e+000 0.0000e+000 0.0000e+000 0.0000e+000 0.0000e+000 0.0000e+000 0.0000e+000 0.0000e+000 0.0000e+000 0.0000e+000 0.0000e+000 0.0000e+000 0.0000e+000 0.0000e+000 0.0000e+000
          41 5.0066e-006 1.7337e-005 1.6936e-004 5.7402e-004 2.5887e-002 1.4016e-001 8.4100e-002 8.9805e-002 2.9995e-001 2.3521e-002 5.5627e-001 2.5034e-001 8.7359e-002 1.0721e-001 0.0000e+000 0.0000e+000 0.0000e+000 0.0000e+000 0.0000e+000 0.0000e+000 0.0000e+000 0.0000e+000 0.0000e+000 0.0000e+000 0.0000e+000 0.0000e+000 0.0000e+000 0.0000e+000 0.0000e+000 0.0000e+000 0.0000e+000
          42 1.6155e-006 3.9868e-006 1.0969e-005 7.3936e-004 1.3965e-002 5.3788e-002 1.8037e-002 5.5639e-002 9.5657e-002 2.9157e-002 1.7969e-001 1.4305e-001 1.6364e-002 5.8160e-002 0.0000e+000 0.0000e+000 0.0000e+000 0.0000e+000 0.0000e+000 0.0000e+000 0.0000e+000 0.0000e+000 0.0000e+000 0.0000e+000 0.0000e+000 0.0000e+000 0.0000e+000 0.0000e+000 0.0000e+000 0.0000e+000 0.0000e+000
          43 1.0152e-005 1.2642e-005 1.3240e-005 1.1140e-002 1.3270e-001 3.8153e-001 5.5612e-002 5.8221e-001 5.4745e-001 4.2918e-001 1.0571e+000 1.4379e+000 3.0304e-002 5.3886e-001 1.4513e-003 0.0000e+000 0.0000e+000 0.0000e+000 0.0000e+000 0.0000e+000 0.0000e+000 0.0000e+000 0.0000e+000 0.0000e+000 0.0000e+000 0.0000e+000 0.0000e+000 0.0000e+000 0.0000e+000 0.0000e+000 0.0000e+000
          44 1.0312e-003 2.4332e-004 3.0095e-002 2.1670e+000 1.9017e+001 4.1765e+001 1.2413e+000 8.9816e+001 4.5952e+001 8.1791e+001 9.3172e+001 2.1754e+002 4.4603e-002 7.3060e+001 2.8054e+000 0.0000e+000 0.0000e+000 0.0000e+000 0.0000e+000 0.0000e+000 0.0000e+000 0.0000e+000 0.0000e+000 0.0000e+000 0.0000e+000 0.0000e+000 0.0000e+000 0.0000e+000 0.0000e+000 0.0000e+000 0.0000e+000
          45 2.2516e-002 2.1601e-003 9.4736e-001 5.4062e+001 4.4705e+002 9.2250e+002 1.3242e+001 2.1438e+003 9.4268e+002 2.0308e+003 1.9422e+003 5.1784e+003 1.2308e+001 1.6877e+003 9.2897e+001 0.0000e+000 0.0000e+000 0.0000e+000 0.0000e+000 0.0000e+000 0.0000e+000 0.0000e+000 0.0000e+000 0.0000e+000 0.0000e+000 0.0000e+000 0.0000e+000 0.0000e+000 0.0000e+000 0.0000e+000 0.0000e+000
          46 4.8605e-004 6.7527e-005 5.2764e-002 1.7656e+000 1.2215e+001 2.0383e+001 1.0624e-001 6.1418e+001 1.5433e+001 6.5250e+001 3.4242e+001 1.4754e+002 3.7428e+000 4.2883e+001 6.0398e+000 0.0000e+000 0.0000e+000 0.0000e+000 0.0000e+000 0.0000e+000 0.0000e+000 0.0000e+000 0.0000e+000 0.0000e+000 0.0000e+000 0.0000e+000 0.0000e+000 0.0000e+000 0.0000e+000 0.0000e+000 0.0000e+000
          47 8.3145e-004 1.6902e-003 2.1130e-001 4.7710e+000 2.7397e+001 3.4752e+001 4.3014e+000 1.4508e+002 1.5205e+001 1.7263e+002 3.9971e+001 3.4813e+002 2.8596e+001 8.5223e+001 2.7814e+001 0.0000e+000 0.0000e+000 0.0000e+000 0.0000e+000 0.0000e+000 0.0000e+000 0.0000e+000 0.0000e+000 0.0000e+000 0.0000e+000 0.0000e+000 0.0000e+000 0.0000e+000 0.0000e+000 0.0000e+000 0.0000e+000
          48 2.8003e-003 1.8257e-002 1.2867e+000 2.3151e+001 1.1558e+002 1.1359e+002 4.7721e+001 6.3724e+002 2.1717e+001 8.2188e+002 7.9614e+001 1.5327e+003 2.3351e+002 3.1407e+002 1.8388e+002 0.0000e+000 0.0000e+000 0.0000e+000 0.0000e+000 0.0000e+000 0.0000e+000 0.0000e+000 0.0000e+000 0.0000e+000 0.0000e+000 0.0000e+000 0.0000e+000 0.0000e+000 0.0000e+000 0.0000e+000 0.0000e+000
          49 2.8580e-003 4.0317e-002 2.0873e+000 3.2266e+001 1.4402e+002 1.1062e+002 1.0453e+002 8.2073e+002 3.9957e+000 1.1258e+003 3.7405e+001 1.9815e+003 4.5295e+002 3.3817e+002 3.1369e+002 0.0000e+000 0.0000e+000 0.0000e+000 0.0000e+000 0.0000e+000 0.0000e+000 0.0000e+000 0.0000e+000 0.0000e+000 0.0000e+000 0.0000e+000 0.0000e+000 0.0000e+000 0.0000e+000 0.0000e+000 0.0000e+000
          50 1.3857e-003 4.6421e-002 1.8084e+000 2.3836e+001 9.2652e+001 4.8731e+001 1.1757e+002 5.5044e+002 3.2052e+000 8.1198e+002 7.6284e-001 1.3379e+003 4.6894e+002 1.7042e+002 2.8390e+002 0.0000e+000 0.0000e+000 0.0000e+000 0.0000e+000 0.0000e+000 0.0000e+000 0.0000e+000 0.0000e+000 0.0000e+000 0.0000e+000 0.0000e+000 0.0000e+000 0.0000e+000 0.0000e+000 0.0000e+000 0.0000e+000
          51 7.9326e-004 6.6878e-002 2.0550e+000 2.3368e+001 7.8019e+001 2.3291e+001 1.6406e+002 4.8578e+002 2.8514e+001 7.7312e+002 1.2569e+001 1.1921e+003 6.2423e+002 9.7488e+001 3.3115e+002 2.3034e-001 0.0000e+000 0.0000e+000 0.0000e+000 0.0000e+000 0.0000e+000 0.0000e+000 0.0000e+000 0.0000e+000 0.0000e+000 0.0000e+000 0.0000e+000 0.0000e+000 0.0000e+000 0.0000e+000 0.0000e+000
          52 4.0606e-004 9.8376e-002 2.4852e+000 2.4753e+001 7.0315e+001 8.1689e+000 2.3306e+002 4.6083e+002 8.3028e+001 7.9177e+002 6.5176e+001 1.1447e+003 8.6560e+002 4.6276e+001 4.0306e+002 6.0433e+000 0.0000e+000 0.0000e+000 0.0000e+000 0.0000e+000 0.0000e+000 0.0000e+000 0.0000e+000 0.0000e+000 0.0000e+000 0.0000e+000 0.0000e+000 0.0000e+000 0.0000e+000 0.0000e+000 0.0000e+000
          53 1.1407e-004 1.2906e-001 2.7456e+000 2.4117e+001 5.7180e+001 4.6461e-001 2.9484e+002 3.9764e+002 1.6049e+002 7.4126e+002 1.5427e+002 1.0031e+003 1.0830e+003 9.2423e+000 4.3952e+002 2.5768e+001 0.0000e+000 0.0000e+000 0.0000e+000 0.0000e+000 0.0000e+000 0.0000e+000 0.0000e+000 0.0000e+000 0.0000e+000 0.0000e+000 0.0000e+000 0.0000e+000 0.0000e+000 0.0000e+000 0.0000e+000
          54 7.9594e-008 1.5508e-001 2.8172e+000 2.1821e+001 4.1740e+001 2.3813e+000 3.4131e+002 3.1247e+002 2.5015e+002 6.3882e+002 2.6681e+002 8.0429e+002 1.2502e+003 1.2766e+000 4.3561e+002 6.2490e+001 0.0000e+000 0.0000e+000 0.0000e+000 0.0000e+000 0.0000e+000 0.0000e+000 0.0000e+000 0.0000e+000 0.0000e+000 0.0000e+000 0.0000e+000 0.0000e+000 0.0000e+000 0.0000e+000 0.0000e+000
          55 1.1325e-004 1.7793e-001 2.7857e+000 1.8930e+001 2.7638e+001 1.3796e+001 3.7713e+002 2.2833e+002 3.4755e+002 5.2144e+002 3.9468e+002 6.0399e+002 1.3853e+003 3.0004e+001 4.0547e+002 1.1557e+002 0.0000e+000 0.0000e+000 0.0000e+000 0.0000e+000 0.0000e+000 0.0000e+000 0.0000e+000 0.0000e+000 0.0000e+000 0.0000e+000 0.0000e+000 0.0000e+000 0.0000e+000 0.0000e+000 0.0000e+000
          56 4.8645e-004 1.9656e-001 2.6680e+000 1.5737e+001 1.5926e+001 3.3544e+001 4.0127e+002 1.5219e+002 4.4628e+002 4.0076e+002 5.2823e+002 4.1876e+002 1.4843e+003 9.8023e+001 3.5392e+002 1.8090e+002 0.0000e+000 0.0000e+000 0.0000e+000 0.0000e+000 0.0000e+000 0.0000e+000 0.0000e+000 0.0000e+000 0.0000e+000 0.0000e+000 0.0000e+000 0.0000e+000 0.0000e+000 0.0000e+000 0.0000e+000
          57 1.1489e-003 2.0875e-001 2.4642e+000 1.2381e+001 7.1576e+000 5.9761e+001 4.1066e+002 8.7993e+001 5.3746e+002 2.8367e+002 6.5483e+002 2.5778e+002 1.5344e+003 2.0408e+002 2.8512e+002 2.5097e+002 0.0000e+000 0.0000e+000 0.0000e+000 0.0000e+000 0.0000e+000 0.0000e+000 0.0000e+000 0.0000e+000 0.0000e+000 0.0000e+000 0.0000e+000 0.0000e+000 0.0000e+000 0.0000e+000 0.0000e+000
          58 2.1247e-003 2.1353e-001 2.1927e+000 9.1003e+000 1.7918e+000 9.0184e+001 4.0508e+002 3.9781e+001 6.1435e+002 1.7911e+002 7.6437e+002 1.3111e+002 1.5328e+003 3.4339e+002 2.0752e+002 3.1753e+002 5.9948e-002 0.0000e+000 0.0000e+000 0.0000e+000 0.0000e+000 0.0000e+000 0.0000e+000 0.0000e+000 0.0000e+000 0.0000e+000 0.0000e+000 0.0000e+000 0.0000e+000 0.0000e+000 0.0000e+000
          59 3.4351e-003 2.1073e-001 1.8777e+000 6.1196e+000 5.0305e-005 1.2249e+002 3.8590e+002 1.0134e+001 6.7248e+002 9.4613e+001 8.4970e+002 4.5582e+001 1.4823e+003 5.0869e+002 1.3099e+002 3.7303e+002 4.0957e+000 0.0000e+000 0.0000e+000 0.0000e+000 0.0000e+000 0.0000e+000 0.0000e+000 0.0000e+000 0.0000e+000 0.0000e+000 0.0000e+000 0.0000e+000 0.0000e+000 0.0000e+000 0.0000e+000
          60 5.0849e-003 2.0011e-001 1.5383e+000 3.6055e+000 1.6775e+000 1.5407e+002 3.5427e+002 4.2413e-003 7.0719e+002 3.5305e+001 9.0369e+002 4.1785e+000 1.3848e+003 6.8922e+002 6.5070e+001 4.1030e+002 2.0000e+001 0.0000e+000 0.0000e+000 0.0000e+000 0.0000e+000 0.0000e+000 0.0000e+000 0.0000e+000 0.0000e+000 0.0000e+000 0.0000e+000 0.0000e+000 0.0000e+000 0.0000e+000 0.0000e+000
          61 7.0551e-003 1.8205e-001 1.1948e+000 1.6947e+000 6.4628e+000 1.8222e+002 3.1216e+002 8.9148e+000 7.1515e+002 4.4257e+000 9.2119e+002 6.6443e+000 1.2452e+003 8.7138e+002 1.8924e+001 4.2398e+002 5.1523e+001 0.0000e+000 0.0000e+000 0.0000e+000 0.0000e+000 0.0000e+000 0.0000e+000 0.0000e+000 0.0000e+000 0.0000e+000 0.0000e+000 0.0000e+000 0.0000e+000 0.0000e+000 0.0000e+000
          62 9.3183e-003 1.5803e-001 8.7037e-001 4.8459e-001 1.3763e+001 2.0493e+002 2.6316e+002 3.4889e+001 6.9694e+002 2.8891e+000 9.0235e+002 4.9221e+001 1.0750e+003 1.0424e+003 1.5882e-001 4.1265e+002 9.7972e+001 0.0000e+000 0.0000e+000 0.0000e+000 0.0000e+000 0.0000e+000 0.0000e+000 0.0000e+000 0.0000e+000 0.0000e+000 0.0000e+000 0.0000e+000 0.0000e+000 0.0000e+000 0.0000e+000
          63 1.1850e-002 1.3020e-001 5.8466e-001 8.9214e-003 2.2856e+001 2.2106e+002 2.1137e+002 7.4801e+001 6.5597e+002 2.9077e+001 8.5141e+002 1.2525e+002 8.8859e+002 1.1922e+003 1.3591e+001 3.7847e+002 1.5542e+002 0.0000e+000 0.0000e+000 0.0000e+000 0.0000e+000 0.0000e+000 0.0000e+000 0.0000e+000 0.0000e+000 0.0000e+000 0.0000e+000 0.0000e+000 0.0000e+000 0.0000e+000 0.0000e+000
          64 1.4624e-002 1.0080e-001 3.5071e-001 2.4326e-001 3.2991e+001 2.3010e+002 1.6046e+002 1.2494e+002 5.9680e+002 7.9479e+001 7.7444e+002 2.2647e+002 6.9916e+002 1.3131e+003 6.1098e+001 3.2597e+002 2.1811e+002 0.0000e+000 0.0000e+000 0.0000e+000 0.0000e+000 0.0000e+000 0.0000e+000 0.0000e+000 0.0000e+000 0.0000e+000 0.0000e+000 0.0000e+000 0.0000e+000 0.0000e+000 0.0000e+000
          65 1.7580e-002 7.1852e-002 1.7518e-001 1.1200e+000 4.3373e+001 2.3158e+002 1.1323e+002 1.8110e+002 5.2340e+002 1.4916e+002 6.7704e+002 3.4342e+002 5.1720e+002 1.3972e+003 1.4173e+002 2.6073e+002 2.7911e+002 2.6380e-001 0.0000e+000 0.0000e+000 0.0000e+000 0.0000e+000 0.0000e+000 0.0000e+000 0.0000e+000 0.0000e+000 0.0000e+000 0.0000e+000 0.0000e+000 0.0000e+000 0.0000e+000
          66 2.0633e-002 4.5450e-002 6.0756e-002 2.5340e+000 5.3194e+001 2.2545e+002 7.2158e+001 2.3875e+002 4.4034e+002 2.3194e+002 5.6581e+002 4.6584e+002 3.5234e+002 1.4383e+003 2.5157e+002 1.8973e+002 3.3137e+002 5.3877e+000 0.0000e+000 0.0000e+000 0.0000e+000 0.0000e+000 0.0000e+000 0.0000e+000 0.0000e+000 0.0000e+000 0.0000e+000 0.0000e+000 0.0000e+000 0.0000e+000 0.0000e+000
          67 2.3685e-002 2.3669e-002 6.2671e-003 4.3484e+000 6.1732e+001 2.1231e+002 3.9312e+001 2.9345e+002 3.5313e+002 3.2092e+002 4.4867e+002 5.8360e+002 2.1334e+002 1.4339e+003 3.8402e+002 1.2096e+002 3.6894e+002 2.1259e+001 0.0000e+000 0.0000e+000 0.0000e+000 0.0000e+000 0.0000e+000 0.0000e+000 0.0000e+000 0.0000e+000 0.0000e+000 0.0000e+000 0.0000e+000 0.0000e+000 0.0000e+000
          68 2.6672e-002 8.3106e-003 6.4849e-003 6.4147e+000 6.8495e+001 1.9351e+002 1.6110e+001 3.4173e+002 2.6769e+002 4.0961e+002 3.3416e+002 6.8853e+002 1.0688e+002 1.3868e+003 5.3115e+002 6.2373e+001 3.8822e+002 5.0061e+001 0.0000e+000 0.0000e+000 0.0000e+000 0.0000e+000 0.0000e+000 0.0000e+000 0.0000e+000 0.0000e+000 0.0000e+000 0.0000e+000 0.0000e+000 0.0000e+000 0.0000e+000
          69 2.9541e-002 6.8654e-004 5.3046e-002 8.5870e+000 7.3183e+001 1.7064e+002 3.1223e+000 3.8099e+002 1.8912e+002 4.9236e+002 2.2964e+002 7.7443e+002 3.6578e+001 1.3025e+003 6.8453e+002 2.0705e+001 3.8785e+002 9.0819e+001 0.0000e+000 0.0000e+000 0.0000e+000 0.0000e+000 0.0000e+000 0.0000e+000 0.0000e+000 0.0000e+000 0.0000e+000 0.0000e+000 0.0000e+000 0.0000e+000 0.0000e+000
          70 3.2210e-002 1.6034e-003 1.3562e-001 1.0720e+001 7.5580e+001 1.4518e+002 1.8938e-001 4.0910e+002 1.2128e+002 5.6393e+002 1.4076e+002 8.3628e+002 3.2584e+000 1.1868e+003 8.3499e+002 1.0609e+000 3.6816e+002 1.4017e+002 0.0000e+000 0.0000e+000 0.0000e+000 0.0000e+000 0.0000e+000 0.0000e+000 0.0000e+000 0.0000e+000 0.0000e+000 0.0000e+000 0.0000e+000 0.0000e+000 0.0000e+000
          71 3.4627e-002 1.1367e-002 2.4300e-001 1.2691e+001 7.5685e+001 1.1870e+002 6.5591e+000 4.2507e+002 6.7146e+001 6.2058e+002 7.1830e+001 8.7157e+002 5.4079e+000 1.0478e+003 9.7434e+002 6.7071e+000 3.3163e+002 1.9346e+002 0.0000e+000 0.0000e+000 0.0000e+000 0.0000e+000 0.0000e+000 0.0000e+000 0.0000e+000 0.0000e+000 0.0000e+000 0.0000e+000 0.0000e+000 0.0000e+000 0.0000e+000
          72 3.6719e-002 2.9799e-002 3.6384e-001 1.4389e+001 7.3574e+001 9.2614e+001 2.1010e+001 4.2841e+002 2.8505e+001 6.5935e+002 2.5416e+001 8.7907e+002 3.9540e+001 8.9356e+002 1.0948e+003 3.8949e+001 2.8196e+002 2.4541e+002 1.1163e+000 0.0000e+000 0.0000e+000 0.0000e+000 0.0000e+000 0.0000e+000 0.0000e+000 0.0000e+000 0.0000e+000 0.0000e+000 0.0000e+000 0.0000e+000 0.0000e+000
          73 3.8389e-002 5.6191e-002 4.8677e-001 1.5713e+001 6.9389e+001 6.8133e+001 4.1912e+001 4.1900e+002 6.1982e+000 6.7788e+002 2.6177e+000 8.5853e+002 1.0047e+002 7.3175e+002 1.1885e+003 9.7016e+001 2.2383e+002 2.9063e+002 8.2024e+000 0.0000e+000 0.0000e+000 0.0000e+000 0.0000e+000 0.0000e+000 0.0000e+000 0.0000e+000 0.0000e+000 0.0000e+000 0.0000e+000 0.0000e+000 0.0000e+000
          74 3.9638e-002 8.9457e-002 6.0242e-001 1.6620e+001 6.3549e+001 4.6498e+001 6.7432e+001 3.9846e+002 9.4091e-002 6.7669e+002 3.0150e+000 8.1348e+002 1.8187e+002 5.7223e+002 1.2523e+003 1.7830e+002 1.6327e+002 3.2512e+002 2.4638e+001 0.0000e+000 0.0000e+000 0.0000e+000 0.0000e+000 0.0000e+000 0.0000e+000 0.0000e+000 0.0000e+000 0.0000e+000 0.0000e+000 0.0000e+000 0.0000e+000
          75 4.0455e-002 1.2822e-001 7.0309e-001 1.7090e+001 5.6474e+001 2.8547e+001 9.5672e+001 3.6858e+002 9.0778e+000 6.5695e+002 2.4743e+001 7.4795e+002 2.7686e+002 4.2290e+002 1.2840e+003 2.7876e+002 1.0600e+002 3.4601e+002 5.1188e+001 0.0000e+000 0.0000e+000 0.0000e+000 0.0000e+000 0.0000e+000 0.0000e+000 0.0000e+000 0.0000e+000 0.0000e+000 0.0000e+000 0.0000e+000 0.0000e+000
          76 4.0822e-002 1.7082e-001 7.8268e-001 1.7117e+001 4.8588e+001 1.4819e+001 1.2473e+002 3.3134e+002 3.1297e+001 6.2050e+002 6.4827e+001 6.6647e+002 3.7828e+002 2.9028e+002 1.2826e+003 3.9306e+002 5.7294e+001 3.5167e+002 8.6525e+001 0.0000e+000 0.0000e+000 0.0000e+000 0.0000e+000 0.0000e+000 0.0000e+000 0.0000e+000 0.0000e+000 0.0000e+000 0.0000e+000 0.0000e+000 0.0000e+000
          77 4.0790e-002 2.1573e-001 8.3821e-001 1.6745e+001 4.0377e+001 5.5786e+000 1.5301e+002 2.8934e+002 6.4419e+001 5.7071e+002 1.1962e+002 5.7494e+002 4.7987e+002 1.7971e+002 1.2510e+003 5.1576e+002 2.1698e+001 3.4241e+002 1.2804e+002 0.0000e+000 0.0000e+000 0.0000e+000 0.0000e+000 0.0000e+000 0.0000e+000 0.0000e+000 0.0000e+000 0.0000e+000 0.0000e+000 0.0000e+000 0.0000e+000
          78 4.0303e-002 2.6083e-001 8.6638e-001 1.5986e+001 3.2182e+001 8.0542e-001 1.7877e+002 2.4436e+002 1.0563e+002 5.0979e+002 1.8472e+002 4.7759e+002 5.7480e+002 9.4275e+001 1.1896e+003 6.3983e+002 2.6001e+000 3.1883e+002 1.7203e+002 1.5122e-001 0.0000e+000 0.0000e+000 0.0000e+000 0.0000e+000 0.0000e+000 0.0000e+000 0.0000e+000 0.0000e+000 0.0000e+000 0.0000e+000 0.0000e+000
          79 3.9406e-002 3.0439e-001 8.6735e-001 1.4902e+001 2.4414e+001 2.7377e-001 2.0076e+002 1.9883e+002 1.5196e+002 4.4160e+002 2.5559e+002 3.8004e+002 6.5781e+002 3.6122e+001 1.1031e+003 7.5903e+002 2.2724e+000 2.8344e+002 2.1466e+002 3.0240e+000 0.0000e+000 0.0000e+000 0.0000e+000 0.0000e+000 0.0000e+000 0.0000e+000 0.0000e+000 0.0000e+000 0.0000e+000 0.0000e+000 0.0000e+000
          80 3.8166e-002 3.4506e-001 8.4334e-001 1.3574e+001 1.7409e+001 3.5524e+000 2.1821e+002 1.5500e+002 2.0063e+002 3.7008e+002 3.2805e+002 2.8732e+002 7.2538e+002 5.5579e+000 9.9738e+002 8.6829e+002 2.1628e+001 2.3966e+002 2.5256e+002 1.1975e+001 0.0000e+000 0.0000e+000 0.0000e+000 0.0000e+000 0.0000e+000 0.0000e+000 0.0000e+000 0.0000e+000 0.0000e+000 0.0000e+000 0.0000e+000
          81 3.6594e-002 3.8116e-001 7.9643e-001 1.2060e+001 1.1406e+001 1.0063e+001 2.3030e+002 1.1451e+002 2.4872e+002 2.9837e+002 3.9775e+002 2.0329e+002 7.7403e+002 1.4489e+000 8.7722e+002 9.6191e+002 6.0292e+001 1.9096e+002 2.8254e+002 2.8483e+001 0.0000e+000 0.0000e+000 0.0000e+000 0.0000e+000 0.0000e+000 0.0000e+000 0.0000e+000 0.0000e+000 0.0000e+000 0.0000e+000 0.0000e+000
          82 3.4778e-002 4.1193e-001 7.3127e-001 1.0447e+001 6.5995e+000 1.9140e+001 2.3698e+002 7.8978e+001 2.9400e+002 2.2999e+002 4.6149e+002 1.3150e+002 8.0294e+002 2.1454e+001 7.4948e+002 1.0369e+003 1.1679e+002 1.4148e+002 3.0266e+002 5.2448e+001 0.0000e+000 0.0000e+000 0.0000e+000 0.0000e+000 0.0000e+000 0.0000e+000 0.0000e+000 0.0000e+000 0.0000e+000 0.0000e+000 0.0000e+000
          83 3.2740e-002 4.3617e-001 6.5168e-001 8.7972e+000 3.0871e+000 3.0043e+001 2.3805e+002 4.9421e+001 3.3413e+002 1.6746e+002 5.1596e+002 7.4224e+001 8.1102e+002 6.2224e+001 6.1933e+002 1.0896e+003 1.8852e+002 9.4926e+001 3.1143e+002 8.2497e+001 0.0000e+000 0.0000e+000 0.0000e+000 0.0000e+000 0.0000e+000 0.0000e+000 0.0000e+000 0.0000e+000 0.0000e+000 0.0000e+000 0.0000e+000
          84 3.0568e-002 4.5378e-001 5.6316e-001 7.1845e+000 9.0792e-001 4.2060e+001 2.3401e+002 2.6617e+001 3.6778e+002 1.1321e+002 5.5943e+002 3.3024e+001 7.9980e+002 1.1975e+002 4.9296e+002 1.1196e+003 2.7234e+002 5.4938e+001 3.0881e+002 1.1656e+002 9.8343e-003 0.0000e+000 0.0000e+000 0.0000e+000 0.0000e+000 0.0000e+000 0.0000e+000 0.0000e+000 0.0000e+000 0.0000e+000 0.0000e+000
          85 2.8292e-002 4.6420e-001 4.7003e-001 5.6588e+000 2.7100e-002 5.4473e+001 2.2518e+002 1.0853e+001 3.9356e+002 6.8732e+001 5.9013e+002 8.3761e+000 7.7035e+002 1.8957e+002 3.7474e+002 1.1257e+003 3.6434e+002 2.4393e+001 2.9518e+002 1.5207e+002 1.1481e+000 0.0000e+000 0.0000e+000 0.0000e+000 0.0000e+000 0.0000e+000 0.0000e+000 0.0000e+000 0.0000e+000 0.0000e+000 0.0000e+000
          86 2.5969e-002 4.6757e-001 3.7701e-001 4.2684e+000 3.5942e-001 6.6649e+001 2.1226e+002 2.1221e+000 4.1086e+002 3.5073e+001 6.0747e+002 8.4325e-003 7.2521e+002 2.6715e+002 2.6883e+002 1.1089e+003 4.6057e+002 5.5953e+000 2.7191e+002 1.8645e+002 6.0311e+000 0.0000e+000 0.0000e+000 0.0000e+000 0.0000e+000 0.0000e+000 0.0000e+000 0.0000e+000 0.0000e+000 0.0000e+000 0.0000e+000
          87 2.3632e-002 4.6396e-001 2.8811e-001 3.0471e+000 1.7753e+000 7.7999e+001 1.9591e+002 1.1238e-001 4.1923e+002 1.2685e+001 6.1116e+002 6.9185e+000 6.6692e+002 3.4789e+002 1.7829e+002 1.0704e+003 5.5673e+002 7.2800e-002 2.4080e+002 2.1723e+002 1.6214e+001 0.0000e+000 0.0000e+000 0.0000e+000 0.0000e+000 0.0000e+000 0.0000e+000 0.0000e+000 0.0000e+000 0.0000e+000 0.0000e+000
          88 2.1325e-002 4.5382e-001 2.0704e-001 2.0211e+000 4.1110e+000 8.8047e+001 1.7697e+002 4.2596e+000 4.1880e+002 1.5257e+000 6.0176e+002 2.7498e+001 5.9873e+002 4.2754e+002 1.0540e+002 1.0126e+003 6.4885e+002 8.5716e+000 2.0419e+002 2.4233e+002 3.2084e+001 0.0000e+000 0.0000e+000 0.0000e+000 0.0000e+000 0.0000e+000 0.0000e+000 0.0000e+000 0.0000e+000 0.0000e+000 0.0000e+000
          89 1.9076e-002 4.3763e-001 1.3681e-001 1.2052e+000 7.1744e+000 9.6378e+001 1.5624e+002 1.3779e+001 4.0987e+002 1.0640e+000 5.8010e+002 5.9614e+001 5.2385e+002 5.0204e+002 5.1479e+001 9.3845e+002 7.3292e+002 3.1014e+001 1.6464e+002 2.6010e+002 5.3074e+001 0.0000e+000 0.0000e+000 0.0000e+000 0.0000e+000 0.0000e+000 0.0000e+000 0.0000e+000 0.0000e+000 0.0000e+000 0.0000e+000
          90 1.6944e-002 4.1680e-001 7.9918e-002 6.0585e-001 1.0776e+001 1.0287e+002 1.3481e+002 2.7764e+001 3.9385e+002 1.0354e+001 5.4854e+002 1.0093e+002 4.4638e+002 5.6891e+002 1.6959e+001 8.5269e+002 8.0692e+002 6.6642e+001 1.2503e+002 2.6998e+002 7.8066e+001 3.2448e-004 0.0000e+000 0.0000e+000 0.0000e+000 0.0000e+000 0.0000e+000 0.0000e+000 0.0000e+000 0.0000e+000 0.0000e+000
          91 1.4938e-002 3.9197e-001 3.7756e-002 2.1697e-001 1.4720e+001 1.0736e+002 1.1335e+002 4.5224e+001 3.7153e+002 2.8160e+001 5.0856e+002 1.4890e+002 3.6910e+002 6.2555e+002 1.2603e+000 7.5854e+002 8.6820e+002 1.1410e+002 8.7730e+001 2.7151e+002 1.0550e+002 5.3858e-001 0.0000e+000 0.0000e+000 0.0000e+000 0.0000e+000 0.0000e+000 0.0000e+000 0.0000e+000 0.0000e+000 0.0000e+000
          92 1.3074e-002 3.6399e-001 1.1147e-002 2.6465e-002 1.8819e+001 1.0977e+002 9.2553e+001 6.5138e+001 3.4404e+002 5.3044e+001 4.6206e+002 2.0098e+002 2.9477e+002 6.7016e+002 3.1864e+000 6.5960e+002 9.1498e+002 1.7154e+002 5.4980e+001 2.6489e+002 1.3364e+002 3.4360e+000 0.0000e+000 0.0000e+000 0.0000e+000 0.0000e+000 0.0000e+000 0.0000e+000 0.0000e+000 0.0000e+000 0.0000e+000
          93 1.1355e-002 3.3356e-001 3.0160e-004 1.6519e-002 2.2881e+001 1.1009e+002 7.2988e+001 8.6434e+001 3.1243e+002 8.3373e+001 4.1082e+002 2.5450e+002 2.2566e+002 7.0118e+002 2.0961e+001 5.5910e+002 9.4559e+002 2.3658e+002 2.8683e+001 2.5063e+002 1.6064e+002 9.9706e+000 0.0000e+000 0.0000e+000 0.0000e+000 0.0000e+000 0.0000e+000 0.0000e+000 0.0000e+000 0.0000e+000 0.0000e+000
          94 9.7959e-003 3.0179e-001 4.8366e-003 1.6463e-001 2.6761e+001 1.0848e+002 5.5219e+001 1.0818e+002 2.7819e+002 1.1754e+002 3.5714e+002 3.0725e+002 1.6395e+002 7.1857e+002 5.2365e+001 4.6079e+002 9.6019e+002 3.0686e+002 1.0369e+001 2.2999e+002 1.8501e+002 2.0636e+001 0.0000e+000 0.0000e+000 0.0000e+000 0.0000e+000 0.0000e+000 0.0000e+000 0.0000e+000 0.0000e+000 0.0000e+000
          95 8.3950e-003 2.6945e-001 2.3866e-002 4.4528e-001 3.0325e+001 1.0512e+002 3.9627e+001 1.2949e+002 2.4254e+002 1.5391e+002 3.0289e+002 3.5714e+002 1.1110e+002 7.2239e+002 9.4893e+001 3.6754e+002 9.5888e+002 3.7979e+002 1.0727e+000 2.0433e+002 2.0541e+002 3.5291e+001 0.0000e+000 0.0000e+000 0.0000e+000 0.0000e+000 0.0000e+000 0.0000e+000 0.0000e+000 0.0000e+000 0.0000e+000
          96 7.1440e-003 2.3711e-001 5.6064e-002 8.3073e-001 3.3437e+001 1.0014e+002 2.6467e+001 1.4946e+002 2.0650e+002 1.9081e+002 2.4962e+002 4.0209e+002 6.8076e+001 7.1273e+002 1.4577e+002 2.8160e+002 9.4166e+002 4.5250e+002 1.3711e+000 1.7506e+002 2.2063e+002 5.3283e+001 7.1590e-004 0.0000e+000 0.0000e+000 0.0000e+000 0.0000e+000 0.0000e+000 0.0000e+000 0.0000e+000 0.0000e+000
          97 6.0452e-003 2.0569e-001 9.9804e-002 1.2934e+000 3.6041e+001 9.3893e+001 1.5950e+001 1.6753e+002 1.7138e+002 2.2692e+002 1.9920e+002 4.4096e+002 3.5573e+001 6.9129e+002 2.0233e+002 2.0537e+002 9.1062e+002 5.2286e+002 1.1380e+001 1.4407e+002 2.3021e+002 7.3694e+001 4.1153e-001 0.0000e+000 0.0000e+000 0.0000e+000 0.0000e+000 0.0000e+000 0.0000e+000 0.0000e+000 0.0000e+000
          98 5.0879e-003 1.7567e-001 1.5322e-001 1.8058e+000 3.8071e+001 8.6613e+001 8.1302e+000 1.8315e+002 1.3808e+002 2.6095e+002 1.5287e+002 4.7258e+002 1.3691e+001 6.5930e+002 2.6189e+002 1.4025e+002 8.6711e+002 5.8857e+002 3.0791e+001 1.1296e+002 2.3378e+002 9.5395e+001 2.4953e+000 0.0000e+000 0.0000e+000 0.0000e+000 0.0000e+000 0.0000e+000 0.0000e+000 0.0000e+000 0.0000e+000
          99 4.2633e-003 1.4756e-001 2.1435e-001 2.3429e+000 3.9504e+001 7.8604e+001 2.9821e+000 1.9596e+002 1.0743e+002 2.9191e+002 1.1173e+002 4.9636e+002 2.1835e+000 6.1856e+002 3.2202e+002 8.7280e+001 8.1323e+002 6.4785e+002 5.8939e+001 8.3358e+001 2.3144e+002 1.1723e+002 7.1433e+000 0.0000e+000 0.0000e+000 0.0000e+000 0.0000e+000 0.0000e+000 0.0000e+000 0.0000e+000 0.0000e+000
         100 3.5592e-003 1.2170e-001 2.8110e-001 2.8807e+000 4.0325e+001 7.0123e+001 3.9500e-001 2.0566e+002 8.0047e+001 3.1886e+002 7.6551e+001 5.1183e+002 4.6989e-001 5.7076e+002 3.8041e+002 4.6930e+001 7.5090e+002 6.9899e+002 9.4823e+001 5.6683e+001 2.2348e+002 1.3804e+002 1.4732e+001 0.0000e+000 0.0000e+000 0.0000e+000 0.0000e+000 0.0000e+000 0.0000e+000 0.0000e+000 0.0000e+000
         101 2.9643e-003 9.8336e-002 3.5149e-001 3.3993e+000 4.0553e+001 6.1446e+001 1.9071e-001 2.1217e+002 5.6420e+001 3.4125e+002 4.7862e+001 5.1905e+002 7.6993e+000 5.1787e+002 4.3519e+002 1.9253e+001 6.8243e+002 7.4097e+002 1.3725e+002 3.4176e+001 2.1055e+002 1.5683e+002 2.5232e+001 0.0000e+000 0.0000e+000 0.0000e+000 0.0000e+000 0.0000e+000 0.0000e+000 0.0000e+000 0.0000e+000
         102 2.4662e-003 7.7625e-002 4.2356e-001 3.8812e+000 4.0215e+001 5.2808e+001 2.1384e+000 2.1546e+002 3.6850e+001 3.5864e+002 2.5931e+001 5.1825e+002 2.2818e+001 4.6170e+002 4.8470e+002 3.8901e+000 6.0996e+002 7.7292e+002 1.8482e+002 1.6825e+001 1.9342e+002 1.7275e+002 3.8293e+001 1.8681e-002 0.0000e+000 0.0000e+000 0.0000e+000 0.0000e+000 0.0000e+000 0.0000e+000 0.0000e+000
         103 2.0534e-003 5.9633e-002 4.9559e-001 4.3130e+000 3.9364e+001 4.4431e+001 5.9702e+000 2.1567e+002 2.1492e+001 3.7088e+002 1.0792e+001 5.0998e+002 4.4645e+001 4.0409e+002 5.2779e+002 1.4443e-001 5.3569e+002 7.9455e+002 2.3612e+002 5.3619e+000 1.7306e+002 1.8519e+002 5.3361e+001 5.6942e-001 0.0000e+000 0.0000e+000 0.0000e+000 0.0000e+000 0.0000e+000 0.0000e+000 0.0000e+000
         104 1.7134e-003 4.4308e-002 5.6568e-001 4.6819e+000 3.8032e+001 3.6474e+001 1.1389e+001 2.1286e+002 1.0349e+001 3.7773e+002 2.2751e+000 4.9466e+002 7.1885e+001 3.4646e+002 5.6323e+002 7.0502e+000 4.6130e+002 8.0533e+002 2.8951e+002 2.5475e-001 1.5039e+002 1.9362e+002 6.9714e+001 2.5008e+000 0.0000e+000 0.0000e+000 0.0000e+000 0.0000e+000 0.0000e+000 0.0000e+000 0.0000e+000
         105 1.4362e-003 3.1588e-002 6.3232e-001 4.9801e+000 3.6286e+001 2.9103e+001 1.8082e+001 2.0728e+002 3.3284e+000 3.7932e+002 5.0826e-002 4.7315e+002 1.0320e+002 2.9038e+002 5.9040e+002 2.3416e+001 3.8871e+002 8.0549e+002 3.4344e+002 1.7217e+000 1.2651e+002 1.9781e+002 8.6580e+001 6.3303e+000 0.0000e+000 0.0000e+000 0.0000e+000 0.0000e+000 0.0000e+000 0.0000e+000 0.0000e+000
         106 1.2126e-003 2.1343e-002 6.9430e-001 5.2036e+000 3.4199e+001 2.2447e+001 2.5736e+001 1.9928e+002 2.1801e-001 3.7598e+002 3.6332e+000 4.4646e+002 1.3729e+002 2.3718e+002 6.0906e+002 4.7898e+001 3.1961e+002 7.9564e+002 3.9650e+002 9.7273e+000 1.0249e+002 1.9778e+002 1.0320e+002 1.2266e+001 0.0000e+000 0.0000e+000 0.0000e+000 0.0000e+000 0.0000e+000 0.0000e+000 0.0000e+000
         107 1.0340e-003 1.3394e-002 7.5050e-001 5.3501e+000 3.1839e+001 1.6595e+001 3.4040e+001 1.8918e+002 7.1841e-001 3.6804e+002 1.2422e+001 4.1553e+002 1.7288e+002 1.8796e+002 6.1914e+002 7.9047e+001 2.5535e+002 7.7640e+002 4.4731e+002 2.4012e+001 7.9305e+001 1.9368e+002 1.1886e+002 2.0261e+001 4.2297e-004 0.0000e+000 0.0000e+000 0.0000e+000 0.0000e+000 0.0000e+000 0.0000e+000
         108 8.9323e-004 7.5312e-003 8.0012e-001 5.4206e+000 2.9279e+001 1.1613e+001 4.2701e+001 1.7736e+002 4.4610e+000 3.5599e+002 2.5732e+001 3.8143e+002 2.0879e+002 1.4361e+002 6.2089e+002 1.1538e+002 1.9710e+002 7.4876e+002 4.9468e+002 4.4122e+001 5.7888e+001 1.8585e+002 1.3294e+002 3.0080e+001 1.9312e-001 0.0000e+000 0.0000e+000 0.0000e+000 0.0000e+000 0.0000e+000 0.0000e+000
         109 7.8381e-004 3.5229e-003 8.4240e-001 5.4171e+000 2.6585e+001 7.5324e+000 5.1439e+001 1.6418e+002 1.1025e+001 3.4031e+002 4.2818e+001 3.4512e+002 2.4392e+002 1.0478e+002 6.1465e+002 1.5537e+002 1.4570e+002 7.1366e+002 5.3750e+002 6.9429e+001 3.9027e+001 1.7473e+002 1.4487e+002 4.1343e+001 1.1635e+000 0.0000e+000 0.0000e+000 0.0000e+000 0.0000e+000 0.0000e+000 0.0000e+000
         110 7.0074e-004 1.1248e-003 8.7723e-001 5.3461e+000 2.3831e+001 4.3612e+000 6.0025e+001 1.5008e+002 1.9964e+001 3.2169e+002 6.2930e+001 3.0770e+002 2.7740e+002 7.1935e+001 6.0124e+002 1.9766e+002 1.0182e+002 6.7250e+002 5.7510e+002 9.9220e+001 2.3392e+001 1.6094e+002 1.5434e+002 5.3608e+001 3.3482e+000 0.0000e+000 0.0000e+000 0.0000e+000 0.0000e+000 0.0000e+000 0.0000e+000
         111 6.3944e-004 8.8209e-005 9.0409e-001 5.2118e+000 2.1069e+001 2.0814e+000 6.8223e+001 1.3536e+002 3.0809e+001 3.0062e+002 8.5285e+001 2.6997e+002 3.0835e+002 4.5302e+001 5.8120e+002 2.4083e+002 6.5792e+001 6.2625e+002 6.0663e+002 1.3263e+002 1.1488e+001 1.4502e+002 1.6101e+002 6.6362e+001 6.9703e+000 0.0000e+000 0.0000e+000 0.0000e+000 0.0000e+000 0.0000e+000 0.0000e+000
         112 5.9655e-004 1.6985e-004 9.2308e-001 5.0221e+000 1.8356e+001 6.5813e-001 7.5858e+001 1.2041e+002 4.3095e+001 2.7775e+002 1.0914e+002 2.3282e+002 3.3613e+002 2.4958e+001 5.5546e+002 2.8367e+002 3.7769e+001 5.7627e+002 6.3170e+002 1.6880e+002 3.6827e+000 1.2767e+002 1.6477e+002 7.9112e+001 1.2079e+001 3.3283e-003 0.0000e+000 0.0000e+000 0.0000e+000 0.0000e+000 0.0000e+000
         113 5.6932e-004 1.1365e-003 9.3431e-001 4.7848e+000 1.5739e+001 3.8744e-002 8.2778e+001 1.0553e+002 5.6373e+001 2.5364e+002 1.3380e+002 1.9699e+002 3.6024e+002 1.0802e+001 5.2493e+002 3.2507e+002 1.7684e+001 5.2376e+002 6.5005e+002 2.0682e+002 1.9154e-001 1.0955e+002 1.6560e+002 9.1383e+001 1.8584e+001 1.9933e-001 0.0000e+000 0.0000e+000 0.0000e+000 0.0000e+000 0.0000e+000
         114 5.5563e-004 2.7699e-003 9.3800e-001 4.5080e+000 1.3260e+001 1.5828e-001 8.8862e+001 9.1009e+001 7.0211e+001 2.2885e+002 1.5858e+002 1.6311e+002 3.8029e+002 2.6008e+000 4.9052e+002 3.6405e+002 5.2929e+000 4.6991e+002 6.6156e+002 2.4578e+002 1.0883e+000 9.1291e+001 1.6359e+002 1.0274e+002 2.6292e+001 9.8380e-001 0.0000e+000 0.0000e+000 0.0000e+000 0.0000e+000 0.0000e+000
         115 5.5377e-004 4.8695e-003 9.3431e-001 4.1990e+000 1.0948e+001 9.4167e-001 9.3999e+001 7.7087e+001 8.4190e+001 2.0385e+002 1.8286e+002 1.3169e+002 3.9596e+002 3.2399e-004 4.5308e+002 3.9971e+002 1.9477e-001 4.1571e+002 6.6612e+002 2.8474e+002 6.3136e+000 7.3500e+001 1.5888e+002 1.1280e+002 3.4930e+001 2.6288e+000 0.0000e+000 0.0000e+000 0.0000e+000 0.0000e+000 0.0000e+000
         116 5.6253e-004 7.2553e-003 9.2365e-001 3.8663e+000 8.8311e+000 2.3066e+000 9.8125e+001 6.3978e+001 9.7938e+001 1.7911e+002 2.0608e+002 1.0316e+002 4.0709e+002 2.5530e+000 4.1353e+002 4.3136e+002 1.8599e+000 3.6222e+002 6.6393e+002 3.2285e+002 1.5687e+001 5.6737e+001 1.5174e+002 1.2125e+002 4.4185e+001 5.2740e+000 1.6922e-004 0.0000e+000 0.0000e+000 0.0000e+000 0.0000e+000
         117 5.8112e-004 9.7713e-003 9.0682e-001 3.5190e+000 6.9319e+000 4.1665e+000 1.0123e+002 5.1884e+001 1.1115e+002 1.5511e+002 2.2783e+002 7.7900e+001 4.1378e+002 9.7333e+000 3.7289e+002 4.5859e+002 9.6504e+000 3.1048e+002 6.5551e+002 3.5942e+002 2.8923e+001 4.1521e+001 1.4253e+002 1.2790e+002 5.3734e+001 8.9494e+000 8.3546e-002 0.0000e+000 0.0000e+000 0.0000e+000 0.0000e+000
         118 6.0864e-004 1.2280e-002 8.8408e-001 3.1635e+000 5.2611e+000 6.4314e+000 1.0328e+002 4.0924e+001 1.2351e+002 1.3216e+002 2.4762e+002 5.6101e+001 4.1600e+002 2.0956e+001 3.3187e+002 4.8086e+002 2.2844e+001 2.6121e+002 6.4108e+002 3.9363e+002 4.5639e+001 2.8256e+001 1.3158e+002 1.3256e+002 6.3231e+001 1.3594e+001 5.0894e-001 0.0000e+000 0.0000e+000 0.0000e+000 0.0000e+000
         119 6.4429e-004 1.4665e-002 8.5586e-001 2.8065e+000 3.8264e+000 9.0085e+000 1.0426e+002 3.1201e+001 1.3473e+002 1.1056e+002 2.6507e+002 3.7900e+001 4.1381e+002 3.5585e+001 2.9118e+002 4.9782e+002 4.0645e+001 2.1509e+002 6.2103e+002 4.2476e+002 6.5359e+001 1.7288e+001 1.1927e+002 1.3513e+002 7.2340e+001 1.9074e+001 1.4757e+000 0.0000e+000 0.0000e+000 0.0000e+000 0.0000e+000
         120 6.8747e-004 1.6836e-002 8.2297e-001 2.4552e+000 2.6315e+000 1.1807e+001 1.0421e+002 2.2798e+001 1.4462e+002 9.0599e+001 2.7994e+002 2.3365e+001 4.0753e+002 5.2957e+001 2.5162e+002 5.0940e+002 6.2214e+001 1.7277e+002 5.9607e+002 4.5229e+002 8.7554e+001 8.8861e+000 1.0604e+002 1.3561e+002 8.0771e+001 2.5208e+001 3.0938e+000 1.3010e-002 0.0000e+000 0.0000e+000 0.0000e+000
         121 7.3656e-004 1.8697e-002 7.8517e-001 2.1134e+000 1.6724e+000 1.4720e+001 1.0307e+002 1.5738e+001 1.5284e+002 7.2409e+001 2.9167e+002 1.2452e+001 3.9700e+002 7.2293e+001 2.1359e+002 5.1499e+002 8.6561e+001 1.3460e+002 5.6623e+002 4.7519e+002 1.1149e+002 3.2203e+000 9.2226e+001 1.3393e+002 8.8158e+001 3.1739e+001 5.3877e+000 1.6792e-001 0.0000e+000 0.0000e+000 0.0000e+000
         122 7.8814e-004 2.0135e-002 7.4129e-001 1.7830e+000 9.4249e-001 1.7594e+001 1.0063e+002 1.0026e+001 1.5878e+002 5.6067e+001 2.9925e+002 5.0652e+000 3.8162e+002 9.2531e+001 1.7734e+002 5.1325e+002 1.1234e+002 1.0082e+002 5.3093e+002 4.9163e+002 1.3602e+002 3.7447e-001 7.8104e+001 1.2985e+002 9.3991e+001 3.8288e+001 8.2850e+000 6.0923e-001 9.1893e-005 0.0000e+000 0.0000e+000
         123 8.3393e-004 2.0948e-002 6.8783e-001 1.4630e+000 4.3309e-001 2.0149e+001 9.6324e+001 5.6570e+000 1.6111e+002 4.1595e+001 3.0034e+002 1.0365e+000 3.5952e+002 1.1178e+002 1.4283e+002 5.0089e+002 1.3716e+002 7.1585e+001 4.8803e+002 4.9750e+002 1.5885e+002 2.9204e-001 6.3843e+001 1.2278e+002 9.7322e+001 4.4173e+001 1.1546e+001 1.3950e+000 2.9710e-002 0.0000e+000 0.0000e+000
         124 8.5431e-004 2.0735e-002 6.1695e-001 1.1492e+000 1.3204e-001 2.1791e+001 8.8893e+001 2.6200e+000 1.5696e+002 2.9011e+001 2.8983e+002 1.4665e-002 3.2649e+002 1.2611e+002 1.0982e+002 4.7062e+002 1.5603e+002 4.7084e+001 4.3266e+002 4.8392e+002 1.7498e+002 2.5598e+000 4.9529e+001 1.1138e+002 9.6241e+001 4.8012e+001 1.4577e+001 2.4350e+000 1.6116e-001 1.5955e-003 0.0000e+000
