   v'->v''           0           1           2           3           4           5           6
           0 1.3758e+005 1.0372e+003 1.3307e+001 3.3209e-001 2.0353e-002 0.0000e+000 0.0000e+000
           1 1.8351e+000 1.3540e+005 1.5580e+003 2.2653e+002 2.8561e+001 9.1422e-001 0.0000e+000
           2 6.8633e+001 3.6806e+002 1.5901e+005 9.2632e-001 3.6021e+003 2.9232e+002 4.0544e+000
           3 1.1869e+002 3.0432e+003 1.9270e+004 3.3033e+005 2.5589e+004 1.7176e+004 4.3553e+001
           4 2.1363e+002 6.9801e+003 7.2979e+004 2.8443e+005 9.6584e+005 1.1429e+005 4.9364e+003
           5 1.6162e+002 6.2965e+003 8.5971e+004 4.8433e+005 1.1122e+006 1.5707e+006 5.9012e+004
           6 2.7852e-002 1.0558e+002 6.5296e+003 1.0391e+005 6.1062e+005 1.3494e+006 1.5629e+006
           7 1.2188e+002 3.8682e+003 3.6072e+004 1.0928e+005 3.0536e+004 2.9192e+005 1.7063e+006
           8 8.2752e+000 5.7691e+002 1.1907e+004 9.7081e+004 2.7515e+005 9.7490e+004 3.7882e+005
           9 9.9612e+001 3.0976e+003 3.0277e+004 9.8529e+004 5.4298e+004 4.0266e+004 1.3536e+005
          10 8.0228e-004 3.1239e+001 2.0531e+003 3.1284e+004 1.3341e+005 1.0427e+005 2.6040e+004
          11 8.1974e+001 2.7621e+003 3.2700e+004 1.3999e+005 1.6434e+005 5.2868e+002 1.5597e+005
          12 3.6893e+001 8.9673e+002 6.4436e+003 8.7869e+003 1.8474e+003 6.2512e+004 1.6193e+004
          13 9.3636e+000 5.2088e+002 9.6296e+003 6.7719e+004 1.5872e+005 5.3210e+004 5.1405e+004
          14 6.7922e+001 2.3849e+003 2.7536e+004 1.1205e+005 1.2387e+005 2.7196e+002 1.0388e+005
          15 3.8054e+001 1.0708e+003 8.4619e+003 1.7932e+004 1.3839e+003 3.1033e+004 2.3826e+004
          16 1.2870e-001 7.3024e+000 1.0273e+003 1.5473e+004 6.3885e+004 5.0217e+004 7.2302e+003
          17 1.6011e+001 7.3208e+002 1.0999e+004 6.0612e+004 1.0986e+005 2.0769e+004 4.4608e+004
          18 5.3444e-001 2.3467e+001 3.3614e+002 1.7697e+003 3.0186e+003 4.6759e+002 1.3322e+003
          19 1.1793e+000 4.8890e+001 6.5113e+002 3.1869e+003 4.8965e+003 5.0033e+002 2.4876e+003
          20 2.9231e+000 1.1734e+002 1.4956e+003 6.9906e+003 1.0002e+004 7.1324e+002 5.5841e+003
          21 3.3514e+000 1.3216e+002 1.6424e+003 7.4711e+003 1.0228e+004 5.5743e+002 6.0504e+003
          22 1.6408e+000 6.4173e+001 7.8793e+002 3.5376e+003 4.7376e+003 2.2208e+002 2.8840e+003
