   v'->v''           0           1           2           3           4           5           6
           0 1.0853e+006 1.2748e+005 3.2807e+003 2.0519e+002 1.1401e+002 1.1659e-001 0.0000e+000
           1 3.6873e+005 9.3048e+005 1.3258e+005 2.5699e+003 4.6602e+001 2.0050e+002 5.6226e+000
           2 4.2038e+004 3.2819e+005 6.4094e+005 1.9626e+005 1.5139e+003 3.8153e+002 5.6145e+001
           3 1.1798e+004 1.5249e+004 4.3829e+005 3.0218e+005 4.3703e+005 1.8984e+002 2.0223e+001
           4 6.8195e+004 3.4597e+002 3.1685e+003 1.1252e+006 4.3009e+003 7.2415e+005 2.4048e+004
           5 2.5210e+004 8.4324e+004 7.2592e+004 2.3481e+005 2.4444e+006 6.4115e+004 5.0629e+005
           6 6.7204e+001 1.9743e+004 7.0480e+004 1.2181e+005 3.7457e+005 2.6756e+006 7.2596e+004
           7 1.3514e+004 1.2963e+003 1.3134e+005 2.0607e+004 1.0508e+004 1.9230e+005 3.1226e+006
           8 3.1591e+004 4.0484e+003 4.8200e+002 2.7626e+005 1.3685e+005 3.4136e+004 3.5203e+005
           9 2.0643e+004 7.5263e+003 3.2315e+004 1.8526e+005 6.1818e+000 1.2925e+004 4.4577e+004
          10 1.8315e+003 1.7155e+004 1.5180e+003 2.6227e+004 2.7194e+005 1.0480e+004 1.3350e+004
          11 3.4802e+003 1.2796e+004 2.7831e+003 1.8178e+005 1.8267e+005 3.6545e+004 4.7982e+004
          12 1.3811e+004 2.4839e+002 1.6623e+003 3.6671e+004 1.0947e+004 1.1545e+005 9.7627e+003
          13 1.6295e+004 8.6759e+003 2.8374e+004 1.7808e+004 2.3173e+005 3.6547e+004 1.4617e+005
          14 1.1015e+004 2.1187e+004 2.8919e+004 4.3660e+004 1.8798e+005 7.3236e+003 1.2612e+005
          15 4.4399e+003 1.6567e+004 1.8404e+003 2.1171e+003 1.4304e+004 7.6696e+004 7.9919e+003
          16 6.3460e+002 5.5298e+003 1.1647e+004 2.3104e+004 2.8863e+004 8.7709e+004 3.6542e+004
          17 7.4554e+001 4.6895e+002 3.2209e+004 4.8667e+004 6.8695e+004 3.5781e+004 9.4232e+004
          18 4.2970e+000 7.1375e+000 9.3600e+002 1.3560e+003 1.9171e+003 8.2470e+002 2.7019e+003
          19 1.7329e+001 2.0874e+000 1.6900e+003 2.2456e+003 3.1803e+003 9.5021e+002 4.7502e+003
          20 5.7523e+001 4.6201e-002 3.7438e+003 4.6373e+003 6.5765e+003 1.4832e+003 1.0310e+004
          21 7.6894e+001 8.4980e-001 4.0385e+003 4.7662e+003 6.7685e+003 1.2598e+003 1.0973e+004
          22 4.0393e+001 1.0181e+000 1.9228e+003 2.2123e+003 3.1445e+003 5.2881e+002 5.1887e+003
