   v'->v''           0           1           2           3           4           5           6           7           8           9          10          11          12          13          14          15          16          17          18          19          20          21          22          23          24          25          26          27          28          29          30
           0 5.3413e+005 5.6971e+000 2.5543e+001 2.9347e-002 4.3992e-012 0.0000e+000 0.0000e+000 0.0000e+000 0.0000e+000 0.0000e+000 0.0000e+000 0.0000e+000 0.0000e+000 0.0000e+000 0.0000e+000 0.0000e+000 0.0000e+000 0.0000e+000 0.0000e+000 0.0000e+000 0.0000e+000 0.0000e+000 0.0000e+000 0.0000e+000 0.0000e+000 0.0000e+000 0.0000e+000 0.0000e+000 0.0000e+000 0.0000e+000 0.0000e+000
           1 7.3255e+001 5.6172e+005 3.4233e+002 1.6287e+002 8.3482e-001 1.4148e-004 0.0000e+000 0.0000e+000 0.0000e+000 0.0000e+000 0.0000e+000 0.0000e+000 0.0000e+000 0.0000e+000 0.0000e+000 0.0000e+000 0.0000e+000 0.0000e+000 0.0000e+000 0.0000e+000 0.0000e+000 0.0000e+000 0.0000e+000 0.0000e+000 0.0000e+000 0.0000e+000 0.0000e+000 0.0000e+000 0.0000e+000 0.0000e+000 0.0000e+000
           2 6.1620e+002 1.4186e+002 6.2136e+005 3.0054e+003 7.2434e+002 3.9797e+000 3.9014e-003 0.0000e+000 0.0000e+000 0.0000e+000 0.0000e+000 0.0000e+000 0.0000e+000 0.0000e+000 0.0000e+000 0.0000e+000 0.0000e+000 0.0000e+000 0.0000e+000 0.0000e+000 0.0000e+000 0.0000e+000 0.0000e+000 0.0000e+000 0.0000e+000 0.0000e+000 0.0000e+000 0.0000e+000 0.0000e+000 0.0000e+000 0.0000e+000
           3 3.2874e+000 3.0323e+003 3.3618e+003 7.3558e+005 1.4055e+004 2.0499e+003 5.3986e-001 3.3773e-001 0.0000e+000 0.0000e+000 0.0000e+000 0.0000e+000 0.0000e+000 0.0000e+000 0.0000e+000 0.0000e+000 0.0000e+000 0.0000e+000 0.0000e+000 0.0000e+000 0.0000e+000 0.0000e+000 0.0000e+000 0.0000e+000 0.0000e+000 0.0000e+000 0.0000e+000 0.0000e+000 0.0000e+000 0.0000e+000 0.0000e+000
           4 3.7316e+000 3.7291e+001 8.9883e+003 1.4330e+004 8.9250e+005 3.7577e+004 3.1038e+003 2.3999e+001 1.3674e+000 0.0000e+000 0.0000e+000 0.0000e+000 0.0000e+000 0.0000e+000 0.0000e+000 0.0000e+000 0.0000e+000 0.0000e+000 0.0000e+000 0.0000e+000 0.0000e+000 0.0000e+000 0.0000e+000 0.0000e+000 0.0000e+000 0.0000e+000 0.0000e+000 0.0000e+000 0.0000e+000 0.0000e+000 0.0000e+000
           5 2.1410e+000 7.7384e-001 1.3336e+001 1.2000e+004 2.1236e+004 1.0054e+006 6.1840e+004 3.0049e+003 1.0972e+002 8.2225e-001 0.0000e+000 0.0000e+000 0.0000e+000 0.0000e+000 0.0000e+000 0.0000e+000 0.0000e+000 0.0000e+000 0.0000e+000 0.0000e+000 0.0000e+000 0.0000e+000 0.0000e+000 0.0000e+000 0.0000e+000 0.0000e+000 0.0000e+000 0.0000e+000 0.0000e+000 0.0000e+000 0.0000e+000
           6 1.3746e+000 7.4431e+001 4.6250e+002 3.2856e+003 3.3596e+003 1.1454e+004 1.0437e+006 8.3076e+004 2.7855e+003 2.0038e+002 1.6415e-002 0.0000e+000 0.0000e+000 0.0000e+000 0.0000e+000 0.0000e+000 0.0000e+000 0.0000e+000 0.0000e+000 0.0000e+000 0.0000e+000 0.0000e+000 0.0000e+000 0.0000e+000 0.0000e+000 0.0000e+000 0.0000e+000 0.0000e+000 0.0000e+000 0.0000e+000 0.0000e+000
           7 1.5704e-002 1.0275e+000 1.7747e+002 1.9160e+003 1.5879e+004 4.1782e+002 2.3732e+003 1.0643e+006 1.0587e+005 2.5354e+003 2.8996e+002 1.2062e+000 1.1716e-007 0.0000e+000 0.0000e+000 0.0000e+000 0.0000e+000 0.0000e+000 0.0000e+000 0.0000e+000 0.0000e+000 0.0000e+000 0.0000e+000 0.0000e+000 0.0000e+000 0.0000e+000 0.0000e+000 0.0000e+000 0.0000e+000 0.0000e+000 0.0000e+000
           8 8.0870e-001 1.2823e+001 1.9916e+002 2.9748e+002 6.9723e+001 1.8797e+004 4.8054e+003 4.7130e+001 1.0699e+006 1.2906e+005 2.3140e+003 3.5609e+002 6.6771e+000 4.2877e-003 0.0000e+000 0.0000e+000 0.0000e+000 0.0000e+000 0.0000e+000 0.0000e+000 0.0000e+000 0.0000e+000 0.0000e+000 0.0000e+000 0.0000e+000 0.0000e+000 0.0000e+000 0.0000e+000 0.0000e+000 0.0000e+000 0.0000e+000
           9 1.5526e-002 3.5663e-001 2.1812e+001 8.8516e+002 3.8886e+003 4.2852e+003 1.1004e+004 9.5672e+003 3.9793e+003 1.0658e+006 1.5371e+005 2.1278e+003 4.0116e+002 1.8004e+001 1.5960e-004 0.0000e+000 0.0000e+000 0.0000e+000 0.0000e+000 0.0000e+000 0.0000e+000 0.0000e+000 0.0000e+000 0.0000e+000 0.0000e+000 0.0000e+000 0.0000e+000 0.0000e+000 0.0000e+000 0.0000e+000 0.0000e+000
          10 1.1061e-001 6.2296e+000 1.0949e+002 5.2311e+002 7.2991e+001 2.2373e+003 1.2160e+004 3.7667e+003 1.1520e+004 1.3064e+004 1.0547e+006 1.8035e+005 2.0132e+003 4.2738e+002 3.4326e+001 8.8615e-002 0.0000e+000 0.0000e+000 0.0000e+000 0.0000e+000 0.0000e+000 0.0000e+000 0.0000e+000 0.0000e+000 0.0000e+000 0.0000e+000 0.0000e+000 0.0000e+000 0.0000e+000 0.0000e+000 0.0000e+000
          11 8.1556e-003 1.2836e+000 2.6720e+000 7.9018e+001 1.7738e+003 3.5851e+003 2.8664e+001 1.5803e+004 2.2995e+002 1.0627e+004 2.6537e+004 1.0372e+006 2.0884e+005 1.9107e+003 4.3997e+002 5.4857e+001 8.4141e-001 0.0000e+000 0.0000e+000 0.0000e+000 0.0000e+000 0.0000e+000 0.0000e+000 0.0000e+000 0.0000e+000 0.0000e+000 0.0000e+000 0.0000e+000 0.0000e+000 0.0000e+000 0.0000e+000
          12 2.2328e-002 5.9025e-001 4.6739e+001 4.5167e+002 1.1121e+003 2.3396e-002 3.9720e+003 3.4464e+003 1.2881e+004 5.6654e+002 7.8236e+003 4.3053e+004 1.0142e+006 2.3998e+005 1.8632e+003 4.3895e+002 7.7659e+001 3.3171e+000 3.5982e-004 0.0000e+000 0.0000e+000 0.0000e+000 0.0000e+000 0.0000e+000 0.0000e+000 0.0000e+000 0.0000e+000 0.0000e+000 0.0000e+000 0.0000e+000 0.0000e+000
          13 7.0309e-003 2.3746e+000 4.2179e+001 8.9631e+001 1.8280e+001 1.9088e+003 2.1627e+003 1.0142e+003 9.3866e+003 7.2747e+003 2.8304e+003 4.3806e+003 6.2045e+004 9.8398e+005 2.7413e+005 1.8845e+003 4.2833e+002 9.8622e+001 8.7493e+000 5.8250e-002 0.0000e+000 0.0000e+000 0.0000e+000 0.0000e+000 0.0000e+000 0.0000e+000 0.0000e+000 0.0000e+000 0.0000e+000 0.0000e+000 0.0000e+000
          14 9.0741e-003 1.1517e+000 2.8547e-001 5.1243e+001 7.5168e+002 1.5666e+003 2.9046e+001 4.0583e+003 2.6193e+002 1.2392e+004 2.4146e+003 5.0744e+003 1.5092e+003 8.3949e+004 9.4288e+005 3.1180e+005 1.9970e+003 4.1652e+002 1.1379e+002 1.7659e+001 6.2769e-001 7.0996e-006 0.0000e+000 0.0000e+000 0.0000e+000 0.0000e+000 0.0000e+000 0.0000e+000 0.0000e+000 0.0000e+000 0.0000e+000
          15 3.6412e-002 1.6956e-003 1.9121e+001 1.9960e+002 5.8505e+002 7.3306e+001 1.6226e+003 1.5033e+003 2.0597e+003 3.7123e+003 1.0771e+004 1.2910e+002 6.0856e+003 6.7034e+001 1.0981e+005 8.8490e+005 3.5254e+005 2.2457e+003 4.0442e+002 1.2335e+002 2.8898e+001 2.7322e+000 4.2011e-002 0.0000e+000 0.0000e+000 0.0000e+000 0.0000e+000 0.0000e+000 0.0000e+000 0.0000e+000 0.0000e+000
          16 3.4476e-002 6.1048e-001 2.6330e+001 1.0661e+002 4.3834e+001 3.8167e+002 1.7268e+003 2.4814e+001 3.5041e+003 2.6032e+001 8.0150e+003 6.5211e+003 4.4983e+002 5.4514e+003 6.1403e+002 1.4159e+005 7.9831e+005 3.9621e+005 2.9550e+003 3.5382e+002 1.3140e+002 3.9258e+001 7.4011e+000 5.9185e-001 6.5510e-003 0.0000e+000 0.0000e+000 0.0000e+000 0.0000e+000 0.0000e+000 0.0000e+000
          17 2.0670e-002 9.6517e-001 7.9961e+000 4.1344e+000 9.2413e+001 8.7846e+002 4.1559e+002 1.2078e+003 1.3456e+003 2.1444e+003 1.5394e+003 8.9895e+003 2.0974e+003 2.0901e+003 3.4840e+003 3.7277e+003 1.8459e+005 6.4927e+005 4.4151e+005 5.8764e+003 1.4509e+002 1.6863e+002 3.7060e+001 1.5087e+001 2.4732e+000 2.5831e-001 1.2193e-002 1.8913e-005 0.0000e+000 0.0000e+000 0.0000e+000
