   v'->v''           0           1           2           3           4           5           6           7           8           9          10          11          12          13          14          15          16          17          18          19          20          21          22          23
           0 5.6238e+006 7.0398e+004 8.8299e+000 4.5332e+000 7.0861e-002 9.8585e-004 5.4604e-004 1.9000e-003 3.2259e-007 4.7062e-004 2.2487e-004 2.1589e-004 1.0011e-004 6.6350e-006 1.4043e-004 1.5015e-004 5.4774e-005 6.8681e-006 9.7221e-008 6.9292e-012 0.0000e+000 0.0000e+000 0.0000e+000 0.0000e+000
           1 2.3590e+005 5.0147e+006 1.3180e+005 8.8765e+001 3.0311e+001 4.3188e-001 7.2547e-003 3.6514e-003 6.4050e-004 2.7335e-003 1.2618e-003 8.6310e-004 3.7847e-003 2.9274e-003 9.3073e-004 3.6610e-005 1.1380e-004 2.6648e-004 1.8358e-004 6.0395e-005 9.4698e-006 5.1135e-007 1.7053e-009 0.0000e+000
           2 7.8419e+003 4.7682e+005 4.3748e+006 1.7934e+005 4.4675e+002 1.2598e+002 2.6634e+000 3.2833e-003 1.2642e-002 4.8878e-005 2.2910e-002 1.7207e-002 4.8654e-003 2.6517e-005 4.1319e-003 5.7050e-003 2.3656e-003 2.0164e-004 6.4592e-005 2.3741e-004 1.8839e-004 8.3924e-005 2.6378e-005 6.6217e-006
           3 3.6864e+002 2.4832e+004 7.2142e+005 3.7031e+006 2.0785e+005 1.6836e+003 4.2862e+002 1.3237e+001 3.6184e-001 4.7168e-002 8.3894e-003 2.5879e-003 2.3203e-002 2.1268e-002 1.9384e-003 8.6723e-004 3.8361e-003 3.5073e-003 1.0860e-003 7.5440e-006 2.8887e-004 5.5871e-004 4.6993e-004 2.5887e-004
           4 1.9992e+001 1.6074e+003 5.2225e+004 9.7023e+005 2.9983e+006 2.1143e+005 5.3860e+003 1.4160e+003 5.2186e+001 1.5591e+000 9.0785e-003 1.7562e-001 2.2212e-005 1.2931e-003 2.3062e-002 2.1984e-002 2.1277e-008 1.2228e-002 1.4540e-002 5.8847e-003 8.2125e-004 1.2669e-005 3.5204e-004 4.5349e-004
           5 2.8221e+000 1.2350e+002 4.4255e+003 9.1494e+004 1.2222e+006 2.2680e+006 1.8305e+005 1.5722e+004 4.3222e+003 2.4466e+002 4.3471e+000 2.9388e-002 1.6688e-003 8.9187e-002 1.5768e-002 4.7467e-002 2.8775e-002 6.8406e-003 1.6869e-003 1.6675e-002 2.0095e-002 1.0804e-002 3.1579e-003 4.7054e-004
           6 1.2742e-001 1.3507e+001 4.2483e+002 9.6804e+003 1.4558e+005 1.4748e+006 1.5312e+006 1.2265e+005 4.4399e+004 1.2995e+004 9.0978e+002 2.5719e+001 4.1277e-001 8.8727e-001 1.1073e-002 4.2948e-002 3.2548e-002 1.4805e-001 4.0370e-002 4.7481e-004 1.6422e-002 2.1913e-002 1.6801e-002 9.3066e-003
           7 7.6875e-003 1.4648e+000 4.5375e+001 1.1502e+003 1.8924e+004 2.2083e+005 1.7063e+006 8.2751e+005 4.3708e+004 1.1944e+005 3.9771e+004 3.5500e+003 6.9760e+001 2.3721e+000 8.7556e-001 4.2385e-001 6.5601e-003 1.7609e-003 2.5165e-002 1.3069e-001 1.0470e-001 1.1355e-002 6.9801e-003 2.4713e-002
           8 6.2317e-002 1.4175e-001 5.4597e+000 1.5579e+002 2.8851e+003 3.3984e+004 3.2775e+005 1.8663e+006 2.6901e+005 3.0585e+002 3.1437e+005 1.1843e+005 1.2847e+004 2.6441e+002 2.3850e+001 1.3528e+000 8.4586e-001 1.1922e+000 3.8309e-004 3.7757e-001 3.3541e-001 1.4333e-001 4.4048e-002 8.4908e-003
           9 1.7949e-002 2.5401e-003 7.5134e-001 3.0970e+001 4.7750e+002 6.3007e+003 5.7889e+004 4.9572e+005 1.8392e+006 7.8501e+003 1.1053e+005 7.7452e+005 3.3855e+005 4.2031e+004 6.8887e+002 6.5146e+001 2.6536e+000 1.8412e-001 1.8284e-003 4.3418e-001 9.3558e-002 1.1444e-001 3.5202e-001 2.5811e-001
          10 1.5447e-002 3.5574e-002 2.9257e-001 8.6577e+000 9.5132e+001 1.1794e+003 1.3407e+004 9.9618e+004 7.5174e+005 1.4368e+006 8.3754e+004 4.8396e+005 1.6865e+006 8.5763e+005 1.2127e+005 1.3846e+003 4.2941e+002 8.3437e-001 4.9098e+000 8.7123e+000 1.4558e+000 6.4174e-004 1.2592e-001 1.2614e-001
          11 6.7182e-002 7.8463e-002 3.6415e-001 3.1729e+000 1.8599e+001 2.7018e+002 3.3164e+003 2.7257e+004 1.8014e+005 1.0890e+006 7.2321e+005 2.1029e+005 9.2845e+005 2.9918e+006 1.7646e+006 2.5152e+005 9.2686e+002 1.1737e+003 2.0640e+001 5.1518e+000 1.1085e+001 1.3637e+000 1.0074e-001 3.2829e-001
          12 5.9233e-002 2.9027e-002 5.1154e-001 1.0809e+000 2.8107e+000 7.5136e+001 9.1425e+002 8.1554e+003 5.0508e+004 3.4600e+005 1.3049e+006 1.3132e+005 1.1886e+005 1.0601e+006 4.2911e+006 2.9536e+006 4.0090e+005 1.1413e+002 2.4637e+003 3.6740e+002 1.0857e+001 1.0202e+001 1.3109e+001 6.0616e+000
          13 2.5600e-002 6.0960e-003 5.4903e-001 1.2136e-001 4.0991e-001 2.4940e+001 2.7870e+002 2.4011e+003 1.7530e+004 9.6081e+004 6.3256e+005 1.0816e+006 7.9904e+003 1.4236e+003 8.2484e+005 5.3672e+006 4.2407e+006 4.8392e+005 7.5923e+003 2.5290e+003 1.1934e+003 1.6031e+002 2.6992e+000 2.5695e+000
          14 7.0889e-003 1.2091e-001 3.9556e-001 7.0671e-002 1.6858e-001 1.1384e+001 7.6839e+001 7.1321e+002 6.4627e+003 3.3176e+004 1.9040e+005 9.4169e+005 5.2831e+005 1.1912e+005 9.0521e+004 4.4943e+005 6.1713e+006 5.5287e+006 4.4960e+005 4.0772e+004 3.1216e+002 1.7719e+003 8.8416e+002 2.5054e+002
          15 1.3299e-003 2.9641e-001 1.4637e-001 4.2330e-001 2.5661e-001 6.2495e+000 1.7879e+001 2.1869e+002 2.3552e+003 1.3946e+004 5.7434e+004 3.8992e+005 1.0172e+006 9.1525e+004 1.3576e+005 3.1948e+005 1.7001e+005 6.9047e+006 6.6216e+006 2.7516e+005 1.0387e+005 3.6951e+003 3.9279e+002 8.8807e+002
          16 1.3332e-005 3.9476e-001 2.6207e-003 5.4093e-001 4.8907e-001 2.5252e+000 4.2311e+000 7.9372e+001 8.1121e+002 5.7381e+003 2.3510e+004 1.2058e+005 6.6729e+005 6.8655e+005 5.2549e+003 4.2422e+004 4.9717e+005 3.4598e+004 7.8196e+006 7.3785e+006 4.9340e+004 1.5494e+005 3.2942e+004 3.8306e+003
          17 3.6189e-003 3.6641e-001 8.1343e-002 3.2809e-001 7.3242e-001 3.3442e-001 1.3802e+000 4.2401e+001 2.6933e+002 2.0564e+003 1.2097e+004 4.1437e+004 2.6359e+005 8.0902e+005 2.4464e+005 7.8924e+004 9.7726e+002 5.2264e+005 2.1049e+003 9.1530e+006 7.4046e+006 6.1043e+004 9.4387e+004 6.4376e+004
          18 1.9115e-002 2.5279e-001 3.0398e-001 7.7438e-002 7.6885e-001 7.0976e-002 7.1242e-001 2.9291e+001 9.3456e+001 6.8215e+002 6.1726e+003 1.9505e+004 8.6545e+004 4.8984e+005 6.3427e+005 1.4037e+004 9.2377e+004 6.8651e+004 4.2565e+005 7.1036e+002 1.1222e+007 6.1364e+006 6.8669e+005 4.1310e+003
          19 5.0073e-002 1.2530e-001 4.9418e-001 1.1135e-003 5.3165e-001 5.6802e-001 6.0764e-001 1.8623e+001 3.5389e+001 2.5931e+002 2.8277e+003 1.0906e+004 3.1952e+004 2.1308e+005 6.1865e+005 2.5609e+005 2.4701e+004 2.9773e+004 1.7956e+005 2.7191e+005 2.8971e+004 1.4125e+007 3.2220e+006 1.5066e+006
          20 8.7061e-002 3.6882e-002 5.4067e-001 7.9762e-002 2.1209e-001 7.8288e-001 7.5451e-001 8.8746e+000 1.3920e+001 1.3480e+002 1.1946e+003 6.0091e+003 1.5617e+004 8.2365e+004 3.9046e+005 4.5319e+005 2.3622e+004 6.5372e+004 7.1882e+002 2.4018e+005 1.3046e+005 2.9908e+005 1.7122e+007 1.9374e+005
          21 1.1196e-001 2.1677e-003 4.5405e-001 1.8596e-001 2.7034e-002 6.0742e-001 9.8311e-001 2.8404e+000 5.4050e+000 8.8434e+001 4.9672e+002 3.0986e+003 9.3607e+003 3.3177e+004 1.9785e+005 4.2729e+005 1.4611e+005 1.3530e+004 3.3498e+004 4.4636e+004 2.1477e+005 2.9996e+004 1.6157e+006 1.6289e+007
          22 1.1111e-001 3.4901e-003 3.0896e-001 2.2567e-001 4.9972e-003 3.2952e-001 1.0622e+000 5.0972e-001 2.1326e+000 5.9586e+001 2.1112e+002 1.5192e+003 5.8372e+003 1.4924e+004 9.0606e+004 2.9395e+005 2.1500e+005 2.3535e+003 3.8982e+004 1.7599e+001 9.9794e+004 1.2776e+005 8.5910e+003 6.2956e+006
          23 8.2787e-002 1.1731e-002 1.6999e-001 1.8033e-001 3.5661e-002 1.3473e-001 8.4129e-001 2.5205e-002 8.8525e-001 3.4973e+001 8.8775e+001 6.9720e+002 3.2767e+003 7.0002e+003 3.8753e+004 1.6110e+005 1.7778e+005 1.8675e+004 1.7675e+004 7.5692e+003 2.4659e+004 8.9197e+004 4.0879e+004 4.8194e+005
          24 3.9362e-002 9.1885e-003 6.6930e-002 8.7489e-002 3.1113e-002 4.1152e-002 4.1088e-001 1.4605e-003 3.2294e-001 1.4601e+001 3.1013e+001 2.5526e+002 1.3440e+003 2.6785e+003 1.3558e+004 6.3611e+004 8.5985e+004 1.6303e+004 4.8069e+003 6.4173e+003 4.3365e+003 3.3205e+004 2.7803e+004 4.5340e+003
