   v'->v''           0           1           2           3           4           5           6           7           8           9          10          11          12          13          14          15          16          17          18          19          20          21          22          23          24          25          26          27          28          29          30
           0 3.4393e+006 9.9497e+003 3.1766e-001 1.6316e-003 0.0000e+000 0.0000e+000 0.0000e+000 0.0000e+000 0.0000e+000 0.0000e+000 0.0000e+000 0.0000e+000 0.0000e+000 0.0000e+000 0.0000e+000 0.0000e+000 0.0000e+000 0.0000e+000 0.0000e+000 0.0000e+000 0.0000e+000 0.0000e+000 0.0000e+000 0.0000e+000 0.0000e+000 0.0000e+000 0.0000e+000 0.0000e+000 0.0000e+000 0.0000e+000 0.0000e+000
           1 1.0038e+004 3.4057e+006 2.2541e+004 2.4652e+000 1.2927e-002 0.0000e+000 0.0000e+000 0.0000e+000 0.0000e+000 0.0000e+000 0.0000e+000 0.0000e+000 0.0000e+000 0.0000e+000 0.0000e+000 0.0000e+000 0.0000e+000 0.0000e+000 0.0000e+000 0.0000e+000 0.0000e+000 0.0000e+000 0.0000e+000 0.0000e+000 0.0000e+000 0.0000e+000 0.0000e+000 0.0000e+000 0.0000e+000 0.0000e+000 0.0000e+000
           2 1.7816e+001 2.3595e+004 3.3620e+006 3.8587e+004 1.2366e+001 7.2036e-002 0.0000e+000 0.0000e+000 0.0000e+000 0.0000e+000 0.0000e+000 0.0000e+000 0.0000e+000 0.0000e+000 0.0000e+000 0.0000e+000 0.0000e+000 0.0000e+000 0.0000e+000 0.0000e+000 0.0000e+000 0.0000e+000 0.0000e+000 0.0000e+000 0.0000e+000 0.0000e+000 0.0000e+000 0.0000e+000 0.0000e+000 0.0000e+000 0.0000e+000
           3 4.3521e-002 8.3817e+001 4.1915e+004 3.3022e+006 5.9460e+004 4.9101e+001 3.0981e-001 0.0000e+000 0.0000e+000 0.0000e+000 0.0000e+000 0.0000e+000 0.0000e+000 0.0000e+000 0.0000e+000 0.0000e+000 0.0000e+000 0.0000e+000 0.0000e+000 0.0000e+000 0.0000e+000 0.0000e+000 0.0000e+000 0.0000e+000 0.0000e+000 0.0000e+000 0.0000e+000 0.0000e+000 0.0000e+000 0.0000e+000 0.0000e+000
           4 1.2434e-001 2.4857e-002 2.3158e+002 6.7616e+004 3.2178e+006 8.7123e+004 1.6427e+002 1.1507e+000 1.8171e-008 0.0000e+000 0.0000e+000 0.0000e+000 0.0000e+000 0.0000e+000 0.0000e+000 0.0000e+000 0.0000e+000 0.0000e+000 0.0000e+000 0.0000e+000 0.0000e+000 0.0000e+000 0.0000e+000 0.0000e+000 0.0000e+000 0.0000e+000 0.0000e+000 0.0000e+000 0.0000e+000 0.0000e+000 0.0000e+000
           5 1.5989e-001 1.2270e+000 8.7455e-001 5.0733e+002 1.0500e+005 3.0959e+006 1.2433e+005 4.9136e+002 4.0831e+000 3.9575e-005 0.0000e+000 0.0000e+000 0.0000e+000 0.0000e+000 0.0000e+000 0.0000e+000 0.0000e+000 0.0000e+000 0.0000e+000 0.0000e+000 0.0000e+000 0.0000e+000 0.0000e+000 0.0000e+000 0.0000e+000 0.0000e+000 0.0000e+000 0.0000e+000 0.0000e+000 0.0000e+000 0.0000e+000
           6 1.8806e-001 7.4292e-001 1.3419e+000 6.0151e+000 1.0228e+003 1.6090e+005 2.9153e+006 1.7510e+005 1.3959e+003 1.4837e+001 1.5851e-003 0.0000e+000 0.0000e+000 0.0000e+000 0.0000e+000 0.0000e+000 0.0000e+000 0.0000e+000 0.0000e+000 0.0000e+000 0.0000e+000 0.0000e+000 0.0000e+000 0.0000e+000 0.0000e+000 0.0000e+000 0.0000e+000 0.0000e+000 0.0000e+000 0.0000e+000 0.0000e+000
           7 3.2785e-002 1.0255e+000 3.7290e-002 8.1294e-001 2.3119e+001 2.0571e+003 2.4843e+005 2.6377e+006 2.4458e+005 3.8277e+003 5.4409e+001 1.9588e-002 0.0000e+000 0.0000e+000 0.0000e+000 0.0000e+000 0.0000e+000 0.0000e+000 0.0000e+000 0.0000e+000 0.0000e+000 0.0000e+000 0.0000e+000 0.0000e+000 0.0000e+000 0.0000e+000 0.0000e+000 0.0000e+000 0.0000e+000 0.0000e+000 0.0000e+000
           8 4.7566e-002 4.3044e-002 6.2568e-001 3.8221e-001 1.1253e+000 7.1407e+001 4.4630e+003 3.9202e+005 2.2083e+006 3.3257e+005 9.7129e+003 1.7919e+002 1.3711e-001 0.0000e+000 0.0000e+000 0.0000e+000 0.0000e+000 0.0000e+000 0.0000e+000 0.0000e+000 0.0000e+000 0.0000e+000 0.0000e+000 0.0000e+000 0.0000e+000 0.0000e+000 0.0000e+000 0.0000e+000 0.0000e+000 0.0000e+000 0.0000e+000
           9 6.5478e-002 6.5142e-001 1.0319e-001 6.1499e-001 1.8758e-001 1.1818e-001 1.9609e+002 1.1121e+004 6.1785e+005 1.6041e+006 4.1798e+005 2.1455e+004 5.2781e+002 7.5319e-001 0.0000e+000 0.0000e+000 0.0000e+000 0.0000e+000 0.0000e+000 0.0000e+000 0.0000e+000 0.0000e+000 0.0000e+000 0.0000e+000 0.0000e+000 0.0000e+000 0.0000e+000 0.0000e+000 0.0000e+000 0.0000e+000 0.0000e+000
          10 6.7712e-002 2.8381e-002 2.3908e-001 1.6827e-002 2.1402e+000 1.6113e-002 6.1490e+000 4.0988e+002 3.3658e+004 9.0432e+005 8.9621e+005 4.5539e+005 3.9670e+004 1.2908e+003 2.3844e+000 0.0000e+000 0.0000e+000 0.0000e+000 0.0000e+000 0.0000e+000 0.0000e+000 0.0000e+000 0.0000e+000 0.0000e+000 0.0000e+000 0.0000e+000 0.0000e+000 0.0000e+000 0.0000e+000 0.0000e+000 0.0000e+000
          11 5.8688e-003 4.8859e-001 1.2475e-001 3.1826e-003 2.7204e-001 1.5868e+000 3.9963e-001 6.6357e+001 1.0190e+003 1.0839e+005 1.1431e+006 3.0866e+005 3.9792e+005 5.5685e+004 2.2126e+003 3.7041e+000 0.0000e+000 0.0000e+000 0.0000e+000 0.0000e+000 0.0000e+000 0.0000e+000 0.0000e+000 0.0000e+000 0.0000e+000 0.0000e+000 0.0000e+000 0.0000e+000 0.0000e+000 0.0000e+000 0.0000e+000
          12 8.8042e-002 8.1614e-002 4.9612e-001 8.2261e-002 2.2411e-001 9.7972e-001 3.3216e+000 2.4559e+000 1.5220e+002 4.6475e+003 2.8166e+005 1.1326e+006 3.3842e+004 2.7763e+005 6.1903e+004 2.9342e+003 3.8749e+000 0.0000e+000 0.0000e+000 0.0000e+000 0.0000e+000 0.0000e+000 0.0000e+000 0.0000e+000 0.0000e+000 0.0000e+000 0.0000e+000 0.0000e+000 0.0000e+000 0.0000e+000 0.0000e+000
          13 5.4119e-002 1.0932e-001 1.1019e-001 3.8171e-002 4.4727e-002 2.8922e-004 1.2942e+000 5.3948e+000 6.3787e+001 2.0672e+002 2.4258e+004 5.4715e+005 8.2046e+005 9.6473e+003 1.5870e+005 5.8882e+004 3.2699e+003 3.0130e+000 0.0000e+000 0.0000e+000 0.0000e+000 0.0000e+000 0.0000e+000 0.0000e+000 0.0000e+000 0.0000e+000 0.0000e+000 0.0000e+000 0.0000e+000 0.0000e+000 0.0000e+000
          14 5.9547e-005 2.2119e-001 1.1892e-002 1.3803e-002 8.8697e-002 3.0785e-003 5.0456e-005 4.1781e+000 6.3430e-001 1.1874e+002 8.7086e+002 9.4252e+004 7.6225e+005 4.2022e+005 7.3228e+004 7.4181e+004 5.0735e+004 3.3243e+003 2.1224e+000 0.0000e+000 0.0000e+000 0.0000e+000 0.0000e+000 0.0000e+000 0.0000e+000 0.0000e+000 0.0000e+000 0.0000e+000 0.0000e+000 0.0000e+000 0.0000e+000
          15 3.2483e-002 8.8876e-003 2.9024e-002 8.1531e-002 5.2502e-002 4.2819e-001 2.5349e-004 6.9585e-002 1.2272e+001 4.2704e+001 1.2361e+002 6.0191e+003 2.5038e+005 7.7530e+005 1.3095e+005 1.1932e+005 2.6541e+004 4.0808e+004 3.1870e+003 1.4555e+000 0.0000e+000 0.0000e+000 0.0000e+000 0.0000e+000 0.0000e+000 0.0000e+000 0.0000e+000 0.0000e+000 0.0000e+000 0.0000e+000 0.0000e+000
          16 5.3336e-002 1.7133e-001 2.3027e-003 4.6148e-002 1.6698e-002 4.0232e-001 2.8429e-001 9.3081e-002 8.9772e+000 5.9047e-001 1.0119e+002 1.8531e+002 3.6494e+004 4.4650e+005 5.7597e+005 1.1282e+004 1.2088e+005 5.6284e+003 3.1189e+004 2.9701e+003 1.0899e+000 0.0000e+000 0.0000e+000 0.0000e+000 0.0000e+000 0.0000e+000 0.0000e+000 0.0000e+000 0.0000e+000 0.0000e+000 0.0000e+000
          17 2.7739e-002 4.8728e-001 5.4210e-002 3.1164e-003 6.1459e-002 3.9551e-006 3.8726e-001 8.8935e-002 9.4032e-001 3.6719e+000 3.2061e+001 8.7230e+001 2.1341e+003 1.2704e+005 5.5898e+005 3.0241e+005 7.2331e+003 9.2066e+004 7.4118e+001 2.2771e+004 2.7330e+003 9.7993e-001 0.0000e+000 0.0000e+000 0.0000e+000 0.0000e+000 0.0000e+000 0.0000e+000 0.0000e+000 0.0000e+000 0.0000e+000
          18 4.1485e-003 4.3000e-001 4.5128e-002 2.2167e-003 1.6380e-003 3.3668e-001 3.3352e-002 7.9204e-001 2.1646e-002 5.1738e+000 5.6027e-001 1.1570e+002 4.4002e+001 1.9529e+004 2.7453e+005 4.9852e+005 9.4001e+004 4.0084e+004 5.4335e+004 1.4668e+003 1.5730e+004 2.5000e+003 1.0834e+000 0.0000e+000 0.0000e+000 0.0000e+000 0.0000e+000 0.0000e+000 0.0000e+000 0.0000e+000 0.0000e+000
          19 1.3653e-004 1.5469e-001 6.5831e-004 4.2765e-003 6.1540e-002 5.0083e-001 7.0344e-002 8.6731e-001 9.1735e-002 4.1478e+000 3.4005e+000 6.1100e+001 2.3584e+001 1.4152e+003 8.5095e+004 3.8605e+005 3.0425e+005 6.7437e+003 5.8727e+004 2.3524e+004 4.6414e+003 1.0010e+004 2.2667e+003 1.4553e+000 0.0000e+000 0.0000e+000 0.0000e+000 0.0000e+000 0.0000e+000 0.0000e+000 0.0000e+000
          20 1.5222e-003 6.1979e-003 3.8351e-002 1.7438e-003 1.5884e-001 2.2592e-001 1.5644e-001 3.7122e-001 2.6818e-002 2.9409e+000 5.3368e+000 1.1773e+001 6.9464e+001 2.4488e+001 1.8021e+004 1.9783e+005 3.5684e+005 1.0865e+005 6.9624e+003 5.0268e+004 5.8427e+003 6.8953e+003 5.5192e+003 2.0089e+003 2.3252e+000 0.0000e+000 0.0000e+000 0.0000e+000 0.0000e+000 0.0000e+000 0.0000e+000
          21 7.9214e-004 2.7459e-002 1.2096e-001 3.5132e-004 1.3739e-001 2.3441e-002 6.7132e-002 6.3091e-002 2.8756e-003 1.6360e+000 3.3011e+000 1.0427e-002 7.6943e+001 3.8129e-001 2.6180e+003 7.8316e+004 2.6787e+005 2.0022e+005 1.0388e+004 2.8226e+004 2.6708e+004 1.2322e+002 7.0582e+003 2.2466e+003 1.6663e+003 4.2311e+000 0.0000e+000 0.0000e+000 0.0000e+000 0.0000e+000 0.0000e+000
          22 6.9290e-006 8.5472e-002 1.5608e-001 1.0999e-004 6.0288e-002 5.6715e-003 2.9382e-003 2.9404e-004 6.8969e-005 6.2637e-001 1.4175e+000 2.5594e+000 4.6680e+001 8.8203e+000 2.4040e+002 2.6511e+004 1.5568e+005 1.9952e+005 4.8293e+004 4.3161e+003 2.8033e+004 6.8058e+003 1.1551e+003 5.0022e+003 3.8665e+002 1.1543e+003 7.9010e+000 0.0000e+000 0.0000e+000 0.0000e+000 0.0000e+000
          23 2.8015e-004 9.2408e-002 1.2270e-001 1.1557e-004 1.4284e-002 2.6647e-002 5.9821e-003 6.5015e-003 2.1193e-003 1.5732e-001 5.2286e-001 3.9256e+000 1.9488e+001 1.9204e+001 1.0390e+001 8.2374e+003 7.4861e+004 1.3606e+005 5.9456e+004 1.2801e+002 1.5468e+004 1.0215e+004 7.7643e+001 2.5252e+003 1.8417e+003 2.2580e+001 4.8086e+002 1.0875e+001 0.0000e+000 0.0000e+000 0.0000e+000
          24 3.7862e-004 5.0182e-002 5.7798e-002 9.2366e-005 1.9595e-003 1.9592e-002 9.4895e-003 6.7829e-003 2.5532e-003 2.7750e-002 1.6394e-001 2.2762e+000 5.9782e+000 1.3069e+001 2.9341e-002 2.2709e+003 2.7242e+004 5.9981e+004 3.4103e+004 1.1716e+003 5.3487e+003 5.9051e+003 4.3457e+002 6.9074e+002 1.1361e+003 7.8444e+001 1.8951e+002 3.7734e+001 4.1839e+000 0.0000e+000 0.0000e+000
