   v        H2          D2          T2          HD          HT          DT     
    0    12.06523    12.01766    11.99655    12.04351    12.03548    12.00764
    1    12.37833    12.24272    12.18177    12.31669    12.29378    12.21385
    2    12.67453    12.45920    12.36121    12.57711    12.54071    12.41288
    3    12.95430    12.66730    12.53502    12.82511    12.77656    12.60490
    4    13.21802    12.86718    12.70325    13.06095    13.00155    12.79001
    5    13.46591    13.05897    12.86602    13.28483    13.21586    12.96835
    6    13.69804    13.24279    13.02339    13.49687    13.41963    13.14000
    7    13.91430    13.41871    13.17543    13.69709    13.61288    13.30502
    8    14.11432    13.58674    13.32217    13.88540    13.79561    13.46347
    9    14.29732    13.74689    13.46365    14.06160    13.96767    13.61535
   10    14.46207    13.89907    13.59987    14.22524    14.12880    13.76064
   11    14.60721    14.04316    13.73081    14.37557    14.27854    13.89929
   12    14.72997    14.17893    13.85645    14.51178    14.41618    14.03119
   13    14.82635    14.30597    13.97672    14.63286    14.54109    14.15617
   14    14.89177    14.42382    14.09152    14.73648    14.65215    14.27395
   15    14.92531    14.53216    14.20068    14.82022    14.74732    14.38414
   16    14.93754    14.63019    14.30396    14.88088    14.82448    14.48651
   17    14.94376    14.71658    14.40108    14.91700    14.88099    14.58070
   18    14.94789    14.79014    14.49196    14.93323    14.91561    14.66565
   19                14.84908    14.57624    14.94016    14.93208    14.74068
   20                14.89186    14.65313    14.94503    14.93918    14.80443
   21                14.91841    14.72223    14.94825    14.94407    14.85575
   22                14.93192    14.78255                14.94749    14.89345
   23                14.93833    14.83327                            14.91762
   24                14.94284    14.87347                            14.93073
   25                14.94625    14.90258                            14.93721
   26                14.94858    14.92122                            14.94159
   27                            14.93165                            14.94506
   28                            14.93721                            14.94760
   29                            14.94118                            14.94931
   30                            14.94441                                    
   31                            14.94690                                    
   32                            14.94868                                    
   33                            14.94989                                    
