   v        H2          D2          T2          HD          HT          DT     
    0    14.06124*   14.02655*   14.00880*   14.04644*   14.04050*   14.01827*
    1    14.11762    14.07955    14.06335    14.09964    14.09330    14.07187
    2    14.28810    14.20533*   14.16761*   14.24939    14.23557    14.18800*
    3    14.39271    14.25835    14.20533    14.32983    14.30710    14.23238
    4    14.53393    14.36166    14.29019    14.45472    14.42548    14.32697
    5    14.66132    14.44987    14.35466    14.56668    14.53067    14.40441
    6    14.77666    14.54500    14.43361    14.67619    14.63647    14.49226
    7    14.87488    14.63666    14.51015    14.77735    14.73596    14.57745
    8    14.94386    14.72222    14.58601    14.86288    14.82327    14.65928
    9                14.80078    14.65973    14.92840    14.89574    14.73689
   10                14.86866    14.72901                14.94747    14.80725
   11                14.92257    14.79315                            14.86866
   12                            14.85053                            14.91857
   13                            14.89926                            14.95396
   14                            14.93754                                    
