   v        H2          D2          T2          HD          HT          DT     
    0    14.81694    14.77986    14.76283    14.80024    14.79397    14.77181
    1    15.02945    14.95027    14.90928    14.99469    14.98139    14.93144
    2    15.19256    15.06303    15.01407    15.13040    15.10858    15.03925
    3    15.39831    15.19236    15.10419    15.30425    15.26934    15.14983
    4    15.58896    15.33471    15.22006    15.47381    15.43080    15.28034
    5    15.77621    15.47206    15.33256    15.64008    15.58843    15.40593
    6    15.94981    15.60872    15.44664    15.79859    15.74070    15.53247
    7    16.11191    15.74007    15.55838    15.94954    15.88623    15.65483
    8    16.26004    15.86640    15.66786    16.09034    16.02316    15.77381
    9    16.39280    15.98679    15.77384    16.22105    16.15160    15.88794
   10    16.50948    16.10053    15.87633    16.34081    16.27053    15.99702
   11    16.60888    16.20748    15.97467    16.44866    16.37925    16.10075
   12    16.69011    16.30710    16.06875    16.54393    16.47730    16.19863
   13    16.75323    16.39894    16.15832    16.62593    16.56401    16.29046
   14    16.79937    16.48268    16.24309    16.69427    16.63877    16.37592
   15    16.82872    16.55785    16.32288    16.74906    16.70132    16.45468
   16                16.62410    16.39749    16.79108    16.75190    16.52641
   17                16.68119    16.46667    16.82062    16.79115    16.59080
   18                16.72918    16.53015    16.83696    16.81933    16.64768
   19                16.76845    16.58776                16.83580    16.69686
   20                16.79939    16.63936                            16.73855
   21                16.82196    16.68479                            16.77305
   22                16.83566    16.72416                            16.80063
   23                            16.75769                            16.82122
   24                            16.78559                            16.83443
   25                            16.80798                                    
   26                            16.82469                                    
   27                            16.83540                                    
