   v        H2          D2          T2          HD          HT          DT     
    0    14.83575    14.79498    14.77687    14.81714    14.81025    14.78639
    1    15.10275    14.98747    14.93547    15.05043    15.03095    14.96286
    2    15.35221    15.17129    15.08830    15.27064    15.24003    15.13210
    3    15.58327    15.34625    15.23528    15.47734    15.43718    15.29401
    4    15.79391    15.51207    15.37629    15.66967    15.62178    15.44838
    5    15.98006    15.66819    15.51117    15.84560    15.79239    15.59491
    6    16.13931    15.81337    15.63959    16.00218    15.94654    15.73290
    7    16.27763    15.94589    15.76091    16.13849    16.08250    15.86112
    8    16.40386    16.06471    15.87414    16.25922    16.20200    15.97836
    9    16.51803    16.17054    15.97852    16.37068    16.31141    16.08405
   10    16.61919    16.26791    16.07356    16.47318    16.41281    16.17932
   11    16.70536    16.35896    16.15996    16.56634    16.50639    16.26805
   12    16.77354    16.44426    16.24077    16.64916    16.59127    16.35140
   13    16.81922    16.52336    16.31701    16.72003    16.66656    16.42999
   14                16.59592    16.38941    16.77692    16.73094    16.50349
   15                16.66126    16.45783    16.81672    16.78251    16.57161
   16                16.71847    16.52210    16.83584    16.81846    16.63394
   17                16.76641    16.58203                16.83585    16.68984
   18                16.80346    16.63722                            16.73854
   19                16.82748    16.68721                            16.77904
   20                            16.73150                            16.80996
   21                            16.76937                            16.82959
   22                            16.79989                                    
   23                            16.82186                                    
   24                            16.83427                                    
