   v        H2          D2          T2          HD          HT          DT     
    0    14.86043    14.81891    14.80047    14.84147    14.83446    14.81016
    1    15.13313    15.01514    14.96205    15.07952    15.05959    14.99000
    2    15.39010    15.20340    15.11825    15.30572    15.27415    15.16317
    3    15.63176    15.38381    15.26919    15.52028    15.47832    15.32977
    4    15.85868    15.55661    15.41493    15.72364    15.67249    15.48996
    5    16.07118    15.72192    15.55561    15.91601    15.85681    15.64387
    6    16.26954    15.87994    15.69129    16.09765    16.03154    15.79163
    7    16.45395    16.03075    15.82208    16.26871    16.19682    15.93333
    8    16.62449    16.17447    15.94804    16.42929    16.35274    16.06907
    9    16.78116    16.31118    16.06922    16.57947    16.49939    16.19891
   10    16.92387    16.44091    16.18568    16.71925    16.63679    16.32290
   11    17.05246    16.56371    16.29746    16.84859    16.76494    16.44109
   12    17.16657    16.67956    16.40458    16.96742    16.88379    16.55349
   13    17.26565    16.78848    16.50706    17.07558    16.99326    16.66010
   14    17.34889    16.89041    16.60492    17.17283    17.09321    16.76093
   15    17.41522    16.98530    16.69813    17.25877    17.18340    16.85595
   16    17.46359    17.07305    16.78671    17.33287    17.26348    16.94511
   17    17.49216    17.15353    16.87063    17.39447    17.33302    17.02836
   18                17.22654    16.94986    17.44287    17.39142    17.10562
   19                17.29179    17.02435    17.47716    17.43813    17.17675
   20                17.34899    17.09404    17.49616    17.47243    17.24158
   21                17.39769    17.15884    17.49974    17.49325    17.29989
   22                17.43761    17.21864                17.49949    17.35145
   23                17.46823    17.27329                            17.39590
   24                17.48880    17.32262                            17.43303
   25                17.49871    17.36644                            17.46253
   26                17.49989    17.40446                            17.48367
   27                            17.43666                            17.49625
   28                            17.46261                            17.49944
   29                            17.48194                                    
   30                            17.49437                                    
   31                            17.49918                                    
   32                            17.50002                                    
