   v        H2          D2          T2          HD          HT          DT     
    0     0.27504     0.19652     0.16167     0.23917     0.22592     0.17998
    1     0.79104     0.56765     0.46718     0.68953     0.65178     0.52006
    2     1.27809     0.92411     0.76282     1.11805     1.05820     0.84788
    3     1.73664     1.26620     1.04879     1.52514     1.44553     1.16368
    4     2.16685     1.59408     1.32523     1.91095     1.81393     1.46760
    5     2.56873     1.90780     1.59221     2.27553     2.16345     1.75972
    6     2.94214     2.20734     1.84974     2.61881     2.49406     2.04002
    7     3.28667     2.49267     2.09783     2.94068     2.80566     2.30850
    8     3.60148     2.76373     2.33642     3.24088     3.09810     2.56510
    9     3.88512     3.02042     2.56545     3.51890     3.37108     2.80975
   10     4.13553     3.26256     2.78492     3.77388     3.62401     3.04238
   11     4.34985     3.48988     2.99476     4.00463     3.85608     3.26288
   12     4.52401     3.70193     3.19490     4.20960     4.06617     3.47102
   13     4.65343     3.89810     3.38523     4.38662     4.25289     3.66648
   14     4.72986     4.07762     3.56554     4.53285     4.41419     3.84880
   15                 4.23957     3.73555     4.64544     4.54773     4.01743
   16                 4.38257     3.89489     4.71871     4.65090     4.17171
   17                 4.50504     4.04313     4.74699     4.71883     4.31076
   18                 4.60581     4.17980                 4.74664     4.43328
   19                 4.68166     4.30423                             4.53841
   20                 4.72989     4.41542                             4.62473
   21                             4.51278                             4.68984
   22                             4.59563                             4.73140
   23                             4.66194                             4.74709
   24                             4.71050                                    
   25                             4.73931                                    
