# Analytic fits to MCCC calculations of electron scattering on molecular hydrogen
# Adiabatic nuclei calculations performed with the spheroidal MCCC(210) model
# Reference: Scarlett et al. Atom. Data Nucl. Data Tables (2021)
# MCCC Database: mccc-db.org
# This file: e + H2(X1Sg,vi=1) -> e + H2(H1Sg) all bound vf + dissociative excitation (DE)
#
# Fitting function: |(x-1)/x * (a0^2*log(x)/x + a1/x + a2/x^2 + a3/x^3 + a4/x^4 + a5/x^5)|
#                   where x = energy / threshold_energy
# Yields integrated cross section in atomic units

# vf    vi  threshold (eV)   a0            a1            a2            a3            a4            a5
   0 <-  1  1.34952E+01    3.23440E-01  -2.99560E-01   1.78820E+00  -4.79270E+00   6.11090E+00  -2.80700E+00
   1 <-  1  1.37703E+01    1.37450E-01  -1.72170E-02   1.55720E-01  -2.80920E-01   2.38590E-01  -6.09110E-02
   2 <-  1  1.40194E+01    4.42630E-02   1.06590E-03   1.21290E-03   2.59520E-02  -6.04650E-02   3.95880E-02
   3 <-  1  1.42363E+01    5.80470E-03  -6.41770E-05   6.04480E-04  -1.78090E-03   2.50550E-03  -1.27740E-03
   4 <-  1  1.44362E+01    6.86490E-02  -1.34900E-02   7.93430E-02  -2.11920E-01   2.71310E-01  -1.24960E-01
   5 <-  1  1.46249E+01    5.48320E-02  -1.26310E-04   1.09640E-02   7.55650E-03  -4.32330E-02   3.45940E-02
   6 <-  1  1.47217E+01    1.28600E-13  -4.88010E-26   1.52630E-25  -1.54650E-25   1.20660E-26   3.99030E-26
   7 <-  1  1.47659E+01   -3.39880E-15   7.46840E-23  -6.88600E-22   2.45150E-21  -3.25260E-21   1.41980E-21
   8 <-  1  1.47980E+01    5.46200E-02   3.47550E-03  -7.42890E-03   7.48410E-02  -1.46550E-01   9.00510E-02
   9 <-  1  1.48102E+01    3.52680E-11  -2.81880E-21   1.73420E-20  -4.26710E-20   5.08640E-20  -2.15980E-20
  10 <-  1  1.48527E+01    7.88960E-11  -1.16580E-20   8.17560E-20  -1.83440E-19   1.89180E-19  -6.44370E-20
  11 <-  1  1.48930E+01    4.96890E-10  -1.72160E-19   1.54110E-18  -1.55790E-18  -3.99280E-19   1.26720E-18
  12 <-  1  1.49318E+01    1.21750E-08  -4.29040E-16   2.44830E-15  -6.49550E-15   8.30750E-15  -3.81820E-15
  13 <-  1  1.49550E+01    1.25190E-01  -4.70040E-02   2.66380E-01  -7.13400E-01   9.18160E-01  -4.24480E-01
  14 <-  1  1.49692E+01    1.18740E-07  -4.23000E-14   2.39490E-13  -6.40920E-13   8.24260E-13  -3.80750E-13
  15 <-  1  1.50052E+01    1.01640E-07   1.78900E-15   1.78830E-14   1.03900E-13  -2.72820E-13   1.88770E-13
  16 <-  1  1.50401E+01    4.38420E-07   4.94190E-14   2.41170E-13   2.27820E-12  -5.61430E-12   3.80640E-12
  17 <-  1  1.50740E+01    3.85240E-06   5.10580E-12   1.13610E-11   2.03230E-10  -4.76090E-10   3.17150E-10
  18 <-  1  1.50942E+01    5.61200E-02   1.25560E-03   1.44890E-03   4.67450E-02  -1.06670E-01   7.03790E-02
  19 <-  1  1.51069E+01    2.33550E-05   2.36150E-10   1.46340E-10   8.48950E-09  -1.90880E-08   1.25240E-08
  20 <-  1  1.51389E+01    2.94540E-05   4.53640E-10  -2.01340E-10   1.51340E-08  -3.29010E-08   2.13060E-08
  21 <-  1  1.51700E+01    9.86570E-05   5.97260E-09  -7.14990E-09   1.88180E-07  -3.97770E-07   2.54660E-07
  22 <-  1  1.52002E+01    8.59850E-04   5.18670E-07  -9.02910E-07   1.56470E-05  -3.23210E-05   2.04920E-05
  23 <-  1  1.52124E+01    4.80510E-02   1.69210E-03  -3.22590E-03   5.03970E-02  -1.03330E-01   6.53000E-02
  24 <-  1  1.52295E+01    1.86420E-03   2.70010E-06  -5.71570E-06   7.91010E-05  -1.60580E-04   1.01050E-04
  25 <-  1  1.52575E+01    2.64350E-03   5.76290E-06  -1.34770E-05   1.66630E-04  -3.34770E-04   2.09720E-04
  26 <-  1  1.52834E+01    9.00870E-03   7.53760E-05  -2.01770E-04   2.10480E-03  -4.15170E-03   2.57910E-03
  27 <-  1  1.52996E+01    2.96140E-02   8.18770E-04  -2.22530E-03   2.29310E-02  -4.51670E-02   2.80440E-02
  28 <-  1  1.53143E+01    2.10560E-02   4.06160E-04  -1.09760E-03   1.15020E-02  -2.27020E-02   1.41110E-02
  29 <-  1  1.53367E+01    1.71620E-02   2.33800E-04  -5.61770E-04   7.03630E-03  -1.41580E-02   8.88340E-03
  30 <-  1  1.53584E+01    1.94720E-02   2.21990E-04  -3.45330E-04   7.68080E-03  -1.61140E-02   1.03080E-02
  31 <-  1  1.53791E+01    2.20630E-02   7.22080E-05   5.94730E-04   6.05840E-03  -1.48450E-02   1.01010E-02
  32 <-  1  1.53999E+01    2.37530E-02  -2.60070E-04   2.37560E-03   8.37610E-04  -7.69920E-03   6.60690E-03
  33 <-  1  1.54210E+01    3.26770E-02  -2.36320E-03   1.37380E-02  -3.23860E-02   3.77110E-02  -1.55800E-02
  34 <-  1  1.54422E+01    4.38730E-02  -5.83650E-03   3.25410E-02  -8.69280E-02   1.11860E-01  -5.16330E-02
  35 <-  1  1.54633E+01    4.39820E-02  -5.91290E-03   3.29040E-02  -8.80320E-02   1.13360E-01  -5.23560E-02
  36 <-  1  1.54843E+01    4.35070E-02  -5.78820E-03   3.21770E-02  -8.59960E-02   1.10620E-01  -5.10250E-02
  37 <-  1  1.55052E+01    2.07030E-02  -1.22220E-05   8.32960E-04   4.29820E-03  -1.15700E-02   8.13860E-03
  38 <-  1  1.55258E+01    2.02810E-02  -3.75160E-07   7.34050E-04   4.38280E-03  -1.15170E-02   8.04090E-03
  39 <-  1  1.55463E+01    1.98600E-02   1.06930E-05   6.40870E-04   4.45140E-03  -1.14420E-02   7.93280E-03
  40 <-  1  1.55665E+01    1.94550E-02   1.99130E-05   5.59810E-04   4.49090E-03  -1.13330E-02   7.80960E-03
  41 <-  1  1.55864E+01    1.90460E-02   2.74660E-05   4.88510E-04   4.49670E-03  -1.11730E-02   7.65920E-03
  42 <-  1  1.56061E+01    1.86250E-02   3.41920E-05   4.22090E-04   4.48080E-03  -1.09760E-02   7.48790E-03
  43 <-  1  1.56255E+01    1.82300E-02   3.83870E-05   3.71610E-04   4.42770E-03  -1.07360E-02   7.29900E-03
  44 <-  1  1.56446E+01    1.78470E-02   4.06420E-05   3.32920E-04   4.34260E-03  -1.04550E-02   7.08990E-03
  45 <-  1  1.56634E+01    1.74740E-02   4.00650E-05   3.10210E-04   4.20810E-03  -1.01020E-02   6.84520E-03
  46 <-  1  1.56819E+01    1.71180E-02   3.65160E-05   3.04650E-04   4.02410E-03  -9.68290E-03   6.56730E-03
  47 <-  1  1.57000E+01    1.68140E-02   2.82800E-05   3.26540E-04   3.77130E-03  -9.17820E-03   6.25170E-03
  48 <-  1  1.57179E+01    1.65400E-02   1.74800E-05   3.63700E-04   3.48220E-03  -8.63110E-03   5.91830E-03
  49 <-  1  1.57354E+01    1.63340E-02  -5.57340E-08   4.39210E-04   3.09160E-03  -7.95360E-03   5.52480E-03
  50 <-  1  1.57527E+01    1.62030E-02  -2.81720E-05   5.72030E-04   2.53110E-03  -7.04150E-03   5.01550E-03
  51 <-  1  1.57696E+01    1.63860E-02  -9.55170E-05   9.19080E-04   1.35230E-03  -5.28880E-03   4.09730E-03
  52 <-  1  1.57863E+01    1.64680E-02  -1.47570E-04   1.18390E-03   4.22400E-04  -3.88500E-03   3.35350E-03
  53 <-  1  1.58026E+01    1.61440E-02  -1.45400E-04   1.15480E-03   3.52790E-04  -3.66080E-03   3.18780E-03
  54 <-  1  1.58186E+01    1.58410E-02  -1.45270E-04   1.13760E-03   2.53530E-04  -3.40010E-03   3.00600E-03
  55 <-  1  1.58343E+01    1.55120E-02  -1.40590E-04   1.09670E-03   2.30040E-04  -3.24870E-03   2.88000E-03
  56 <-  1  1.58497E+01    1.52290E-02  -1.40780E-04   1.08320E-03   1.33410E-04  -3.00280E-03   2.71020E-03
  57 <-  1  1.58648E+01    1.48990E-02  -1.34300E-04   1.03430E-03   1.45330E-04  -2.90970E-03   2.61690E-03
  58 <-  1  1.58796E+01    1.45140E-02  -1.21740E-04   9.52870E-04   2.53320E-04  -2.94850E-03   2.58830E-03
  59 <-  1  1.58941E+01    1.37670E-02  -6.80850E-05   6.49840E-04   1.01130E-03  -3.87820E-03   2.99590E-03
  60 <-  1  1.59083E+01    1.27460E-02   1.02230E-05   2.14050E-04   2.15630E-03  -5.33580E-03   3.66080E-03
  61 <-  1  1.59222E+01    1.60340E-02  -3.93370E-04   2.38790E-03  -4.24490E-03   3.45660E-03  -6.52520E-04
  62 <-  1  1.59359E+01    2.26210E-02  -1.43000E-03   7.98660E-03  -2.05350E-02   2.56610E-02  -1.14690E-02
  63 <-  1  1.59493E+01    2.60070E-02  -2.10840E-03   1.16440E-02  -3.11960E-02   4.02030E-02  -1.85570E-02
  64 <-  1  1.59624E+01    2.54960E-02  -2.02770E-03   1.11940E-02  -2.99800E-02   3.86160E-02  -1.78140E-02
  65 <-  1  1.59753E+01    2.49770E-02  -1.94660E-03   1.07430E-02  -2.87570E-02   3.70180E-02  -1.70650E-02
  66 <-  1  1.59878E+01    2.44720E-02  -1.86920E-03   1.03130E-02  -2.75910E-02   3.54980E-02  -1.63530E-02
  67 <-  1  1.60002E+01    1.13020E-02  -2.17860E-05   3.21230E-04   1.15920E-03  -3.39410E-03   2.45790E-03
  68 <-  1  1.60122E+01    1.10230E-02  -1.74480E-05   2.89900E-04   1.16610E-03  -3.33130E-03   2.39530E-03
  69 <-  1  1.60240E+01    1.07450E-02  -1.37700E-05   2.62130E-04   1.16260E-03  -3.25450E-03   2.32590E-03
  70 <-  1  1.60355E+01    1.04350E-02  -1.01810E-05   2.33960E-04   1.15080E-03  -3.15770E-03   2.24300E-03
  71 <-  1  1.60465E+01    9.95390E-03  -6.68700E-06   2.00690E-04   1.09650E-03  -2.95340E-03   2.08570E-03
  DE <-  1  1.60549E+01    1.01890E-01  -2.34570E-02   1.35040E-01  -3.17670E-01   3.79090E-01  -1.64990E-01
